# Matter power spectrum P(k) at redshift z=0
# for k=1.03775e-05 to 8.40488 h/Mpc,
# number of wavenumbers equal to 612
#    1:k (h/Mpc)              2:P (Mpc/h)^3        
       1.037753586731e-05       4.882273039104e+01 
       2.317084389199e-05       1.062681994158e+02 
       3.600852977297e-05       1.628499641775e+02 
       4.892466487517e-05       2.191176481156e+02 
       6.195387649860e-05       2.753920013469e+02 
       7.513165246877e-05       3.319181904549e+02 
       8.849465533977e-05       3.889089508641e+02 
       1.020810503369e-04       4.465623642368e+02 
       1.159308511973e-04       5.050710469475e+02 
       1.300862881004e-04       5.646277761423e+02 
       1.445922018884e-04       6.254294648217e+02 
       1.594964687252e-04       6.876802933869e+02 
       1.748504591816e-04       7.515944260922e+02 
       1.907095353996e-04       8.173985224642e+02 
       2.071335893865e-04       8.853341584334e+02 
       2.241876245035e-04       9.556602512583e+02 
       2.419423806885e-04       1.028655495471e+03 
       2.604750016839e-04       1.104620837218e+03 
       2.798697392814e-04       1.183881962910e+03 
       3.002186850388e-04       1.266791762763e+03 
       3.216225137223e-04       1.353732713944e+03 
       3.441912144981e-04       1.445119035010e+03 
       3.680447752850e-04       1.541398496733e+03 
       3.933137724189e-04       1.643053671313e+03 
       4.201398018510e-04       1.750602330368e+03 
       4.486756699230e-04       1.864596682030e+03 
       4.790852424646e-04       1.985621038114e+03 
       5.115428327527e-04       2.114287410991e+03 
       5.462319953644e-04       2.251228628888e+03 
       5.833435893700e-04       2.397088403100e+03 
       6.230729874019e-04       2.552508024934e+03 
       6.656163443373e-04       2.718109465825e+03 
       7.111659071666e-04       2.894475000459e+03 
       7.599044488025e-04       3.082123872388e+03 
       8.119990386827e-04       3.281487148889e+03 
       8.675945072541e-04       3.492882255044e+03 
       9.268070938714e-04       3.716489437391e+03 
       9.897188545055e-04       3.952332420121e+03 
       1.056373413717e-03       4.200265619936e+03 
       1.126773553971e-03       4.459969711546e+03 
       1.200880947458e-03       4.730956609224e+03 
       1.278618081858e-03       5.012583449064e+03 
       1.359872163689e-03       5.304074792594e+03 
       1.444500558420e-03       5.604550175924e+03 
       1.532337189112e-03       5.913054839818e+03 
       1.623199283010e-03       6.228590306474e+03 
       1.716893917763e-03       6.550143184555e+03 
       1.813223945475e-03       6.876710110635e+03 
       1.911993026160e-03       7.207318220310e+03 
       2.013009649711e-03       7.541040891552e+03 
       2.116090145617e-03       7.877009152843e+03 
       2.221060763528e-03       8.214418334683e+03 
       2.327758955800e-03       8.552532339972e+03 
       2.436034012077e-03       8.890682859089e+03 
       2.545747194051e-03       9.228269150859e+03 
       2.656771504097e-03       9.564755791801e+03 
       2.768991200935e-03       9.899665043028e+03 
       2.882301153343e-03       1.023257801061e+04 
       2.996606102145e-03       1.056312479734e+04 
       3.111819882448e-03       1.089098362772e+04 
       3.227864643160e-03       1.121587249436e+04 
       3.344670088914e-03       1.153754989801e+04 
       3.462172760496e-03       1.185580367074e+04 
       3.580315363164e-03       1.217045478111e+04 
       3.699046147441e-03       1.248134821210e+04 
       3.818318343619e-03       1.278835372519e+04 
       3.938089648986e-03       1.309136075372e+04 
       4.058321765366e-03       1.339027809591e+04 
       4.178979983719e-03       1.368502870468e+04 
       4.300032812148e-03       1.397555321435e+04 
       4.421451643496e-03       1.426180216595e+04 
       4.543210458773e-03       1.454373918193e+04 
       4.665285562809e-03       1.482133828990e+04 
       4.787655348759e-03       1.509454678203e+04 
       4.910300088357e-03       1.536341743651e+04 
       5.033201745074e-03       1.562793649461e+04 
       5.156343807636e-03       1.588802762709e+04 
       5.279711141591e-03       1.614380251352e+04 
       5.403289856894e-03       1.639519373129e+04 
       5.527067189672e-03       1.664226937023e+04 
       5.651031396558e-03       1.688505449788e+04 
       5.775171660174e-03       1.712353510370e+04 
       5.899478004477e-03       1.735773274836e+04 
       6.023941218876e-03       1.758766043512e+04 
       6.148552790116e-03       1.781336529136e+04 
       6.273304841075e-03       1.803490168166e+04 
       6.398190075697e-03       1.825227731178e+04 
       6.523201729393e-03       1.846553052193e+04 
       6.648333524304e-03       1.867468882285e+04 
       6.773579628916e-03       1.887981742821e+04 
       6.898934621535e-03       1.908092391380e+04 
       7.024393457243e-03       1.927804022063e+04 
       7.149951437938e-03       1.947121915020e+04 
       7.275604185160e-03       1.966048467967e+04 
       7.401347615404e-03       1.984591993825e+04 
       7.527177917669e-03       2.002750707597e+04 
       7.653091533021e-03       2.020531604316e+04 
       7.779085135954e-03       2.037938677064e+04 
       7.905155617401e-03       2.054974236576e+04 
       8.031300069197e-03       2.071644053256e+04 
       8.157515769880e-03       2.087950066991e+04 
       8.283800171699e-03       2.103898059748e+04 
       8.410150888697e-03       2.119491925420e+04 
       8.536565685789e-03       2.134734365413e+04 
       8.663042468739e-03       2.149628443264e+04 
       8.789579274937e-03       2.164179089512e+04 
       8.916174264926e-03       2.178393190794e+04 
       9.042825714603e-03       2.192272186691e+04 
       9.169532008023e-03       2.205819112127e+04 
       9.296291630779e-03       2.219038657761e+04 
       9.423103163876e-03       2.231934467304e+04 
       9.549965278086e-03       2.244510504756e+04 
       9.676876728728e-03       2.256769023581e+04 
       9.803836350835e-03       2.268714956781e+04 
       9.930843054686e-03       2.280351077771e+04 
       1.005789582167e-02       2.291681938649e+04 
       1.018499370044e-02       2.302710220372e+04 
       1.031213580338e-02       2.313438580300e+04 
       1.043932130328e-02       2.323872880888e+04 
       1.056654943028e-02       2.334014311633e+04 
       1.069381946905e-02       2.343867156862e+04 
       1.082113075611e-02       2.353434376487e+04 
       1.094848267742e-02       2.362719827005e+04 
       1.107587466605e-02       2.371726009538e+04 
       1.120330620011e-02       2.380458192759e+04 
       1.133077680074e-02       2.388917165498e+04 
       1.145828603027e-02       2.397107319784e+04 
       1.158583349056e-02       2.405032141240e+04 
       1.171341882136e-02       2.412694497355e+04 
       1.184104169885e-02       2.420097305017e+04 
       1.196870183429e-02       2.427243648287e+04 
       1.209639897269e-02       2.434136733450e+04 
       1.222413289166e-02       2.440779292844e+04 
       1.235190340032e-02       2.447174967675e+04 
       1.247971033822e-02       2.453326082567e+04 
       1.260755357441e-02       2.459236391724e+04 
       1.273543300660e-02       2.464907220402e+04 
       1.286334856026e-02       2.470342914589e+04 
       1.299130018793e-02       2.475545811697e+04 
       1.311928786847e-02       2.480519016245e+04 
       1.324731160645e-02       2.485265230657e+04 
       1.337537143153e-02       2.489787234522e+04 
       1.350346739789e-02       2.494088458398e+04 
       1.363159958379e-02       2.498171398944e+04 
       1.375976809101e-02       2.502038642786e+04 
       1.388797304454e-02       2.505692499108e+04 
       1.401621459210e-02       2.509134358511e+04 
       1.414449290385e-02       2.512369753936e+04 
       1.427280817204e-02       2.515399171729e+04 
       1.440116061077e-02       2.518225775809e+04 
       1.452955045569e-02       2.520852586903e+04 
       1.465797796384e-02       2.523282211121e+04 
       1.478644341340e-02       2.525515989610e+04 
       1.491494710358e-02       2.527556519377e+04 
       1.504348935445e-02       2.529408609457e+04 
       1.517207050682e-02       2.531071294459e+04 
       1.530069092219e-02       2.532549487218e+04 
       1.542935098266e-02       2.533845517385e+04 
       1.555805109091e-02       2.534960871710e+04 
       1.568679167014e-02       2.535898033106e+04 
       1.581557316411e-02       2.536660095483e+04 
       1.594439603715e-02       2.537248539910e+04 
       1.607326077421e-02       2.537666585345e+04 
       1.620216788092e-02       2.537915817221e+04 
       1.633111788364e-02       2.537998892543e+04 
       1.646011132963e-02       2.537918242718e+04 
       1.658914878708e-02       2.537676113511e+04 
       1.671823084532e-02       2.537273858894e+04 
       1.684735811496e-02       2.536715703399e+04 
       1.697653122801e-02       2.536001387397e+04 
       1.710575083814e-02       2.535134725499e+04 
       1.723501762082e-02       2.534117587861e+04 
       1.736433227362e-02       2.532951061595e+04 
       1.749369551637e-02       2.531639212336e+04 
       1.762310809145e-02       2.530183590571e+04 
       1.775257076409e-02       2.528582710539e+04 
       1.788208432261e-02       2.526847569219e+04 
       1.801164957875e-02       2.524971776919e+04 
       1.814126736801e-02       2.522959659798e+04 
       1.827093854994e-02       2.520815112091e+04 
       1.840066400855e-02       2.518537137931e+04 
       1.853044465265e-02       2.516131226154e+04 
       1.866028141625e-02       2.513595824231e+04 
       1.879017525896e-02       2.510935891924e+04 
       1.892012716642e-02       2.508153146709e+04 
       1.905013815075e-02       2.505246065603e+04 
       1.918020925098e-02       2.502220381025e+04 
       1.931034153355e-02       2.499076946861e+04 
       1.944053609281e-02       2.495817684456e+04 
       1.957079405152e-02       2.492445143219e+04 
       1.970111656137e-02       2.488959864806e+04 
       1.983150480357e-02       2.485363663580e+04 
       1.996195998938e-02       2.481662367030e+04 
       2.009248336072e-02       2.477851706834e+04 
       2.022307619079e-02       2.473934891185e+04 
       2.035373978468e-02       2.469917905521e+04 
       2.048447548003e-02       2.465798387758e+04 
       2.061528464772e-02       2.461580734718e+04 
       2.074616869253e-02       2.457264238036e+04 
       2.087712905390e-02       2.452852327963e+04 
       2.100816720665e-02       2.448346976841e+04 
       2.113928466175e-02       2.443750341008e+04 
       2.127048296710e-02       2.439064183686e+04 
       2.140176370838e-02       2.434284906364e+04 
       2.153312850985e-02       2.429420164999e+04 
       2.166457903523e-02       2.424471492707e+04 
       2.179611698861e-02       2.419436871281e+04 
       2.192774411538e-02       2.414320303411e+04 
       2.205946220314e-02       2.409120555442e+04 
       2.219127308273e-02       2.403849935356e+04 
       2.232317862922e-02       2.398494481891e+04 
       2.245518076294e-02       2.393065777300e+04 
       2.258728145060e-02       2.387562716621e+04 
       2.271948270637e-02       2.381985832697e+04 
       2.285178659302e-02       2.376339685604e+04 
       2.298419522313e-02       2.370625262292e+04 
       2.311671076028e-02       2.364838348021e+04 
       2.324933542034e-02       2.358986585385e+04 
       2.338207147273e-02       2.353066264430e+04 
       2.351492124179e-02       2.347085774165e+04 
       2.364788710815e-02       2.341046563222e+04 
       2.378097151015e-02       2.334935779217e+04 
       2.391417694530e-02       2.328778946127e+04 
       2.404750597184e-02       2.322559659679e+04 
       2.418096121025e-02       2.316282021285e+04 
       2.431454534491e-02       2.309952492168e+04 
       2.444826112575e-02       2.303562462096e+04 
       2.458211136999e-02       2.297121784332e+04 
       2.471609896389e-02       2.290636192766e+04 
       2.485022686461e-02       2.284095000731e+04 
       2.498449810213e-02       2.277507294719e+04 
       2.511891578116e-02       2.270871155907e+04 
       2.525348308322e-02       2.264185565702e+04 
       2.538820326870e-02       2.257461282592e+04 
       2.552307967905e-02       2.250694815491e+04 
       2.565811573900e-02       2.243879908621e+04 
       2.579331495892e-02       2.237029291761e+04 
       2.592868093716e-02       2.230132629756e+04 
       2.606421736255e-02       2.223204124734e+04 
       2.619992801699e-02       2.216228226895e+04 
       2.633581677808e-02       2.209226599013e+04 
       2.647188762187e-02       2.202185792134e+04 
       2.660814462573e-02       2.195111341761e+04 
       2.674459197124e-02       2.188002232221e+04 
       2.688123394733e-02       2.180857194775e+04 
       2.701807495336e-02       2.173687398756e+04 
       2.715511950246e-02       2.166487938952e+04 
       2.729237222486e-02       2.159252984493e+04 
       2.742983787152e-02       2.151998047172e+04 
       2.756752131765e-02       2.144708982723e+04 
       2.770542756664e-02       2.137402687658e+04 
       2.784356175388e-02       2.130064913598e+04 
       2.798192915090e-02       2.122702406216e+04 
       2.812053516960e-02       2.115322492464e+04 
       2.825938536667e-02       2.107913911710e+04 
       2.839848544813e-02       2.100493826194e+04 
       2.853784127408e-02       2.093040644664e+04 
       2.867745886370e-02       2.085578129994e+04 
       2.881734440030e-02       2.078094076376e+04 
       2.895750423673e-02       2.070593458488e+04 
       2.909794490090e-02       2.063072492450e+04 
       2.923867310159e-02       2.055538608145e+04 
       2.937969573444e-02       2.047989319537e+04 
       2.952101988823e-02       2.040419421056e+04 
       2.966265285143e-02       2.032843764993e+04 
       2.980460211896e-02       2.025251931256e+04 
       2.994687539935e-02       2.017649373033e+04 
       3.008948062206e-02       2.010034503753e+04 
       3.023242594525e-02       2.002409390847e+04 
       3.037571976380e-02       1.994777064974e+04 
       3.051937071775e-02       1.987127678218e+04 
       3.066338770103e-02       1.979474766932e+04 
       3.080777987064e-02       1.971812673319e+04 
       3.095255665627e-02       1.964144197082e+04 
       3.109772777027e-02       1.956470484148e+04 
       3.124330321812e-02       1.948787596493e+04 
       3.138929330946e-02       1.941100923721e+04 
       3.153570866946e-02       1.933407750613e+04 
       3.168256025093e-02       1.925708410323e+04 
       3.182985934684e-02       1.918006107281e+04 
       3.197761760356e-02       1.910304403927e+04 
       3.212584703463e-02       1.902595375452e+04 
       3.227456003534e-02       1.894890265641e+04 
       3.242376939791e-02       1.887173524120e+04 
       3.257348832749e-02       1.879464632329e+04 
       3.272373045899e-02       1.871748130363e+04 
       3.287450987465e-02       1.864031604528e+04 
       3.302584112270e-02       1.856316796943e+04 
       3.317773923683e-02       1.848605944040e+04 
       3.333021975676e-02       1.840891088133e+04 
       3.348329874987e-02       1.833172551234e+04 
       3.363699283405e-02       1.825461524599e+04 
       3.379131920172e-02       1.817755964385e+04 
       3.394629564520e-02       1.810051207958e+04 
       3.410194058352e-02       1.802340432014e+04 
       3.425827309062e-02       1.794640489038e+04 
       3.441531292533e-02       1.786938082243e+04 
       3.457308056288e-02       1.779241465774e+04 
       3.473159722837e-02       1.771551619137e+04 
       3.489088493217e-02       1.763859228341e+04 
       3.505096650737e-02       1.756170328282e+04 
       3.521186564953e-02       1.748491472606e+04 
       3.537360695885e-02       1.740817097707e+04 
       3.553621598491e-02       1.733138575475e+04 
       3.569971927417e-02       1.725475005968e+04 
       3.586414442053e-02       1.717808637495e+04 
       3.602952011906e-02       1.710148480550e+04 
       3.619587622319e-02       1.702495730185e+04 
       3.636324380571e-02       1.694846953417e+04 
       3.653165522373e-02       1.687197134554e+04 
       3.670114418802e-02       1.679561294396e+04 
       3.687174583710e-02       1.671924054647e+04 
       3.704349681641e-02       1.664297112242e+04 
       3.721643536296e-02       1.656673983363e+04 
       3.739060139604e-02       1.649054231784e+04 
       3.756603661440e-02       1.641435891091e+04 
       3.774278460051e-02       1.633826819833e+04 
       3.792089093245e-02       1.626218732667e+04 
       3.810040330429e-02       1.618612893773e+04 
       3.828137165548e-02       1.611017577464e+04 
       3.846384831029e-02       1.603420103848e+04 
       3.864788812809e-02       1.595828896453e+04 
       3.883354866560e-02       1.588240338055e+04 
       3.902089035218e-02       1.580651954058e+04 
       3.920997667948e-02       1.573074654721e+04 
       3.940087440681e-02       1.565493761818e+04 
       3.959365378390e-02       1.557912283717e+04 
       3.978838879273e-02       1.550337026974e+04 
       3.998515741050e-02       1.542759227208e+04 
       4.018404189582e-02       1.535180847976e+04 
       4.038512910084e-02       1.527606514445e+04 
       4.058851081189e-02       1.520028096672e+04 
       4.079428412199e-02       1.512447310284e+04 
       4.100255183872e-02       1.504865433355e+04 
       4.121342293152e-02       1.497279703616e+04 
       4.142701302308e-02       1.489695204110e+04 
       4.164344493002e-02       1.482103243268e+04 
       4.186284925880e-02       1.474500133760e+04 
       4.208536506383e-02       1.466897417407e+04 
       4.231114057541e-02       1.459282863339e+04 
       4.254033400664e-02       1.451659336984e+04 
       4.277311444947e-02       1.444028387476e+04 
       4.300966287206e-02       1.436389405019e+04 
       4.325017323089e-02       1.428730286035e+04 
       4.349485371395e-02       1.421057782656e+04 
       4.374392813341e-02       1.413371396489e+04 
       4.399763748962e-02       1.405666735385e+04 
       4.425624173174e-02       1.397948619104e+04 
       4.452002174492e-02       1.390204098184e+04 
       4.478928159928e-02       1.382434663960e+04 
       4.506435110203e-02       1.374639014845e+04 
       4.534558870225e-02       1.366817868348e+04 
       4.563338480690e-02       1.358963784670e+04 
       4.592816557817e-02       1.351079518418e+04 
       4.623039729638e-02       1.343157686807e+04 
       4.654059138959e-02       1.335193264454e+04 
       4.685931025230e-02       1.327183589754e+04 
       4.718717400210e-02       1.319132353571e+04 
       4.752486835523e-02       1.311029572096e+04 
       4.787315384305e-02       1.302858684677e+04 
       4.823287664224e-02       1.294633271386e+04 
       4.860498135565e-02       1.286335198697e+04 
       4.899052616195e-02       1.277961197447e+04 
       4.939070085453e-02       1.269501581936e+04 
       4.980684842114e-02       1.260953120314e+04 
       5.024049098157e-02       1.252301484824e+04 
       5.069336111285e-02       1.243534821253e+04 
       5.116743986143e-02       1.234641020137e+04 
       5.166500308450e-02       1.225601447622e+04 
       5.218867819454e-02       1.216404470011e+04 
       5.274151391842e-02       1.207022358265e+04 
       5.332706633343e-02       1.197431319985e+04 
       5.394950519984e-02       1.187594718318e+04 
       5.461374541545e-02       1.177481453684e+04 
       5.532560911936e-02       1.167037765587e+04 
       5.609202420756e-02       1.156199540674e+04 
       5.692126402615e-02       1.144891484638e+04 
       5.782322923913e-02       1.133007311214e+04 
       5.880976339505e-02       1.120410523314e+04 
       5.989497330054e-02       1.106920430471e+04 
       6.109548546288e-02       1.092287616897e+04 
       6.243049930967e-02       1.076189831579e+04 
       6.392138877240e-02       1.058190458417e+04 
       6.559047336263e-02       1.037739210251e+04 
       6.745851893949e-02       1.014149924040e+04 
       6.954075788555e-02       9.866826967949e+03 
       7.184202224558e-02       9.546689359661e+03 
       7.435287385712e-02       9.177383088201e+03 
       7.704930980327e-02       8.760694526328e+03 
       7.989719965710e-02       8.305305942655e+03 
       8.285953673038e-02       7.826106929664e+03 
       8.590288805322e-02       7.341704597443e+03 
       8.900076101152e-02       6.871126054921e+03 
       9.213402023056e-02       6.431002856103e+03 
       9.528968971968e-02       6.033711063495e+03 
       9.845932794857e-02       5.686696341586e+03 
       1.016375871127e-01       5.392428679400e+03 
       1.048211351953e-01       5.149112605115e+03 
       1.080079173338e-01       4.951447642297e+03 
       1.111966741660e-01       4.791632756275e+03 
       1.143866367212e-01       4.660314536017e+03 
       1.175773364460e-01       4.547495947413e+03 
       1.207684881326e-01       4.443404288191e+03 
       1.239599182206e-01       4.339371337963e+03 
       1.271515210505e-01       4.228548187218e+03 
       1.303432322309e-01       4.106397841482e+03 
       1.335350124476e-01       3.970981674994e+03 
       1.367268376261e-01       3.822852361272e+03 
       1.399186929585e-01       3.664676164836e+03 
       1.431105692756e-01       3.500631250386e+03 
       1.463024608452e-01       3.335694380829e+03 
       1.494943640333e-01       3.174950320070e+03 
       1.526862764919e-01       3.022983202056e+03 
       1.558781966641e-01       2.883443808248e+03 
       1.590701234833e-01       2.758790138745e+03 
       1.622620561896e-01       2.650176287888e+03 
       1.654539942175e-01       2.557519217244e+03 
       1.686459371274e-01       2.479631213481e+03 
       1.718378845626e-01       2.414447307041e+03 
       1.750298362235e-01       2.359295940142e+03 
       1.782217918506e-01       2.311176034148e+03 
       1.814137512144e-01       2.267086336660e+03 
       1.846057141080e-01       2.224738648608e+03 
       1.877976803433e-01       2.181030788932e+03 
       1.909896497470e-01       2.134122703387e+03 
       1.941816221592e-01       2.082916644554e+03 
       1.973735974311e-01       2.027157088676e+03 
       2.005655754243e-01       1.967317157316e+03 
       2.037575560093e-01       1.904505249935e+03 
       2.069495390649e-01       1.840194049055e+03 
       2.101415244775e-01       1.776011252775e+03 
       2.133335121403e-01       1.713514118183e+03 
       2.165255019531e-01       1.654047864556e+03 
       2.197174938213e-01       1.598650429039e+03 
       2.229094876561e-01       1.548014495896e+03 
       2.261014833736e-01       1.502489319732e+03 
       2.292934808946e-01       1.462073227818e+03 
       2.324854801443e-01       1.426454888420e+03 
       2.356774810519e-01       1.395046030339e+03 
       2.388694835506e-01       1.367038051320e+03 
       2.420614875770e-01       1.341501071970e+03 
       2.452534930711e-01       1.317457141263e+03 
       2.484454999759e-01       1.294008686925e+03 
       2.516375082374e-01       1.270393130089e+03 
       2.548295178044e-01       1.246050686863e+03 
       2.580215286280e-01       1.220649594628e+03 
       2.612135406619e-01       1.194059592897e+03 
       2.644055538621e-01       1.166367151870e+03 
       2.675975681866e-01       1.137823415445e+03 
       2.707895835952e-01       1.108811933868e+03 
       2.739816000501e-01       1.079800976469e+03 
       2.771736175147e-01       1.051286426936e+03 
       2.803656359544e-01       1.023751472486e+03 
       2.835576553361e-01       9.975943524731e+02 
       2.867496756282e-01       9.730933680370e+02 
       2.899416968004e-01       9.503930855864e+02 
       2.931337188238e-01       9.295065725145e+02 
       2.963257416708e-01       9.103226346528e+02 
       2.995177653149e-01       8.926537270255e+02 
       3.027097897307e-01       8.762444379827e+02 
       3.059018148940e-01       8.608157675455e+02 
       3.090938407815e-01       8.460816634856e+02 
       3.122858673709e-01       8.317647789421e+02 
       3.154778946407e-01       8.176091090260e+02 
       3.186699225704e-01       8.034188401415e+02 
       3.218619511403e-01       7.890528444960e+02 
       3.250539803314e-01       7.744449837913e+02 
       3.282460101255e-01       7.596061525714e+02 
       3.314380405052e-01       7.446055646512e+02 
       3.346300714535e-01       7.295576050643e+02 
       3.378221029543e-01       7.146039708263e+02 
       3.410141349920e-01       6.998832160264e+02 
       3.442061675515e-01       6.855292436969e+02 
       3.473982006185e-01       6.716516053065e+02 
       3.505902341791e-01       6.583435517019e+02 
       3.537822682197e-01       6.456637012738e+02 
       3.569743027274e-01       6.336452528451e+02 
       3.601663376899e-01       6.222777819643e+02 
       3.633583730950e-01       6.115155538139e+02 
       3.665504089311e-01       6.012904060929e+02 
       3.697424451870e-01       5.915065343686e+02 
       3.729344818520e-01       5.820614059194e+02 
       3.761265189154e-01       5.728592160849e+02 
       3.793185563673e-01       5.638225439083e+02 
       3.825105941979e-01       5.548906760038e+02 
       3.857026323977e-01       5.460193368538e+02 
       3.888946709576e-01       5.371849324434e+02 
       3.920867098688e-01       5.283819664466e+02 
       3.952787491227e-01       5.196113613989e+02 
       3.984707887111e-01       5.108982230482e+02 
       4.016628286259e-01       5.022665924461e+02 
       4.048548688594e-01       4.937590563513e+02 
       4.080469094041e-01       4.854171568845e+02 
       4.112389502527e-01       4.772782208011e+02 
       4.144309913982e-01       4.693696167174e+02 
       4.176230328337e-01       4.617103638034e+02 
       4.208150745526e-01       4.543049123210e+02 
       4.240071165485e-01       4.471478998974e+02 
       4.271991588152e-01       4.402311869496e+02 
       4.303912013465e-01       4.335439176626e+02 
       4.335832441367e-01       4.270689793039e+02 
       4.367752871801e-01       4.207874472102e+02 
       4.399673304711e-01       4.146700232789e+02 
       4.431593740043e-01       4.086965388675e+02 
       4.463514177745e-01       4.028339662442e+02 
       4.495434617767e-01       3.970645770664e+02 
       4.527355060059e-01       3.913662687437e+02 
       4.559275504574e-01       3.857338290647e+02 
       4.591195951265e-01       3.801625793301e+02 
       4.623116400086e-01       3.746548564415e+02 
       4.655036850994e-01       3.692145380225e+02 
       4.686957303947e-01       3.638507490634e+02 
       4.718877758901e-01       3.585688404615e+02 
       4.750798215818e-01       3.533776875506e+02 
       4.782718674657e-01       3.482878988619e+02 
       4.814639135380e-01       3.433089096997e+02 
       4.846559597950e-01       3.384518333757e+02 
       4.878480062331e-01       3.337221637015e+02 
       4.910400528486e-01       3.291173746629e+02 
       4.942320996382e-01       3.246359353838e+02 
       4.974241465984e-01       3.202685378567e+02 
       5.006161937261e-01       3.160036629667e+02 
       5.038082410180e-01       3.118294138137e+02 
       5.070002884710e-01       3.077396720604e+02 
       5.101923360821e-01       3.037261859735e+02 
       5.133843838483e-01       2.997810947292e+02 
       5.165764317667e-01       2.958973101721e+02 
       5.197684798346e-01       2.920704146811e+02 
       5.229605280491e-01       2.882955630943e+02 
       5.261525764076e-01       2.845695560270e+02 
       5.293446249075e-01       2.808931525030e+02 
       5.325366735462e-01       2.772698336981e+02 
       5.357287223213e-01       2.737046939244e+02 
       5.389207712303e-01       2.702000315672e+02 
       5.421128202708e-01       2.667606464222e+02 
       5.453048694406e-01       2.633858178534e+02 
       5.484969187373e-01       2.600747761833e+02 
       5.516889681588e-01       2.568257364563e+02 
       5.548810177028e-01       2.536407996805e+02 
       5.580730673674e-01       2.505161441496e+02 
       5.612651171504e-01       2.474536786863e+02 
       5.644571670498e-01       2.444522969818e+02 
       5.676492170636e-01       2.415083439513e+02 
       5.708412671899e-01       2.386180214625e+02 
       5.740333174269e-01       2.357775022715e+02 
       5.772253677726e-01       2.329825018189e+02 
       5.804174182254e-01       2.302309727531e+02 
       5.836094687834e-01       2.275211257775e+02 
       5.868015194448e-01       2.248526461787e+02 
       5.899935702082e-01       2.222252344702e+02 
       5.931856210716e-01       2.196383369158e+02 
       5.963776720337e-01       2.170894807261e+02 
       5.995697230927e-01       2.145787916308e+02 
       6.027617742472e-01       2.121028037437e+02 
       6.059538254956e-01       2.096631622937e+02 
       6.091458768364e-01       2.072624125012e+02 
       6.123379282683e-01       2.049002055773e+02 
       6.155299797897e-01       2.025792150100e+02 
       6.187220313993e-01       2.002971289581e+02 
       6.219140830958e-01       1.980547465971e+02 
       6.251061348777e-01       1.958483644617e+02 
       6.282981867438e-01       1.936785082536e+02 
       6.314902386928e-01       1.915418284549e+02 
       6.346822907235e-01       1.894408220997e+02 
       6.378743428346e-01       1.873727238979e+02 
       6.410663950249e-01       1.853375674308e+02 
       6.442584472933e-01       1.833349620895e+02 
       6.474504996385e-01       1.813615142471e+02 
       6.506425520595e-01       1.794167444475e+02 
       6.538346045552e-01       1.774985874731e+02 
       6.570266571243e-01       1.756063472123e+02 
       6.602187097660e-01       1.737412746553e+02 
       6.634107624791e-01       1.719029412373e+02 
       6.666028152625e-01       1.700927999274e+02 
       6.697948681154e-01       1.683082520879e+02 
       6.729869210367e-01       1.665501726692e+02 
       6.761789740254e-01       1.648172118319e+02 
       6.793710270805e-01       1.631086562200e+02 
       6.825630802013e-01       1.614237551108e+02 
       6.857551333866e-01       1.597634188281e+02 
       6.889471866357e-01       1.581283716635e+02 
       6.921392399476e-01       1.565187872767e+02 
       6.953312933214e-01       1.549322843260e+02 
       6.985233467564e-01       1.533698415571e+02 
       7.017154002517e-01       1.518289117746e+02 
       7.049074538065e-01       1.503088754110e+02 
       7.080995074199e-01       1.488099627443e+02 
       7.112915610911e-01       1.473312155895e+02 
       7.144836148195e-01       1.458742355308e+02 
       7.176756686042e-01       1.444364149519e+02 
       7.208677224445e-01       1.430202970500e+02 
       7.240597763396e-01       1.416217852425e+02 
       7.272518302888e-01       1.402423089854e+02 
       7.304438842914e-01       1.388812557535e+02 
       7.336359383467e-01       1.375362746930e+02 
       7.368279924541e-01       1.362106405508e+02 
       7.400200466128e-01       1.349018200491e+02 
       7.432121008222e-01       1.336122803544e+02 
       7.464041550816e-01       1.323394211660e+02 
       7.495962093904e-01       1.310847369351e+02 
       8.192221488201e-01       1.073852442365e+02 
       9.200575625182e-01       8.251490661259e+01 
       1.080439764736e+00       5.702083468382e+01 
       1.333792774451e+00       3.484286376538e+01 
       1.677021741586e+00       2.020565106678e+01 
       2.111209522821e+00       1.157848237256e+01 
       2.657855202212e+00       6.581022273480e+00 
       3.346041454883e+00       3.713168479828e+00 
       4.212416616468e+00       2.081010500748e+00 
       5.303118323536e+00       1.159248497730e+00 
       6.676230419251e+00       6.421768731046e-01 
       8.404876129788e+00       3.538992802855e-01 
