# Matter power spectrum P(k) at redshift z=0
# for k=1.03775e-05 to 8.40488 h/Mpc,
# number of wavenumbers equal to 612
#    1:k (h/Mpc)              2:P (Mpc/h)^3        
       1.037753586731e-05       4.882309718595e+01 
       2.317084389199e-05       1.062689901697e+02 
       3.600852977297e-05       1.628511553367e+02 
       4.892466487517e-05       2.191192107770e+02 
       6.195387649860e-05       2.753938990336e+02 
       7.513165246877e-05       3.319203777532e+02 
       8.849465533977e-05       3.889113720803e+02 
       1.020810503369e-04       4.465649518500e+02 
       1.159308511973e-04       5.050737197476e+02 
       1.300862881004e-04       5.646304369613e+02 
       1.445922018884e-04       6.254319977637e+02 
       1.594964687252e-04       6.876825604455e+02 
       1.748504591816e-04       7.515962630204e+02 
       1.907095353996e-04       8.173997337316e+02 
       2.071335893865e-04       8.853345110626e+02 
       2.241876245035e-04       9.556594672856e+02 
       2.419423806885e-04       1.028653242713e+03 
       2.604750016839e-04       1.104616717954e+03 
       2.798697392814e-04       1.183875499979e+03 
       3.002186850388e-04       1.266782382490e+03 
       3.216225137223e-04       1.353719725139e+03 
       3.441912144981e-04       1.445101603144e+03 
       3.680447752850e-04       1.541375612188e+03 
       3.933137724189e-04       1.643024110389e+03 
       4.201398018510e-04       1.750564607500e+03 
       4.486756699230e-04       1.864548991410e+03 
       4.790852424646e-04       1.985561182695e+03 
       5.115428327527e-04       2.114212716664e+03 
       5.462319953644e-04       2.251135841581e+03 
       5.833435893700e-04       2.396973566668e+03 
       6.230729874019e-04       2.552366338152e+03 
       6.656163443373e-04       2.717935117596e+03 
       7.111659071666e-04       2.894260983809e+03 
       7.599044488025e-04       3.081861779649e+03 
       8.119990386827e-04       3.281166953189e+03 
       8.675945072541e-04       3.492492086153e+03 
       9.268070938714e-04       3.716015363222e+03 
       9.897188545055e-04       3.951758248046e+03 
       1.056373413717e-03       4.199572734177e+03 
       1.126773553971e-03       4.459136963088e+03 
       1.200880947458e-03       4.729960273549e+03 
       1.278618081858e-03       5.011397263099e+03 
       1.359872163689e-03       5.302670076873e+03 
       1.444500558420e-03       5.602896041432e+03 
       1.532337189112e-03       5.911118471925e+03 
       1.623199283010e-03       6.226337312276e+03 
       1.716893917763e-03       6.547537984946e+03 
       1.813223945475e-03       6.873716355775e+03 
       1.911993026160e-03       7.203899206475e+03 
       2.013009649711e-03       7.537159958406e+03 
       2.116090145617e-03       7.872630043317e+03 
       2.221060763528e-03       8.209505504107e+03 
       2.327758955800e-03       8.547051204616e+03 
       2.436034012077e-03       8.884599982001e+03 
       2.545747194051e-03       9.221552363197e+03 
       2.656771504097e-03       9.557374255471e+03 
       2.768991200935e-03       9.891589263899e+03 
       2.882301153343e-03       1.022377980709e+04 
       2.996606102145e-03       1.055357724177e+04 
       3.111819882448e-03       1.088066096494e+04 
       3.227864643160e-03       1.120475005453e+04 
       3.344670088914e-03       1.152560400391e+04 
       3.462172760496e-03       1.184301156005e+04 
       3.580315363164e-03       1.215679453222e+04 
       3.699046147441e-03       1.246679869352e+04 
       3.818318343619e-03       1.277289455609e+04 
       3.938089648986e-03       1.307497228523e+04 
       4.058321765366e-03       1.337294140384e+04 
       4.178979983719e-03       1.366672559847e+04 
       4.300032812148e-03       1.395626624680e+04 
       4.421451643496e-03       1.424151465569e+04 
       4.543210458773e-03       1.452243522946e+04 
       4.665285562809e-03       1.479900279274e+04 
       4.787655348759e-03       1.507116555831e+04 
       4.910300088357e-03       1.533897690835e+04 
       5.033201745074e-03       1.560242392590e+04 
       5.156343807636e-03       1.586143118870e+04 
       5.279711141591e-03       1.611611107363e+04 
       5.403289856894e-03       1.636639695673e+04 
       5.527067189672e-03       1.661235755770e+04 
       5.651031396558e-03       1.685401862473e+04 
       5.775171660174e-03       1.709136680448e+04 
       5.899478004477e-03       1.732442433534e+04 
       6.023941218876e-03       1.755320481436e+04 
       6.148552790116e-03       1.777775591920e+04 
       6.273304841075e-03       1.799813259496e+04 
       6.398190075697e-03       1.821434320216e+04 
       6.523201729393e-03       1.842642670775e+04 
       6.648333524304e-03       1.863441128241e+04 
       6.773579628916e-03       1.883836277219e+04 
       6.898934621535e-03       1.903828953147e+04 
       7.024393457243e-03       1.923422424725e+04 
       7.149951437938e-03       1.942622046836e+04 
       7.275604185160e-03       1.961430296293e+04 
       7.401347615404e-03       1.979855554585e+04 
       7.527177917669e-03       1.997896123881e+04 
       7.653091533021e-03       2.015559062712e+04 
       7.779085135954e-03       2.032848428789e+04 
       7.905155617401e-03       2.049766596116e+04 
       8.031300069197e-03       2.066319385653e+04 
       8.157515769880e-03       2.082508786908e+04 
       8.283800171699e-03       2.098340609552e+04 
       8.410150888697e-03       2.113818781898e+04 
       8.536565685789e-03       2.128946057521e+04 
       8.663042468739e-03       2.143725335689e+04 
       8.789579274937e-03       2.158161581834e+04 
       8.916174264926e-03       2.172261709756e+04 
       9.042825714603e-03       2.186027198696e+04 
       9.169532008023e-03       2.199461117303e+04 
       9.296291630779e-03       2.212568182856e+04 
       9.423103163876e-03       2.225352076905e+04 
       9.549965278086e-03       2.237816792979e+04 
       9.676876728728e-03       2.249964625831e+04 
       9.803836350835e-03       2.261800544883e+04 
       9.930843054686e-03       2.273327367390e+04 
       1.005789582167e-02       2.284549681153e+04 
       1.018499370044e-02       2.295470214163e+04 
       1.031213580338e-02       2.306091666997e+04 
       1.043932130328e-02       2.316419934440e+04 
       1.056654943028e-02       2.326456250925e+04 
       1.069381946905e-02       2.336204932424e+04 
       1.082113075611e-02       2.345668970146e+04 
       1.094848267742e-02       2.354852244346e+04 
       1.107587466605e-02       2.363757279515e+04 
       1.120330620011e-02       2.372389352403e+04 
       1.133077680074e-02       2.380749271070e+04 
       1.145828603027e-02       2.388841428789e+04 
       1.158583349056e-02       2.396669312704e+04 
       1.171341882136e-02       2.404235788159e+04 
       1.184104169885e-02       2.411543769175e+04 
       1.196870183429e-02       2.418596332824e+04 
       1.209639897269e-02       2.425396676339e+04 
       1.222413289166e-02       2.431947524071e+04 
       1.235190340032e-02       2.438252506031e+04 
       1.247971033822e-02       2.444313940677e+04 
       1.260755357441e-02       2.450135570989e+04 
       1.273543300660e-02       2.455718720970e+04 
       1.286334856026e-02       2.461067725470e+04 
       1.299130018793e-02       2.466184919045e+04 
       1.311928786847e-02       2.471073401042e+04 
       1.324731160645e-02       2.475735871809e+04 
       1.337537143153e-02       2.480175108353e+04 
       1.350346739789e-02       2.484394537226e+04 
       1.363159958379e-02       2.488396654353e+04 
       1.375976809101e-02       2.492184045871e+04 
       1.388797304454e-02       2.495759021175e+04 
       1.401621459210e-02       2.499122974527e+04 
       1.414449290385e-02       2.502281425969e+04 
       1.427280817204e-02       2.505234868724e+04 
       1.440116061077e-02       2.507986462759e+04 
       1.452955045569e-02       2.510539225197e+04 
       1.465797796384e-02       2.512895760210e+04 
       1.478644341340e-02       2.515057412355e+04 
       1.491494710358e-02       2.517026777169e+04 
       1.504348935445e-02       2.518808653277e+04 
       1.517207050682e-02       2.520402089469e+04 
       1.530069092219e-02       2.521811988662e+04 
       1.542935098266e-02       2.523040681921e+04 
       1.555805109091e-02       2.524089661626e+04 
       1.568679167014e-02       2.524961412596e+04 
       1.581557316411e-02       2.525659028458e+04 
       1.594439603715e-02       2.526183997304e+04 
       1.607326077421e-02       2.526539537816e+04 
       1.620216788092e-02       2.526727242388e+04 
       1.633111788364e-02       2.526749770304e+04 
       1.646011132963e-02       2.526609556084e+04 
       1.658914878708e-02       2.526308849288e+04 
       1.671823084532e-02       2.525849011399e+04 
       1.684735811496e-02       2.525234261314e+04 
       1.697653122801e-02       2.524464353693e+04 
       1.710575083814e-02       2.523543098876e+04 
       1.723501762082e-02       2.522472371453e+04 
       1.736433227362e-02       2.521253266585e+04 
       1.749369551637e-02       2.519889844375e+04 
       1.762310809145e-02       2.518383661704e+04 
       1.775257076409e-02       2.516733253770e+04 
       1.788208432261e-02       2.514949580773e+04 
       1.801164957875e-02       2.513026298262e+04 
       1.814126736801e-02       2.510967728189e+04 
       1.827093854994e-02       2.508777763230e+04 
       1.840066400855e-02       2.506455429924e+04 
       1.853044465265e-02       2.504006209248e+04 
       1.866028141625e-02       2.501428575042e+04 
       1.879017525896e-02       2.498727482484e+04 
       1.892012716642e-02       2.495904660181e+04 
       1.905013815075e-02       2.492958612085e+04 
       1.918020925098e-02       2.489895061818e+04 
       1.931034153355e-02       2.486714877626e+04 
       1.944053609281e-02       2.483419989140e+04 
       1.957079405152e-02       2.480012949830e+04 
       1.970111656137e-02       2.476494314142e+04 
       1.983150480357e-02       2.472865901465e+04 
       1.996195998938e-02       2.469133522457e+04 
       2.009248336072e-02       2.465292941199e+04 
       2.022307619079e-02       2.461347359073e+04 
       2.035373978468e-02       2.457302738788e+04 
       2.048447548003e-02       2.453156736540e+04 
       2.061528464772e-02       2.448913731537e+04 
       2.074616869253e-02       2.444573022790e+04 
       2.087712905390e-02       2.440138025708e+04 
       2.100816720665e-02       2.435610704381e+04 
       2.113928466175e-02       2.430993205332e+04 
       2.127048296710e-02       2.426287283687e+04 
       2.140176370838e-02       2.421489360703e+04 
       2.153312850985e-02       2.416607053060e+04 
       2.166457903523e-02       2.411641886624e+04 
       2.179611698861e-02       2.406591854840e+04 
       2.192774411538e-02       2.401460940283e+04 
       2.205946220314e-02       2.396247917023e+04 
       2.219127308273e-02       2.390965028375e+04 
       2.232317862922e-02       2.385598388623e+04 
       2.245518076294e-02       2.380159518545e+04 
       2.258728145060e-02       2.374647319110e+04 
       2.271948270637e-02       2.369062319646e+04 
       2.285178659302e-02       2.363409053916e+04 
       2.298419522313e-02       2.357688500639e+04 
       2.311671076028e-02       2.351896464132e+04 
       2.324933542034e-02       2.346040539834e+04 
       2.338207147273e-02       2.340117031345e+04 
       2.351492124179e-02       2.334134272772e+04 
       2.364788710815e-02       2.328093692818e+04 
       2.378097151015e-02       2.321982500210e+04 
       2.391417694530e-02       2.315826067564e+04 
       2.404750597184e-02       2.309608061161e+04 
       2.418096121025e-02       2.303332546081e+04 
       2.431454534491e-02       2.297005929488e+04 
       2.444826112575e-02       2.290619632278e+04 
       2.458211136999e-02       2.284183433707e+04 
       2.471609896389e-02       2.277703016293e+04 
       2.485022686461e-02       2.271167736502e+04 
       2.498449810213e-02       2.264586607761e+04 
       2.511891578116e-02       2.257957705242e+04 
       2.525348308322e-02       2.251279996761e+04 
       2.538820326870e-02       2.244564165652e+04 
       2.552307967905e-02       2.237806718901e+04 
       2.565811573900e-02       2.231001421794e+04 
       2.579331495892e-02       2.224160917101e+04 
       2.592868093716e-02       2.217274912174e+04 
       2.606421736255e-02       2.210357513856e+04 
       2.619992801699e-02       2.203393247319e+04 
       2.633581677808e-02       2.196403638793e+04 
       2.647188762187e-02       2.189375303765e+04 
       2.660814462573e-02       2.182313733215e+04 
       2.674459197124e-02       2.175217904932e+04 
       2.688123394733e-02       2.168086545327e+04 
       2.701807495336e-02       2.160930746444e+04 
       2.715511950246e-02       2.153745619238e+04 
       2.729237222486e-02       2.146525355308e+04 
       2.742983787152e-02       2.139285362835e+04 
       2.756752131765e-02       2.132011568847e+04 
       2.770542756664e-02       2.124720757882e+04 
       2.784356175388e-02       2.117398754237e+04 
       2.798192915090e-02       2.110052249781e+04 
       2.812053516960e-02       2.102688520098e+04 
       2.825938536667e-02       2.095296362690e+04 
       2.839848544813e-02       2.087892823749e+04 
       2.853784127408e-02       2.080456437787e+04 
       2.867745886370e-02       2.073010816471e+04 
       2.881734440030e-02       2.065543819926e+04 
       2.895750423673e-02       2.058060389852e+04 
       2.909794490090e-02       2.050556763903e+04 
       2.923867310159e-02       2.043040326120e+04 
       2.937969573444e-02       2.035508606699e+04 
       2.952101988823e-02       2.027956435869e+04 
       2.966265285143e-02       2.020398578769e+04 
       2.980460211896e-02       2.012824687268e+04 
       2.994687539935e-02       2.005240186896e+04 
       3.008948062206e-02       1.997643510776e+04 
       3.023242594525e-02       1.990036728273e+04 
       3.037571976380e-02       1.982422859845e+04 
       3.051937071775e-02       1.974792130492e+04 
       3.066338770103e-02       1.967158014688e+04 
       3.080777987064e-02       1.959514897751e+04 
       3.095255665627e-02       1.951865579148e+04 
       3.109772777027e-02       1.944211215730e+04 
       3.124330321812e-02       1.936547904627e+04 
       3.138929330946e-02       1.928881024350e+04 
       3.153570866946e-02       1.921207889539e+04 
       3.168256025093e-02       1.913528842756e+04 
       3.182985934684e-02       1.905847091101e+04 
       3.197761760356e-02       1.898166186403e+04 
       3.212584703463e-02       1.890478267168e+04 
       3.227456003534e-02       1.882794530894e+04 
       3.242376939791e-02       1.875099529897e+04 
       3.257348832749e-02       1.867412641891e+04 
       3.272373045899e-02       1.859718517872e+04 
       3.287450987465e-02       1.852024712405e+04 
       3.302584112270e-02       1.844332966752e+04 
       3.317773923683e-02       1.836645518014e+04 
       3.333021975676e-02       1.828954473277e+04 
       3.348329874987e-02       1.821260168823e+04 
       3.363699283405e-02       1.813573733027e+04 
       3.379131920172e-02       1.805893148095e+04 
       3.394629564520e-02       1.798213792449e+04 
       3.410194058352e-02       1.790528890670e+04 
       3.425827309062e-02       1.782855232452e+04 
       3.441531292533e-02       1.775179567720e+04 
       3.457308056288e-02       1.767510108469e+04 
       3.473159722837e-02       1.759847850403e+04 
       3.489088493217e-02       1.752183549438e+04 
       3.505096650737e-02       1.744523189615e+04 
       3.521186564953e-02       1.736873292192e+04 
       3.537360695885e-02       1.729228306416e+04 
       3.553621598491e-02       1.721579666679e+04 
       3.569971927417e-02       1.713946340834e+04 
       3.586414442053e-02       1.706310677403e+04 
       3.602952011906e-02       1.698681616065e+04 
       3.619587622319e-02       1.691060332907e+04 
       3.636324380571e-02       1.683443396934e+04 
       3.653165522373e-02       1.675825800628e+04 
       3.670114418802e-02       1.668222449407e+04 
       3.687174583710e-02       1.660618049146e+04 
       3.704349681641e-02       1.653024185738e+04 
       3.721643536296e-02       1.645434396290e+04 
       3.739060139604e-02       1.637848230297e+04 
       3.756603661440e-02       1.630263695231e+04 
       3.774278460051e-02       1.622688570506e+04 
       3.792089093245e-02       1.615114614704e+04 
       3.810040330429e-02       1.607543049117e+04 
       3.828137165548e-02       1.599982059542e+04 
       3.846384831029e-02       1.592419036662e+04 
       3.864788812809e-02       1.584862310717e+04 
       3.883354866560e-02       1.577308280511e+04 
       3.902089035218e-02       1.569754454059e+04 
       3.920997667948e-02       1.562211647965e+04 
       3.940087440681e-02       1.554665265929e+04 
       3.959365378390e-02       1.547118276098e+04 
       3.978838879273e-02       1.539577422948e+04 
       3.998515741050e-02       1.532033984858e+04 
       4.018404189582e-02       1.524489900703e+04 
       4.038512910084e-02       1.516949754357e+04 
       4.058851081189e-02       1.509405462006e+04 
       4.079428412199e-02       1.501858728282e+04 
       4.100255183872e-02       1.494310821509e+04 
       4.121342293152e-02       1.486759001668e+04 
       4.142701302308e-02       1.479208327319e+04 
       4.164344493002e-02       1.471650180422e+04 
       4.186284925880e-02       1.464080916370e+04 
       4.208536506383e-02       1.456512022872e+04 
       4.231114057541e-02       1.448931376920e+04 
       4.254033400664e-02       1.441341863631e+04 
       4.277311444947e-02       1.433745041451e+04 
       4.300966287206e-02       1.426140348945e+04 
       4.325017323089e-02       1.418515800444e+04 
       4.349485371395e-02       1.410878138410e+04 
       4.374392813341e-02       1.403226895474e+04 
       4.399763748962e-02       1.395557747345e+04 
       4.425624173174e-02       1.387875495464e+04 
       4.452002174492e-02       1.380167296154e+04 
       4.478928159928e-02       1.372434635442e+04 
       4.506435110203e-02       1.364676226697e+04 
       4.534558870225e-02       1.356892753843e+04 
       4.563338480690e-02       1.349076812527e+04 
       4.592816557817e-02       1.341231092296e+04 
       4.623039729638e-02       1.333348217632e+04 
       4.654059138959e-02       1.325423138383e+04 
       4.685931025230e-02       1.317453135151e+04 
       4.718717400210e-02       1.309441793506e+04 
       4.752486835523e-02       1.301379124191e+04 
       4.787315384305e-02       1.293248592883e+04 
       4.823287664224e-02       1.285063589132e+04 
       4.860498135565e-02       1.276806040303e+04 
       4.899052616195e-02       1.268472626459e+04 
       4.939070085453e-02       1.260053688786e+04 
       4.980684842114e-02       1.251545993643e+04 
       5.024049098157e-02       1.242935346315e+04 
       5.069336111285e-02       1.234210037046e+04 
       5.116743986143e-02       1.225358164701e+04 
       5.166500308450e-02       1.216361363210e+04 
       5.218867819454e-02       1.207208236332e+04 
       5.274151391842e-02       1.197871353130e+04 
       5.332706633343e-02       1.188327109653e+04 
       5.394950519984e-02       1.178538990423e+04 
       5.461374541545e-02       1.168475822417e+04 
       5.532560911936e-02       1.158083813624e+04 
       5.609202420756e-02       1.147298887765e+04 
       5.692126402615e-02       1.136046058125e+04 
       5.782322923913e-02       1.124219928456e+04 
       5.880976339505e-02       1.111685526591e+04 
       5.989497330054e-02       1.098264191521e+04 
       6.109548546288e-02       1.083708562346e+04 
       6.243049930967e-02       1.067697993749e+04 
       6.392138877240e-02       1.049798339022e+04 
       6.559047336263e-02       1.029464930812e+04 
       6.745851893949e-02       1.006019082516e+04 
       6.954075788555e-02       9.787260306707e+03 
       7.184202224558e-02       9.469239689273e+03 
       7.435287385712e-02       9.102482529281e+03 
       7.704930980327e-02       8.688764344457e+03 
       7.989719965710e-02       8.236720872719e+03 
       8.285953673038e-02       7.761119503785e+03 
       8.590288805322e-02       7.280422420285e+03 
       8.900076101152e-02       6.813492449113e+03 
       9.213402023056e-02       6.376816255587e+03 
       9.528968971968e-02       5.982659291251e+03 
       9.845932794857e-02       5.638393889855e+03 
       1.016375871127e-01       5.346460997533e+03 
       1.048211351953e-01       5.105073088530e+03 
       1.080079173338e-01       4.908967925523e+03 
       1.111966741660e-01       4.750406101377e+03 
       1.143866367212e-01       4.620110752821e+03 
       1.175773364460e-01       4.508167876919e+03 
       1.207684881326e-01       4.404887148328e+03 
       1.239599182206e-01       4.301674365283e+03 
       1.271515210505e-01       4.191739404295e+03 
       1.303432322309e-01       4.070584293285e+03 
       1.335350124476e-01       3.936287207836e+03 
       1.367268376261e-01       3.789396028201e+03 
       1.399186929585e-01       3.632553502906e+03 
       1.431105692756e-01       3.469900815295e+03 
       1.463024608452e-01       3.306370689084e+03 
       1.494943640333e-01       3.147002731138e+03 
       1.526862764919e-01       2.996340002682e+03 
       1.558781966641e-01       2.858000285194e+03 
       1.590701234833e-01       2.734419178160e+03 
       1.622620561896e-01       2.626739911416e+03 
       1.654539942175e-01       2.534879419253e+03 
       1.686459371274e-01       2.457659817884e+03 
       1.718378845626e-01       2.393033941954e+03 
       1.750298362235e-01       2.338353562632e+03 
       1.782217918506e-01       2.290643870250e+03 
       1.814137512144e-01       2.246929990501e+03 
       1.846057141080e-01       2.204943932515e+03 
       1.877976803433e-01       2.161611071469e+03 
       1.909896497470e-01       2.115107677169e+03 
       1.941816221592e-01       2.064345720666e+03 
       1.973735974311e-01       2.009071980312e+03 
       2.005655754243e-01       1.949755412707e+03 
       2.037575560093e-01       1.887494493085e+03 
       2.069495390649e-01       1.823748683413e+03 
       2.101415244775e-01       1.760131107708e+03 
       2.133335121403e-01       1.698185059322e+03 
       2.165255019531e-01       1.639243642509e+03 
       2.197174938213e-01       1.584335373901e+03 
       2.229094876561e-01       1.534146652127e+03 
       2.261014833736e-01       1.489023528800e+03 
       2.292934808946e-01       1.448964258026e+03 
       2.324854801443e-01       1.413660196494e+03 
       2.356774810519e-01       1.382528260777e+03 
       2.388694835506e-01       1.354767069530e+03 
       2.420614875770e-01       1.329455057018e+03 
       2.452534930711e-01       1.305622986498e+03 
       2.484454999759e-01       1.282381311406e+03 
       2.516375082374e-01       1.258974309646e+03 
       2.548295178044e-01       1.234847234352e+03 
       2.580215286280e-01       1.209671277844e+03 
       2.612135406619e-01       1.183317333867e+03 
       2.644055538621e-01       1.155871109283e+03 
       2.675975681866e-01       1.127581497994e+03 
       2.707895835952e-01       1.098828583281e+03 
       2.739816000501e-01       1.070076388539e+03 
       2.771736175147e-01       1.041816331885e+03 
       2.803656359544e-01       1.014527252659e+03 
       2.835576553361e-01       9.886037774382e+02 
       2.867496756282e-01       9.643216691591e+02 
       2.899416968004e-01       9.418241750990e+02 
       2.931337188238e-01       9.211242444388e+02 
       2.963257416708e-01       9.021116673861e+02 
       2.995177653149e-01       8.846005650767e+02 
       3.027097897307e-01       8.683378133291e+02 
       3.059018148940e-01       8.530469339346e+02 
       3.090938407815e-01       8.384444541110e+02 
       3.122858673709e-01       8.242555052580e+02 
       3.154778946407e-01       8.102263891548e+02 
       3.186699225704e-01       7.961630656456e+02 
       3.218619511403e-01       7.819256861873e+02 
       3.250539803314e-01       7.674486972814e+02 
       3.282460101255e-01       7.527428860345e+02 
       3.314380405052e-01       7.378768475628e+02 
       3.346300714535e-01       7.229639393367e+02 
       3.378221029543e-01       7.081445678969e+02 
       3.410141349920e-01       6.935560215726e+02 
       3.442061675515e-01       6.793310011005e+02 
       3.473982006185e-01       6.655780652578e+02 
       3.505902341791e-01       6.523896174738e+02 
       3.537822682197e-01       6.398237337970e+02 
       3.569743027274e-01       6.279133121593e+02 
       3.601663376899e-01       6.166480251731e+02 
       3.633583730950e-01       6.059825480613e+02 
       3.665504089311e-01       5.958493226051e+02 
       3.697424451870e-01       5.861534113042e+02 
       3.729344818520e-01       5.767932134182e+02 
       3.761265189154e-01       5.676737905449e+02 
       3.793185563673e-01       5.587184135898e+02 
       3.825105941979e-01       5.498669144156e+02 
       3.857026323977e-01       5.410754254667e+02 
       3.888946709576e-01       5.323205661944e+02 
       3.920867098688e-01       5.235968852949e+02 
       3.952787491227e-01       5.149052925684e+02 
       3.984707887111e-01       5.062706685895e+02 
       4.016628286259e-01       4.977168416644e+02 
       4.048548688594e-01       4.892860068001e+02 
       4.080469094041e-01       4.810193241413e+02 
       4.112389502527e-01       4.729537838961e+02 
       4.144309913982e-01       4.651165129057e+02 
       4.176230328337e-01       4.575263522334e+02 
       4.208150745526e-01       4.501877062184e+02 
       4.240071165485e-01       4.430952630120e+02 
       4.271991588152e-01       4.362409579586e+02 
       4.303912013465e-01       4.296140349509e+02 
       4.335832441367e-01       4.231975294585e+02 
       4.367752871801e-01       4.169726871919e+02 
       4.399673304711e-01       4.109104798075e+02 
       4.431593740043e-01       4.049909216621e+02 
       4.463514177745e-01       3.991812808379e+02 
       4.495434617767e-01       3.934639852220e+02 
       4.527355060059e-01       3.878171378375e+02 
       4.559275504574e-01       3.822355750774e+02 
       4.591195951265e-01       3.767146567430e+02 
       4.623116400086e-01       3.712566959578e+02 
       4.655036850994e-01       3.658655369083e+02 
       4.686957303947e-01       3.605502268473e+02 
       4.718877758901e-01       3.553160610171e+02 
       4.750798215818e-01       3.501718335491e+02 
       4.782718674657e-01       3.451280583277e+02 
       4.814639135380e-01       3.401940882544e+02 
       4.846559597950e-01       3.353809325003e+02 
       4.878480062331e-01       3.306940319733e+02 
       4.910400528486e-01       3.261308845606e+02 
       4.942320996382e-01       3.216899761423e+02 
       4.974241465984e-01       3.173620820715e+02 
       5.006161937261e-01       3.131357849291e+02 
       5.038082410180e-01       3.089992945948e+02 
       5.070002884710e-01       3.049465510956e+02 
       5.101923360821e-01       3.009693792686e+02 
       5.133843838483e-01       2.970599852397e+02 
       5.165764317667e-01       2.932113431700e+02 
       5.197684798346e-01       2.894190809280e+02 
       5.229605280491e-01       2.856783959310e+02 
       5.261525764076e-01       2.819861170492e+02 
       5.293446249075e-01       2.783429910779e+02 
       5.325366735462e-01       2.747524738497e+02 
       5.357287223213e-01       2.712196144120e+02 
       5.389207712303e-01       2.677466859879e+02 
       5.421128202708e-01       2.643384439502e+02 
       5.453048694406e-01       2.609941752440e+02 
       5.484969187373e-01       2.577131202303e+02 
       5.516889681588e-01       2.544935077537e+02 
       5.548810177028e-01       2.513374174066e+02 
       5.580730673674e-01       2.482410637317e+02 
       5.612651171504e-01       2.452063391105e+02 
       5.644571670498e-01       2.422321481517e+02 
       5.676492170636e-01       2.393148653963e+02 
       5.708412671899e-01       2.364507275483e+02 
       5.740333174269e-01       2.336359446011e+02 
       5.772253677726e-01       2.308662712249e+02 
       5.804174182254e-01       2.281396749749e+02 
       5.836094687834e-01       2.254543829435e+02 
       5.868015194448e-01       2.228100863322e+02 
       5.899935702082e-01       2.202064882701e+02 
       5.931856210716e-01       2.176430377681e+02 
       5.963776720337e-01       2.151172836221e+02 
       5.995697230927e-01       2.126293511852e+02 
       6.027617742472e-01       2.101758096866e+02 
       6.059538254956e-01       2.077582854530e+02 
       6.091458768364e-01       2.053793001687e+02 
       6.123379282683e-01       2.030385085213e+02 
       6.155299797897e-01       2.007385628161e+02 
       6.187220313993e-01       1.984771699769e+02 
       6.219140830958e-01       1.962551199340e+02 
       6.251061348777e-01       1.940687441253e+02 
       6.282981867438e-01       1.919185654326e+02 
       6.314902386928e-01       1.898012636435e+02 
       6.346822907235e-01       1.877193114601e+02 
       6.378743428346e-01       1.856699689368e+02 
       6.410663950249e-01       1.836532707599e+02 
       6.442584472933e-01       1.816688305219e+02 
       6.474504996385e-01       1.797132832836e+02 
       6.506425520595e-01       1.777861531515e+02 
       6.538346045552e-01       1.758853963160e+02 
       6.570266571243e-01       1.740103231637e+02 
       6.602187097660e-01       1.721621708618e+02 
       6.634107624791e-01       1.703405147701e+02 
       6.666028152625e-01       1.685467957709e+02 
       6.697948681154e-01       1.667784399252e+02 
       6.729869210367e-01       1.650363134496e+02 
       6.761789740254e-01       1.633190760176e+02 
       6.793710270805e-01       1.616260232964e+02 
       6.825630802013e-01       1.599564122362e+02 
       6.857551333866e-01       1.583111440329e+02 
       6.889471866357e-01       1.566909340850e+02 
       6.921392399476e-01       1.550959566349e+02 
       6.953312933214e-01       1.535238521352e+02 
       6.985233467564e-01       1.519755907626e+02 
       7.017154002517e-01       1.504486466128e+02 
       7.049074538065e-01       1.489424054964e+02 
       7.080995074199e-01       1.474570981329e+02 
       7.112915610911e-01       1.459917748271e+02 
       7.144836148195e-01       1.445480198113e+02 
       7.176756686042e-01       1.431232504343e+02 
       7.208677224445e-01       1.417199874732e+02 
       7.240597763396e-01       1.403341720633e+02 
       7.272518302888e-01       1.389672196520e+02 
       7.304438842914e-01       1.376185221256e+02 
       7.336359383467e-01       1.362857516178e+02 
       7.368279924541e-01       1.349721534064e+02 
       7.400200466128e-01       1.336752166819e+02 
       7.432121008222e-01       1.323973851380e+02 
       7.464041550816e-01       1.311360825963e+02 
       7.495962093904e-01       1.298927915093e+02 
       8.192221488201e-01       1.064085473413e+02 
       9.200575625182e-01       8.176420653563e+01 
       1.080439764736e+00       5.650192322961e+01 
       1.333792774451e+00       3.452569683909e+01 
       1.677021741586e+00       2.002168936430e+01 
       2.111209522821e+00       1.147305400915e+01 
       2.657855202212e+00       6.521094036329e+00 
       3.346041454883e+00       3.679353959531e+00 
       4.212416616468e+00       2.062058905612e+00 
       5.303118323536e+00       1.148691115538e+00 
       6.676230419251e+00       6.363284404255e-01 
       8.404876129788e+00       3.506762250461e-01 
