# Matter power spectrum P(k) at redshift z=0
# for k=9.60881e-06 to 21.9587 h/Mpc,
# number of wavenumbers equal to 853
#    1:k (h/Mpc)              2:P (Mpc/h)^3        
       9.608806565107e-06       6.163830130681e+01 
       2.145156745703e-05       1.336978305717e+02 
       3.332954735221e-05       2.044655960161e+02 
       4.526975115419e-05       2.746717416110e+02 
       5.729956186539e-05       3.447197417874e+02 
       6.944694710181e-05       4.149041312211e+02 
       8.174067122832e-05       4.854711944488e+02 
       9.421051552855e-05       5.566434868692e+02 
       1.068875088434e-04       6.286321534635e+02 
       1.198041711362e-04       7.016441330072e+02 
       1.329947724596e-04       7.758869546176e+02 
       1.464956097987e-04       8.515722884780e+02 
       1.603453042204e-04       9.289188248322e+02 
       1.745851206528e-04       1.008154785858e+03 
       1.892593124115e-04       1.089520248478e+03 
       2.044154922346e-04       1.173269366849e+03 
       2.201050310352e-04       1.259672569199e+03 
       2.363834847410e-04       1.349018748047e+03 
       2.533110483824e-04       1.441617466393e+03 
       2.709530348823e-04       1.537801167233e+03 
       2.893803736693e-04       1.637927362134e+03 
       3.086701210935e-04       1.742380746245e+03 
       3.289059705157e-04       1.851575180395e+03 
       3.501787446709e-04       1.965955420055e+03 
       3.725868463269e-04       2.085998465374e+03 
       3.962366352877e-04       2.212214351829e+03 
       4.212426904911e-04       2.345146141160e+03 
       4.477279056125e-04       2.485368842767e+03 
       4.758233558858e-04       2.633486942158e+03 
       5.056678639574e-04       2.790130147889e+03 
       5.374071853343e-04       2.955946963996e+03 
       5.711927319294e-04       3.131595684628e+03 
       6.071797585811e-04       3.317732507362e+03 
       6.455249558241e-04       3.514996486347e+03 
       6.863834258880e-04       3.723991408733e+03 
       7.299050697801e-04       3.945264930600e+03 
       7.762304804195e-04       4.179285619501e+03 
       8.254865149471e-04       4.426419405419e+03 
       8.777817983007e-04       4.686906912304e+03 
       9.332024751379e-04       4.960843901261e+03 
       9.918085613878e-04       5.248166765960e+03 
       1.053631235555e-03       5.548644799868e+03 
       1.118671346315e-03       5.861880042386e+03 
       1.186899301353e-03       6.187314523722e+03 
       1.258256359613e-03       6.524244011427e+03 
       1.332657200755e-03       6.871837050148e+03 
       1.340840250952e-03       6.909837414827e+03 
       1.409993519211e-03       7.229157839988e+03 
       1.490138307530e-03       7.595192634796e+03 
       1.572950464739e-03       7.968878313523e+03 
       1.658279387686e-03       8.349131319587e+03 
       1.745969263858e-03       8.734874701514e+03 
       1.835862865565e-03       9.125059758683e+03 
       1.927804730282e-03       9.518681142954e+03 
       2.021643687598e-03       9.914786253477e+03 
       2.117234751992e-03       1.031248205997e+04 
       2.214440440455e-03       1.071093998815e+04 
       2.313131596169e-03       1.110940056911e+04 
       2.413187807521e-03       1.150717582868e+04 
       2.514497509855e-03       1.190364640731e+04 
       2.616957849248e-03       1.229825667221e+04 
       2.720474376409e-03       1.269050866099e+04 
       2.824960626633e-03       1.307995882024e+04 
       2.930337630105e-03       1.346621527764e+04 
       3.036533386399e-03       1.384893447547e+04 
       3.143482328220e-03       1.422781761028e+04 
       3.251124792182e-03       1.460260351660e+04 
       3.359406508800e-03       1.497306463083e+04 
       3.468278119440e-03       1.533900342104e+04 
       3.577694724771e-03       1.570025228051e+04 
       3.687615466840e-03       1.605667023416e+04 
       3.798003145249e-03       1.640813904504e+04 
       3.908823866730e-03       1.675456081710e+04 
       4.020046726690e-03       1.709585232797e+04 
       4.131643520835e-03       1.743194989306e+04 
       4.243588484725e-03       1.776280144908e+04 
       4.355858059030e-03       1.808837080350e+04 
       4.468430678260e-03       1.840863080371e+04 
       4.581286580801e-03       1.872356425302e+04 
       4.694407638220e-03       1.903316149459e+04 
       4.807777201933e-03       1.933742208418e+04 
       4.921379965466e-03       1.963634987389e+04 
       5.035201840715e-03       1.992995975461e+04 
       5.149229846737e-03       2.021826923257e+04 
       5.263452009761e-03       2.050129988826e+04 
       5.377857273226e-03       2.077907550444e+04 
       5.492435416790e-03       2.105162947859e+04 
       5.607176983354e-03       2.131899366489e+04 
       5.722073213252e-03       2.158120395803e+04 
       5.837115984859e-03       2.183830265944e+04 
       5.952297760926e-03       2.209032305063e+04 
       6.067611540054e-03       2.233731344081e+04 
       6.183050812766e-03       2.257931668642e+04 
       6.298609521706e-03       2.281637669549e+04 
       6.414282025528e-03       2.304854144048e+04 
       6.530063066118e-03       2.327585754386e+04 
       6.645947738794e-03       2.349837090764e+04 
       6.761931465189e-03       2.371613511710e+04 
       6.878009968562e-03       2.392919092058e+04 
       6.994179251274e-03       2.413759761187e+04 
       7.110435574241e-03       2.434139798824e+04 
       7.226775438162e-03       2.454063901890e+04 
       7.343195566339e-03       2.473538379885e+04 
       7.459692888970e-03       2.492567072773e+04 
       7.576264528736e-03       2.511155711960e+04 
       7.692907787600e-03       2.529308820368e+04 
       7.809620134675e-03       2.547031843315e+04 
       7.926399195086e-03       2.564331745447e+04 
       8.043242739716e-03       2.581208969101e+04 
       8.160148675780e-03       2.597668736934e+04 
       8.277115038132e-03       2.613717756399e+04 
       8.394139981253e-03       2.629362588655e+04 
       8.511221771859e-03       2.644607930407e+04 
       8.628358782070e-03       2.659457168582e+04 
       8.745549483106e-03       2.673914146634e+04 
       8.862792439445e-03       2.687983868516e+04 
       8.980086303427e-03       2.701671176862e+04 
       9.097429810247e-03       2.714981887566e+04 
       9.214821773323e-03       2.727920494714e+04 
       9.332261079998e-03       2.740490478087e+04 
       9.449746687547e-03       2.752696420857e+04 
       9.567277619478e-03       2.764543370224e+04 
       9.684852962090e-03       2.776035526834e+04 
       9.802471861276e-03       2.787177459644e+04 
       9.920133519552e-03       2.797973372754e+04 
       1.003783719329e-02       2.808427248805e+04 
       1.015558219016e-02       2.818544088452e+04 
       1.027336786669e-02       2.828327244661e+04 
       1.039119362611e-02       2.837781192758e+04 
       1.050905891620e-02       2.846910927290e+04 
       1.062696322741e-02       2.855718517389e+04 
       1.074490609101e-02       2.864210199758e+04 
       1.086288707745e-02       2.872387844659e+04 
       1.098090579479e-02       2.880257863086e+04 
       1.109896188722e-02       2.887822344913e+04 
       1.121705503369e-02       2.895084941998e+04 
       1.133518494670e-02       2.902050712561e+04 
       1.145335137105e-02       2.908723603803e+04 
       1.157155408280e-02       2.915106474231e+04 
       1.168979288821e-02       2.921203596910e+04 
       1.180806762280e-02       2.927018517867e+04 
       1.192637815048e-02       2.932555001906e+04 
       1.204472436269e-02       2.937817361599e+04 
       1.216310617768e-02       2.942807869504e+04 
       1.228152353978e-02       2.947530040085e+04 
       1.239997641876e-02       2.951987502398e+04 
       1.251846480920e-02       2.956182693069e+04 
       1.263698872995e-02       2.960122414684e+04 
       1.275554822362e-02       2.963807601906e+04 
       1.287414335609e-02       2.967242547703e+04 
       1.299277421609e-02       2.970429898796e+04 
       1.311144091480e-02       2.973373365944e+04 
       1.323014358550e-02       2.976074903902e+04 
       1.334888238321e-02       2.978539250167e+04 
       1.340840250952e-02       2.979685692455e+04 
       1.346765748445e-02       2.980768746737e+04 
       1.358646908692e-02       2.982769267334e+04 
       1.370531740931e-02       2.984540626484e+04 
       1.382420269108e-02       2.986087161253e+04 
       1.394312519227e-02       2.987413038695e+04 
       1.406208519336e-02       2.988518789835e+04 
       1.418108299514e-02       2.989409242585e+04 
       1.430011891861e-02       2.990087920735e+04 
       1.441919330488e-02       2.990557020685e+04 
       1.453830651516e-02       2.990818931493e+04 
       1.465745893064e-02       2.990878198023e+04 
       1.477665095257e-02       2.990736332902e+04 
       1.489588300219e-02       2.990395535267e+04 
       1.501515552078e-02       2.989861623305e+04 
       1.513446896973e-02       2.989133726383e+04 
       1.525382383055e-02       2.988218120118e+04 
       1.537322060500e-02       2.987115090015e+04 
       1.549265981514e-02       2.985826841295e+04 
       1.561214200349e-02       2.984359209766e+04 
       1.573166773313e-02       2.982713576371e+04 
       1.585123758789e-02       2.980892704864e+04 
       1.597085217246e-02       2.978897499062e+04 
       1.609051211262e-02       2.976731409480e+04 
       1.621021805544e-02       2.974399093900e+04 
       1.632997066945e-02       2.971900749703e+04 
       1.644977064494e-02       2.969241735477e+04 
       1.656961869415e-02       2.966421089292e+04 
       1.668951555156e-02       2.963444329040e+04 
       1.680946197418e-02       2.960312628585e+04 
       1.692945874185e-02       2.957026542389e+04 
       1.704950665752e-02       2.953590455688e+04 
       1.716960654760e-02       2.950010429305e+04 
       1.728975926234e-02       2.946284010526e+04 
       1.740996567612e-02       2.942416182794e+04 
       1.753022668790e-02       2.938401271458e+04 
       1.765054322158e-02       2.934255659623e+04 
       1.777091622640e-02       2.929974094731e+04 
       1.789134667742e-02       2.925556526552e+04 
       1.801183557591e-02       2.921008604301e+04 
       1.813238394985e-02       2.916333781247e+04 
       1.825299285442e-02       2.911531226429e+04 
       1.837366337244e-02       2.906603263698e+04 
       1.849439661498e-02       2.901557696620e+04 
       1.861519372184e-02       2.896390201678e+04 
       1.873605586209e-02       2.891105584325e+04 
       1.885698423471e-02       2.885703028435e+04 
       1.897798006914e-02       2.880190439955e+04 
       1.909904462590e-02       2.874566914751e+04 
       1.922017919724e-02       2.868834230209e+04 
       1.934138510781e-02       2.862993230859e+04 
       1.946266371531e-02       2.857052398594e+04 
       1.958401641121e-02       2.851004819942e+04 
       1.970544462148e-02       2.844854550235e+04 
       1.982694980735e-02       2.838603634342e+04 
       1.994853346605e-02       2.832261681895e+04 
       2.007019713163e-02       2.825829015724e+04 
       2.019194237580e-02       2.819296794994e+04 
       2.031377080876e-02       2.812674984789e+04 
       2.043568408007e-02       2.805963071416e+04 
       2.055768387959e-02       2.799167240435e+04 
       2.067977193838e-02       2.792287038916e+04 
       2.080195002968e-02       2.785315492825e+04 
       2.092421996990e-02       2.778272665947e+04 
       2.104658361966e-02       2.771147501025e+04 
       2.116904288482e-02       2.763942757526e+04 
       2.129159971762e-02       2.756663069563e+04 
       2.141425611774e-02       2.749311423922e+04 
       2.153701413353e-02       2.741884876475e+04 
       2.165987586316e-02       2.734390402351e+04 
       2.178284345590e-02       2.726820250992e+04 
       2.190591911335e-02       2.719185079784e+04 
       2.202910509081e-02       2.711496889216e+04 
       2.215240369858e-02       2.703724491201e+04 
       2.227581730343e-02       2.695910102701e+04 
       2.239934833002e-02       2.688027059689e+04 
       2.252299926238e-02       2.680078966294e+04 
       2.264677264547e-02       2.672074130552e+04 
       2.277067108681e-02       2.664017079430e+04 
       2.289469725807e-02       2.655906118955e+04 
       2.301885389681e-02       2.647739195584e+04 
       2.314314380825e-02       2.639524376380e+04 
       2.326756986705e-02       2.631260896886e+04 
       2.339213501923e-02       2.622945297623e+04 
       2.351684228407e-02       2.614588084308e+04 
       2.364169475618e-02       2.606176570179e+04 
       2.376669560751e-02       2.597723025637e+04 
       2.389184808955e-02       2.589235821236e+04 
       2.401715553552e-02       2.580704447985e+04 
       2.414262136268e-02       2.572127312383e+04 
       2.426824907472e-02       2.563513082796e+04 
       2.439404226421e-02       2.554860166009e+04 
       2.452000461516e-02       2.546177678305e+04 
       2.464613990562e-02       2.537454005403e+04 
       2.477245201050e-02       2.528711840837e+04 
       2.489894490429e-02       2.519918729864e+04 
       2.502562266411e-02       2.511104948324e+04 
       2.515248947266e-02       2.502255466052e+04 
       2.527954962141e-02       2.493382104324e+04 
       2.540680751389e-02       2.484485151248e+04 
       2.553426766904e-02       2.475552294683e+04 
       2.566193472477e-02       2.466600759366e+04 
       2.578981344156e-02       2.457627085673e+04 
       2.591790870631e-02       2.448620733920e+04 
       2.604622553622e-02       2.439601708666e+04 
       2.617476908292e-02       2.430562174911e+04 
       2.630354463668e-02       2.421501564824e+04 
       2.643255763084e-02       2.412426593876e+04 
       2.656181364641e-02       2.403322838037e+04 
       2.669131841680e-02       2.394206411610e+04 
       2.682107783281e-02       2.385080885655e+04 
       2.695109794777e-02       2.375935251808e+04 
       2.708138498293e-02       2.366778740807e+04 
       2.721194533301e-02       2.357606950176e+04 
       2.734278557209e-02       2.348425905976e+04 
       2.747391245960e-02       2.339239212246e+04 
       2.760533294667e-02       2.330031420283e+04 
       2.773705418273e-02       2.320816249579e+04 
       2.786908352235e-02       2.311599556421e+04 
       2.800142853243e-02       2.302371578981e+04 
       2.813409699967e-02       2.293137148526e+04 
       2.826709693835e-02       2.283895667659e+04 
       2.840043659852e-02       2.274648649863e+04 
       2.853412447450e-02       2.265406359733e+04 
       2.866816931377e-02       2.256150190258e+04 
       2.880258012627e-02       2.246885529725e+04 
       2.893736619415e-02       2.237632022522e+04 
       2.907253708194e-02       2.228372790127e+04 
       2.920810264721e-02       2.219108645942e+04 
       2.934407305175e-02       2.209848914409e+04 
       2.948045877321e-02       2.200588178481e+04 
       2.961727061742e-02       2.191329179580e+04 
       2.975451973121e-02       2.182065759656e+04 
       2.989221761589e-02       2.172805945219e+04 
       3.003037614139e-02       2.163553695684e+04 
       3.016900756117e-02       2.154298625575e+04 
       3.030812452776e-02       2.145050743461e+04 
       3.044774010920e-02       2.135803791373e+04 
       3.058786780630e-02       2.126565377252e+04 
       3.072852157076e-02       2.117332468549e+04 
       3.086971582433e-02       2.108094957028e+04 
       3.101146547885e-02       2.098873165977e+04 
       3.115378595751e-02       2.089652061791e+04 
       3.129669321722e-02       2.080442828231e+04 
       3.144020377212e-02       2.071237885699e+04 
       3.158433471856e-02       2.062047234351e+04 
       3.172910376133e-02       2.052848766516e+04 
       3.187452924144e-02       2.043667418952e+04 
       3.202063016555e-02       2.034503528350e+04 
       3.216742623699e-02       2.025329183109e+04 
       3.231493788869e-02       2.016171391025e+04 
       3.246318631807e-02       2.007020780614e+04 
       3.261219352393e-02       1.997886831790e+04 
       3.276198234571e-02       1.988753653441e+04 
       3.291257650510e-02       1.979632624283e+04 
       3.306400065020e-02       1.970518060561e+04 
       3.321628040257e-02       1.961416932009e+04 
       3.336944240719e-02       1.952319871551e+04 
       3.352351438569e-02       1.943235204372e+04 
       3.367852519309e-02       1.934166411570e+04 
       3.383450487819e-02       1.925098797866e+04 
       3.399148474820e-02       1.916046221621e+04 
       3.414949743755e-02       1.907000004394e+04 
       3.430857698166e-02       1.897967197719e+04 
       3.446875889567e-02       1.888937625634e+04 
       3.463008025889e-02       1.879927410258e+04 
       3.479257980522e-02       1.870915111304e+04 
       3.495629802021e-02       1.861916831308e+04 
       3.512127724527e-02       1.852928022881e+04 
       3.528756178965e-02       1.843944991426e+04 
       3.545519805097e-02       1.834973548802e+04 
       3.562423464504e-02       1.826012369788e+04 
       3.579472254579e-02       1.817050044685e+04 
       3.596671523640e-02       1.808100324509e+04 
       3.614026887252e-02       1.799158450202e+04 
       3.631544245892e-02       1.790218679037e+04 
       3.649229804085e-02       1.781290395676e+04 
       3.667090091150e-02       1.772367483362e+04 
       3.685131983735e-02       1.763446659663e+04 
       3.703362730319e-02       1.754529971269e+04 
       3.721789977886e-02       1.745619570542e+04 
       3.740421801010e-02       1.736713058420e+04 
       3.759266733610e-02       1.727804946805e+04 
       3.778333803674e-02       1.718903608859e+04 
       3.797632571286e-02       1.710002697750e+04 
       3.817173170333e-02       1.701096113307e+04 
       3.836966354332e-02       1.692196535137e+04 
       3.857023546854e-02       1.683292199047e+04 
       3.877356897116e-02       1.674378798531e+04 
       3.897979341371e-02       1.665466245980e+04 
       3.918904670834e-02       1.656549249412e+04 
       3.940147606981e-02       1.647619986729e+04 
       3.961723885185e-02       1.638692609643e+04 
       3.983650347813e-02       1.629750165585e+04 
       4.005945048063e-02       1.620794970768e+04 
       4.028627366054e-02       1.611826862291e+04 
       4.051718138899e-02       1.602849249491e+04 
       4.075239806802e-02       1.593849130953e+04 
       4.099216577565e-02       1.584831980454e+04 
       4.123674612296e-02       1.575792402319e+04 
       4.148642235616e-02       1.566738505038e+04 
       4.174150174270e-02       1.557651167181e+04 
       4.200231828759e-02       1.548535862101e+04 
       4.226923583501e-02       1.539389476372e+04 
       4.254265162110e-02       1.530205957297e+04 
       4.282300035679e-02       1.520984784425e+04 
       4.311075893579e-02       1.511721393027e+04 
       4.340645188291e-02       1.502413428042e+04 
       4.371065768219e-02       1.493050839913e+04 
       4.402401615527e-02       1.483634003272e+04 
       4.434723709877e-02       1.474151993668e+04 
       4.468111043710e-02       1.464604091331e+04 
       4.502651820803e-02       1.454977241596e+04 
       4.538444877439e-02       1.445267784324e+04 
       4.575601375216e-02       1.435462107571e+04 
       4.614246826849e-02       1.425558818258e+04 
       4.654523531967e-02       1.415540037381e+04 
       4.696593519920e-02       1.405394418836e+04 
       4.740642122070e-02       1.395104687199e+04 
       4.786882328322e-02       1.384653519767e+04 
       4.835560123373e-02       1.374019254211e+04 
       4.886961048627e-02       1.363178303772e+04 
       4.941418296853e-02       1.352097366677e+04 
       4.999322717330e-02       1.340742893453e+04 
       5.061135183772e-02       1.329065326942e+04 
       5.127401840452e-02       1.317010447631e+04 
       5.198772758185e-02       1.304500114448e+04 
       5.276024426081e-02       1.291446186018e+04 
       5.360086127365e-02       1.277722529437e+04 
       5.452069313541e-02       1.263168732537e+04 
       5.553297095419e-02       1.247567017420e+04 
       5.665327101943e-02       1.230632245115e+04 
       5.789954167158e-02       1.211966583651e+04 
       5.929168945370e-02       1.191072634486e+04 
       6.085036548254e-02       1.167283463182e+04 
       6.259454825285e-02       1.139816863626e+04 
       6.453776374304e-02       1.107815514312e+04 
       6.668357380004e-02       1.070537092810e+04 
       6.902216485440e-02       1.027613277533e+04 
       7.153040433430e-02       9.793346027883e+03 
       7.417624560955e-02       9.267898831718e+03 
       7.692550204707e-02       8.717637699476e+03 
       7.974764457966e-02       8.164259633932e+03 
       8.261868153359e-02       7.629483233032e+03 
       8.552138302743e-02       7.131918632815e+03 
       8.844410967445e-02       6.685137025929e+03 
       9.137930800212e-02       6.296820446235e+03 
       9.432220011494e-02       5.969139976955e+03 
       9.726981184253e-02       5.699381383091e+03 
       1.002203099888e-01       5.481033715755e+03 
       1.031725713561e-01       5.304858441100e+03 
       1.061259101823e-01       5.160003807796e+03 
       1.090799085955e-01       5.034998628818e+03 
       1.120343121910e-01       4.918820705538e+03 
       1.149889661003e-01       4.801776065515e+03 
       1.179437759917e-01       4.676317337104e+03 
       1.208986843296e-01       4.537631031782e+03 
       1.238536559415e-01       4.383834000590e+03 
       1.268086692497e-01       4.215852938857e+03 
       1.297637109457e-01       4.036938205485e+03 
       1.327187727566e-01       3.851974685743e+03 
       1.340840250952e-01       3.766035453455e+03 
       1.356738494811e-01       3.666631119992e+03 
       1.386289377960e-01       3.486643608025e+03 
       1.415840355311e-01       3.317079131529e+03 
       1.445391412276e-01       3.161912336774e+03 
       1.474942538695e-01       3.023736958867e+03 
       1.504493727191e-01       2.903691996252e+03 
       1.534044972171e-01       2.801517151291e+03 
       1.563596269198e-01       2.715764603658e+03 
       1.593147614621e-01       2.643994616248e+03 
       1.622699005326e-01       2.583172926494e+03 
       1.652250438591e-01       2.529921855070e+03 
       1.681801911989e-01       2.481057437041e+03 
       1.711353423324e-01       2.433692197491e+03 
       1.740904970585e-01       2.384517081648e+03 
       1.770456551924e-01       2.331620721194e+03 
       1.800008165623e-01       2.273965743457e+03 
       1.829559810091e-01       2.211384473896e+03 
       1.859111483839e-01       2.144494871338e+03 
       1.888663185477e-01       2.074512052995e+03 
       1.918214913703e-01       2.003037297832e+03 
       1.947766667297e-01       1.931829103173e+03 
       1.977318445111e-01       1.862595817788e+03 
       2.006870246068e-01       1.796831982644e+03 
       2.036422069151e-01       1.735689110384e+03 
       2.065973913404e-01       1.679930734241e+03 
       2.095525777925e-01       1.629894207325e+03 
       2.125077661863e-01       1.585520678163e+03 
       2.154629564414e-01       1.546385470639e+03 
       2.184181484816e-01       1.511810325110e+03 
       2.213733422350e-01       1.480881957119e+03 
       2.243285376335e-01       1.452591985183e+03 
       2.272837346125e-01       1.425907996893e+03 
       2.302389331107e-01       1.399862719053e+03 
       2.331941330700e-01       1.373643052293e+03 
       2.361493344353e-01       1.346623306184e+03 
       2.391045371539e-01       1.318428136321e+03 
       2.420597411762e-01       1.288934529741e+03 
       2.450149464547e-01       1.258252450952e+03 
       2.479701529441e-01       1.226689623100e+03 
       2.509253606014e-01       1.194694906984e+03 
       2.538805693857e-01       1.162799275616e+03 
       2.568357792577e-01       1.131536986660e+03 
       2.597909901802e-01       1.101403570897e+03 
       2.627462021175e-01       1.072802831788e+03 
       2.657014150356e-01       1.046009476090e+03 
       2.686566289019e-01       1.021175094841e+03 
       2.716118436854e-01       9.983077428751e+02 
       2.745670593561e-01       9.772996986304e+02 
       2.775222758857e-01       9.579458609355e+02 
       2.804774932469e-01       9.399663079095e+02 
       2.834327114135e-01       9.230467945271e+02 
       2.863879303604e-01       9.068625400428e+02 
       2.893431500636e-01       8.911087153952e+02 
       2.922983705001e-01       8.755244724115e+02 
       2.952535916477e-01       8.599050603872e+02 
       2.982088134852e-01       8.441205066045e+02 
       3.011640359922e-01       8.281084859601e+02 
       3.041192591490e-01       8.118850945412e+02 
       3.070744829369e-01       7.955123267274e+02 
       3.100297073377e-01       7.791075201902e+02 
       3.129849323339e-01       7.628127176985e+02 
       3.159401579087e-01       7.467826933411e+02 
       3.188953840461e-01       7.311636202187e+02 
       3.218506107304e-01       7.160826290455e+02 
       3.248058379466e-01       7.016388627783e+02 
       3.277610656803e-01       6.878899978516e+02 
       3.307162939175e-01       6.748564517392e+02 
       3.336715226449e-01       6.625181601503e+02 
       3.366267518494e-01       6.508226126877e+02 
       3.395819815185e-01       6.396934812872e+02 
       3.425372116402e-01       6.290351319881e+02 
       3.454924422028e-01       6.187504844832e+02 
       3.484476731950e-01       6.087398144577e+02 
       3.514029046060e-01       5.989185309561e+02 
       3.543581364252e-01       5.892176073182e+02 
       3.573133686424e-01       5.795882945870e+02 
       3.602686012479e-01       5.700038316196e+02 
       3.632238342321e-01       5.604579561421e+02 
       3.661790675857e-01       5.509617445240e+02 
       3.691343013000e-01       5.415397741269e+02 
       3.720895353662e-01       5.322259968819e+02 
       3.750447697760e-01       5.230579810537e+02 
       3.780000045214e-01       5.140731410800e+02 
       3.809552395944e-01       5.053051630590e+02 
       3.839104749875e-01       4.967817816988e+02 
       3.868657106934e-01       4.885211092481e+02 
       3.898209467048e-01       4.805331826818e+02 
       3.927761830149e-01       4.728183959791e+02 
       3.957314196169e-01       4.653691195510e+02 
       3.986866565043e-01       4.581700660549e+02 
       4.016418936709e-01       4.512001656420e+02 
       4.045971311104e-01       4.444349355225e+02 
       4.075523688169e-01       4.378474775459e+02 
       4.105076067847e-01       4.314108846281e+02 
       4.134628450080e-01       4.250999260355e+02 
       4.164180834815e-01       4.188938029685e+02 
       4.193733221999e-01       4.127748533602e+02 
       4.223285611578e-01       4.067314627193e+02 
       4.252838003505e-01       4.007578374028e+02 
       4.282390397729e-01       3.948533165778e+02 
       4.311942794204e-01       3.890221601458e+02 
       4.341495192883e-01       3.832725860119e+02 
       4.371047593722e-01       3.776149011136e+02 
       4.400599996676e-01       3.720604122868e+02 
       4.430152401704e-01       3.666206759360e+02 
       4.459704808764e-01       3.613044831594e+02 
       4.489257217816e-01       3.561186424583e+02 
       4.518809628820e-01       3.510660871028e+02 
       4.548362041738e-01       3.461463421360e+02 
       4.577914456533e-01       3.413554849164e+02 
       4.607466873170e-01       3.366864043016e+02 
       4.637019291612e-01       3.321299784314e+02 
       4.666571711825e-01       3.276756506464e+02 
       4.696124133776e-01       3.233128893033e+02 
       4.725676557432e-01       3.190313904134e+02 
       4.755228982761e-01       3.148224527194e+02 
       4.784781409731e-01       3.106793943100e+02 
       4.814333838314e-01       3.065971676417e+02 
       4.843886268478e-01       3.025731369905e+02 
       4.873438700196e-01       2.986065450040e+02 
       4.902991133439e-01       2.946981514761e+02 
       4.932543568179e-01       2.908496206053e+02 
       4.962096004390e-01       2.870633611407e+02 
       4.991648442045e-01       2.833416768756e+02 
       5.021200881120e-01       2.796868193145e+02 
       5.050753321588e-01       2.761001354040e+02 
       5.080305763426e-01       2.725825376844e+02 
       5.109858206609e-01       2.691345737029e+02 
       5.139410651115e-01       2.657549694673e+02 
       5.168963096921e-01       2.624427163265e+02 
       5.198515544004e-01       2.591954269453e+02 
       5.228067992342e-01       2.560111254212e+02 
       5.257620441916e-01       2.528867551891e+02 
       5.287172892702e-01       2.498196399900e+02 
       5.316725344683e-01       2.468067759155e+02 
       5.346277797837e-01       2.438450921074e+02 
       5.375830252145e-01       2.409319466308e+02 
       5.405382707588e-01       2.380651337053e+02 
       5.434935164148e-01       2.352425329500e+02 
       5.464487621807e-01       2.324624610091e+02 
       5.494040080546e-01       2.297239086178e+02 
       5.523592540348e-01       2.270261839304e+02 
       5.553145001197e-01       2.243694543627e+02 
       5.582697463075e-01       2.217531446270e+02 
       5.612249925967e-01       2.191778060435e+02 
       5.641802389856e-01       2.166437165695e+02 
       5.671354854727e-01       2.141509546540e+02 
       5.700907320564e-01       2.117000873822e+02 
       5.730459787353e-01       2.092899276281e+02 
       5.760012255078e-01       2.069204986486e+02 
       5.789564723725e-01       2.045912060607e+02 
       5.819117193281e-01       2.023011749854e+02 
       5.848669663732e-01       2.000490599033e+02 
       5.878222135063e-01       1.978335572632e+02 
       5.907774607262e-01       1.956534710557e+02 
       5.937327080316e-01       1.935074188355e+02 
       5.966879554211e-01       1.913943643845e+02 
       5.996432028937e-01       1.893126403356e+02 
       6.025984504479e-01       1.872624968936e+02 
       6.055536980827e-01       1.852416378132e+02 
       6.085089457968e-01       1.832500234212e+02 
       6.114641935891e-01       1.812877341832e+02 
       6.144194414585e-01       1.793541131278e+02 
       6.173746894038e-01       1.774473264105e+02 
       6.203299374240e-01       1.755690432277e+02 
       6.232851855181e-01       1.737178653167e+02 
       6.262404336848e-01       1.718935734638e+02 
       6.291956819233e-01       1.700966482627e+02 
       6.321509302325e-01       1.683258566113e+02 
       6.351061786114e-01       1.665818324102e+02 
       6.380614270591e-01       1.648631180953e+02 
       6.410166755746e-01       1.631699901488e+02 
       6.439719241570e-01       1.615020389776e+02 
       6.469271728053e-01       1.598581247003e+02 
       6.498824215187e-01       1.582381516438e+02 
       6.528376702962e-01       1.566415195200e+02 
       6.557929191370e-01       1.550674087623e+02 
       6.587481680403e-01       1.535153158482e+02 
       6.617034170051e-01       1.519851787056e+02 
       6.646586660308e-01       1.504756483617e+02 
       6.676139151164e-01       1.489871490461e+02 
       6.705691642611e-01       1.475186705851e+02 
       6.735244134643e-01       1.460701366231e+02 
       6.764796627251e-01       1.446412036645e+02 
       6.794349120428e-01       1.432312025262e+02 
       6.823901614166e-01       1.418407088593e+02 
       6.853454108458e-01       1.404685465425e+02 
       6.883006603297e-01       1.391153786494e+02 
       6.912559098676e-01       1.377802920015e+02 
       6.942111594588e-01       1.364631369110e+02 
       6.971664091026e-01       1.351636230014e+02 
       7.001216587983e-01       1.338813487134e+02 
       7.030769085454e-01       1.326163540631e+02 
       7.060321583431e-01       1.313681456308e+02 
       7.089874081908e-01       1.301361115825e+02 
       7.119426580878e-01       1.289207779810e+02 
       7.148979080337e-01       1.277203525295e+02 
       7.178531580277e-01       1.265366270077e+02 
       7.208084080694e-01       1.253675979763e+02 
       7.237636581580e-01       1.242139095535e+02 
       7.267189082930e-01       1.230746952081e+02 
       7.296741584739e-01       1.219498103137e+02 
       7.326294087000e-01       1.208394956600e+02 
       7.355846589710e-01       1.197428556795e+02 
       7.385399092861e-01       1.186603665690e+02 
       7.414951596449e-01       1.175913301116e+02 
       7.444504100469e-01       1.165354558017e+02 
       7.474056604915e-01       1.154927941488e+02 
       7.503609109783e-01       1.144631041334e+02 
       7.533161615067e-01       1.134465808237e+02 
       7.562714120763e-01       1.124417348843e+02 
       7.592266626866e-01       1.114498486913e+02 
       7.621819133370e-01       1.104702097847e+02 
       7.651371640272e-01       1.095024616943e+02 
       7.680924147567e-01       1.085463496863e+02 
       7.710476655250e-01       1.076019799772e+02 
       7.740029163317e-01       1.066692411982e+02 
       7.769581671763e-01       1.057477572112e+02 
       7.799134180584e-01       1.048372328185e+02 
       7.828686689776e-01       1.039374205520e+02 
       7.858239199334e-01       1.030489060593e+02 
       7.887791709255e-01       1.021704075207e+02 
       7.917344219535e-01       1.013020457894e+02 
       7.946896730169e-01       1.004447440753e+02 
       7.976449241153e-01       9.959687699147e+01 
       8.006001752484e-01       9.875899757460e+01 
       8.035554264158e-01       9.793110984339e+01 
       8.065106776171e-01       9.711280352631e+01 
       8.094659288519e-01       9.630378059536e+01 
       8.124211801198e-01       9.550396060931e+01 
       8.153764314206e-01       9.471397378847e+01 
       8.183316827538e-01       9.393243881165e+01 
       8.212869341190e-01       9.316021113870e+01 
       8.242421855161e-01       9.239689330541e+01 
       8.271974369445e-01       9.164196601468e+01 
       8.301526884040e-01       9.089596826825e+01 
       8.331079398943e-01       9.015808194109e+01 
       8.360631914149e-01       8.942859260482e+01 
       8.390184429657e-01       8.870743201246e+01 
       8.419736945462e-01       8.799428999253e+01 
       8.449289461562e-01       8.728911487296e+01 
       8.478841977953e-01       8.659162621800e+01 
       8.508394494633e-01       8.590226962147e+01 
       8.537947011598e-01       8.522042119827e+01 
       8.567499528845e-01       8.454578082719e+01 
       8.597052046373e-01       8.387871614167e+01 
       8.626604564177e-01       8.321906384539e+01 
       8.656157082254e-01       8.256641532431e+01 
       8.685709600603e-01       8.192097965592e+01 
       8.715262119220e-01       8.128263364062e+01 
       8.744814638103e-01       8.065113760662e+01 
       8.774367157249e-01       8.002644292595e+01 
       8.803919676655e-01       7.940827831008e+01 
       8.833472196318e-01       7.879685714481e+01 
       8.863024716237e-01       7.819210799643e+01 
       8.892577236408e-01       7.759345243383e+01 
       8.922129756829e-01       7.700168072184e+01 
       8.951682277497e-01       7.641591511196e+01 
       8.981234798411e-01       7.583627566825e+01 
       9.010787319567e-01       7.526266437610e+01 
       9.040339840964e-01       7.469525373203e+01 
       9.069892362598e-01       7.413393904784e+01 
       9.099444884468e-01       7.357804194578e+01 
       9.128997406571e-01       7.302778723650e+01 
       9.158549928906e-01       7.248365002245e+01 
       9.188102451469e-01       7.194523404643e+01 
       9.217654974258e-01       7.141206547038e+01 
       9.247207497272e-01       7.088452533522e+01 
       9.276760020509e-01       7.036239641452e+01 
       9.306312543965e-01       6.984534143901e+01 
       9.335865067640e-01       6.933372723735e+01 
       9.365417591530e-01       6.882744866410e+01 
       9.394970115635e-01       6.832598385748e+01 
       9.424522639951e-01       6.782992815634e+01 
       9.454075164477e-01       6.733883688158e+01 
       9.483627689212e-01       6.685234599322e+01 
       9.513180214152e-01       6.637123901907e+01 
       9.542732739296e-01       6.589425398085e+01 
       9.572285264643e-01       6.542233122860e+01 
       9.601837790190e-01       6.495513626318e+01 
       9.631390315936e-01       6.449253536620e+01 
       9.660942841878e-01       6.403411267696e+01 
       9.690495368015e-01       6.358086328128e+01 
       9.720047894345e-01       6.313179333496e+01 
       9.749600420866e-01       6.268703413929e+01 
       9.779152947578e-01       6.224679654277e+01 
       9.808705474477e-01       6.181067751073e+01 
       9.838258001562e-01       6.137875354471e+01 
       9.867810528831e-01       6.095077329182e+01 
       9.897363056284e-01       6.052754947649e+01 
       9.926915583918e-01       6.010802662690e+01 
       9.956468111731e-01       5.969260837897e+01 
       9.986020639722e-01       5.928103700751e+01 
       1.001557316789e+00       5.887360192610e+01 
       1.004512569623e+00       5.846992003879e+01 
       1.007467822475e+00       5.806973850754e+01 
       1.010423075344e+00       5.767401551905e+01 
       1.013378328229e+00       5.728164697699e+01 
       1.016333581132e+00       5.689316221575e+01 
       1.019288834052e+00       5.650792321255e+01 
       1.022244086988e+00       5.612681165971e+01 
       1.025199339940e+00       5.574905439957e+01 
       1.028154592909e+00       5.537478664360e+01 
       1.031109845894e+00       5.500408527328e+01 
       1.034065098895e+00       5.463658502908e+01 
       1.037020351912e+00       5.427261618522e+01 
       1.039975604944e+00       5.391216601921e+01 
       1.042930857992e+00       5.355478430852e+01 
       1.045886111056e+00       5.320096720311e+01 
       1.048841364135e+00       5.285024175990e+01 
       1.051796617229e+00       5.250251404196e+01 
       1.054751870339e+00       5.215829889652e+01 
       1.057707123463e+00       5.181705198356e+01 
       1.060662376602e+00       5.147899436231e+01 
       1.063617629756e+00       5.114374856565e+01 
       1.066572882925e+00       5.081188003654e+01 
       1.069528136108e+00       5.048272938509e+01 
       1.072483389305e+00       5.015660057114e+01 
       1.075438642516e+00       4.983344271418e+01 
       1.078393895742e+00       4.951312111551e+01 
       1.081349148982e+00       4.919551451419e+01 
       1.084304402235e+00       4.888101780325e+01 
       1.087259655503e+00       4.856917795243e+01 
       1.090214908784e+00       4.826015004806e+01 
       1.093170162078e+00       4.795380447131e+01 
       1.096125415386e+00       4.765005145992e+01 
       1.099080668708e+00       4.734902310920e+01 
       1.102035922042e+00       4.705078324194e+01 
       1.104991175390e+00       4.675517245324e+01 
       1.107946428751e+00       4.646188102726e+01 
       1.110901682124e+00       4.617144780713e+01 
       1.113856935511e+00       4.588326691335e+01 
       1.116812188910e+00       4.559760812486e+01 
       1.119767442322e+00       4.531446413296e+01 
       1.122722695746e+00       4.503380349518e+01 
       1.125677949183e+00       4.475568319616e+01 
       1.128633202632e+00       4.447970491326e+01 
       1.131588456093e+00       4.420605745502e+01 
       1.134543709566e+00       4.393483271156e+01 
       1.137498963052e+00       4.366592861930e+01 
       1.140454216549e+00       4.339933224947e+01 
       1.143409470058e+00       4.313479216005e+01 
       1.146364723579e+00       4.287264346789e+01 
       1.149319977111e+00       4.261289773744e+01 
       1.152275230655e+00       4.235519875101e+01 
       1.155230484211e+00       4.209941746891e+01 
       1.158185737778e+00       4.184614387361e+01 
       1.161140991356e+00       4.159474184198e+01 
       1.164096244946e+00       4.134547728237e+01 
       1.167051498546e+00       4.109819118756e+01 
       1.170006752158e+00       4.085308559849e+01 
       1.172962005780e+00       4.060999681056e+01 
       1.175917259414e+00       4.036901713116e+01 
       1.178872513058e+00       4.012966528215e+01 
       1.181827766713e+00       3.989277502674e+01 
       1.184783020379e+00       3.965725303815e+01 
       1.187738274055e+00       3.942406827872e+01 
       1.190693527742e+00       3.919276570702e+01 
       1.193648781439e+00       3.896331060273e+01 
       1.196604035146e+00       3.873569630732e+01 
       1.199559288864e+00       3.850956008268e+01 
       1.202514542592e+00       3.828548136162e+01 
       1.205469796329e+00       3.806347687413e+01 
       1.208425050077e+00       3.784327233840e+01 
       1.211380303835e+00       3.762451299501e+01 
       1.214335557603e+00       3.740754866335e+01 
       1.217290811381e+00       3.719241940617e+01 
       1.220246065168e+00       3.697892529601e+01 
       1.223201318965e+00       3.676734191052e+01 
       1.226156572771e+00       3.655711608223e+01 
       1.229111826587e+00       3.634865442867e+01 
       1.232067080413e+00       3.614198126247e+01 
       1.235022334248e+00       3.593686867899e+01 
       1.237977588092e+00       3.573310653091e+01 
       1.240932841945e+00       3.553130190059e+01 
       1.243888095808e+00       3.533092721947e+01 
       1.246843349680e+00       3.513236722608e+01 
       1.249798603561e+00       3.493513425851e+01 
       1.252753857451e+00       3.473945996212e+01 
       1.255709111349e+00       3.454522965674e+01 
       1.258664365257e+00       3.435256121546e+01 
       1.261619619173e+00       3.416145423616e+01 
       1.264574873098e+00       3.397166813183e+01 
       1.267530127032e+00       3.378334664306e+01 
       1.270485380975e+00       3.359656009503e+01 
       1.273440634926e+00       3.341125561430e+01 
       1.276395888885e+00       3.322734279390e+01 
       1.279351142853e+00       3.304493916452e+01 
       1.282306396830e+00       3.286376978591e+01 
       1.285261650814e+00       3.268391030616e+01 
       1.288216904807e+00       3.250536237729e+01 
       1.291172158808e+00       3.232832308036e+01 
       1.294127412818e+00       3.215256666572e+01 
       1.297082666835e+00       3.197829730321e+01 
       1.300037920860e+00       3.180531167962e+01 
       1.302993174894e+00       3.163332840410e+01 
       1.305948428935e+00       3.146306336983e+01 
       1.308903682985e+00       3.129365129660e+01 
       1.311858937042e+00       3.112565093681e+01 
       1.314814191106e+00       3.095907830851e+01 
       1.317769445179e+00       3.079363945309e+01 
       1.320724699259e+00       3.062925825585e+01 
       1.323679953347e+00       3.046632687003e+01 
       1.326635207442e+00       3.030449466609e+01 
       1.329590461545e+00       3.014384751557e+01 
       1.332545715656e+00       2.998437276687e+01 
       1.335500969774e+00       2.982608927792e+01 
       1.338456223899e+00       2.966896535474e+01 
       1.340840250952e+00       2.954306276788e+01 
       1.341411478031e+00       2.951300778180e+01 
       1.344366732171e+00       2.935830278494e+01 
       1.347321986318e+00       2.920435364231e+01 
       1.350277240472e+00       2.905188891937e+01 
       1.353232494634e+00       2.890027860692e+01 
       1.356187748802e+00       2.874997343486e+01 
       1.359143002977e+00       2.860058179894e+01 
       1.362098257160e+00       2.845237801786e+01 
       1.365053511349e+00       2.830523130627e+01 
       1.368008765545e+00       2.815906458089e+01 
       1.370964019748e+00       2.801393693919e+01 
       1.373919273958e+00       2.787001083875e+01 
       1.376874528175e+00       2.772689101512e+01 
       1.379829782398e+00       2.758488520617e+01 
       1.382785036629e+00       2.744382452379e+01 
       1.385740290865e+00       2.730389869835e+01 
       1.744241728620e+00       1.566524922975e+01 
       2.195867951050e+00       8.910010557380e+00 
       2.764433961683e+00       5.029814014808e+00 
       3.480216163589e+00       2.820258257348e+00 
       4.381332566879e+00       1.571384238244e+00 
       5.515770905966e+00       8.711550623644e-01 
       6.943944159155e+00       4.817085408120e-01 
       8.741907760040e+00       2.659933979538e-01 
       1.100540982668e+01       1.464517679626e-01 
       1.385499009801e+01       8.024231024768e-02 
       1.744239911454e+01       4.373085793488e-02 
       2.195867948795e+01       2.370730218839e-02 
