# Matter power spectrum P(k) at redshift z=0
# for k=9.60881e-06 to 21.9587 h/Mpc,
# number of wavenumbers equal to 853
#    1:k (h/Mpc)              2:P (Mpc/h)^3        
       9.608806565107e-06       6.158146699356e+01 
       2.145156745703e-05       1.335748254595e+02 
       3.332954735221e-05       2.042782175291e+02 
       4.526975115419e-05       2.744214421182e+02 
       5.729956186539e-05       3.444079380786e+02 
       6.944694710181e-05       4.145323193485e+02 
       8.174067122832e-05       4.850410145490e+02 
       9.421051552855e-05       5.561567712243e+02 
       1.068875088434e-04       6.280909691733e+02 
       1.198041711362e-04       7.010508241930e+02 
       1.329947724596e-04       7.752441866059e+02 
       1.464956097987e-04       8.508830953437e+02 
       1.603453042204e-04       9.281866610529e+02 
       1.745851206528e-04       1.007383582441e+03 
       1.892593124115e-04       1.088714473504e+03 
       2.044154922346e-04       1.172434089942e+03 
       2.201050310352e-04       1.258813528850e+03 
       2.363834847410e-04       1.348142419950e+03 
       2.533110483824e-04       1.440731129965e+03 
       2.709530348823e-04       1.536912966150e+03 
       2.893803736693e-04       1.637046353058e+03 
       3.086701210935e-04       1.741516927872e+03 
       3.289059705157e-04       1.850739492520e+03 
       3.501787446709e-04       1.965159699709e+03 
       3.725868463269e-04       2.085255344476e+03 
       3.962366352877e-04       2.211537078741e+03 
       4.212426904911e-04       2.344548307990e+03 
       4.477279056125e-04       2.484864002446e+03 
       4.758233558858e-04       2.633088106236e+03 
       5.056678639574e-04       2.789849169713e+03 
       5.374071853343e-04       2.955793834720e+03 
       5.711927319294e-04       3.131577802375e+03 
       6.071797585811e-04       3.317854021173e+03 
       6.455249558241e-04       3.515257859387e+03 
       6.863834258880e-04       3.724389375067e+03 
       7.299050697801e-04       3.945793013689e+03 
       7.762304804195e-04       4.179935310628e+03 
       8.254865149471e-04       4.427181945857e+03 
       8.777817983007e-04       4.687775391386e+03 
       9.332024751379e-04       4.961815133011e+03 
       9.918085613878e-04       5.249242261485e+03 
       1.053631235555e-03       5.549830264064e+03 
       1.118671346315e-03       5.863183290579e+03 
       1.186899301353e-03       6.188742445544e+03 
       1.258256359613e-03       6.525799880677e+03 
       1.332657200755e-03       6.873519596452e+03 
       1.340840250952e-03       6.911533362266e+03 
       1.409993519211e-03       7.230962745624e+03 
       1.490138307530e-03       7.597115718378e+03 
       1.572950464739e-03       7.970918451714e+03 
       1.658279387686e-03       8.351291130571e+03 
       1.745969263858e-03       8.737158481235e+03 
       1.835862865565e-03       9.127470212061e+03 
       1.927804730282e-03       9.521217460717e+03 
       2.021643687598e-03       9.917445033220e+03 
       2.117234751992e-03       1.031526018038e+04 
       2.214440440455e-03       1.071383685664e+04 
       2.313131596169e-03       1.111241779468e+04 
       2.413187807521e-03       1.151031480244e+04 
       2.514497509855e-03       1.190690621654e+04 
       2.616957849248e-03       1.230163432832e+04 
       2.720474376409e-03       1.269400124082e+04 
       2.824960626633e-03       1.308356523904e+04 
       2.930337630105e-03       1.346993593961e+04 
       3.036533386399e-03       1.385276935633e+04 
       3.143482328220e-03       1.423176492447e+04 
       3.251124792182e-03       1.460666033597e+04 
       3.359406508800e-03       1.497722862510e+04 
       3.468278119440e-03       1.534327373698e+04 
       3.577694724771e-03       1.570462867464e+04 
       3.687615466840e-03       1.606115157198e+04 
       3.798003145249e-03       1.641272289656e+04 
       3.908823866730e-03       1.675924450934e+04 
       4.020046726690e-03       1.710063414103e+04 
       4.131643520835e-03       1.743682903776e+04 
       4.243588484725e-03       1.776777697556e+04 
       4.355858059030e-03       1.809344081906e+04 
       4.468430678260e-03       1.841379289768e+04 
       4.581286580801e-03       1.872881653262e+04 
       4.694407638220e-03       1.903850294558e+04 
       4.807777201933e-03       1.934285185864e+04 
       4.921379965466e-03       1.964186641364e+04 
       5.035201840715e-03       1.993556080597e+04 
       5.149229846737e-03       2.022395267821e+04 
       5.263452009761e-03       2.050706436141e+04 
       5.377857273226e-03       2.078492008168e+04 
       5.492435416790e-03       2.105755289976e+04 
       5.607176983354e-03       2.132499404871e+04 
       5.722073213252e-03       2.158727930868e+04 
       5.837115984859e-03       2.184445147647e+04 
       5.952297760926e-03       2.209654428590e+04 
       6.067611540054e-03       2.234360591987e+04 
       6.183050812766e-03       2.258567874901e+04 
       6.298609521706e-03       2.282280649248e+04 
       6.414282025528e-03       2.305503746835e+04 
       6.530063066118e-03       2.328241872655e+04 
       6.645947738794e-03       2.350499614889e+04 
       6.761931465189e-03       2.372282292087e+04 
       6.878009968562e-03       2.393593955184e+04 
       6.994179251274e-03       2.414440558023e+04 
       7.110435574241e-03       2.434826421725e+04 
       7.226775438162e-03       2.454756251333e+04 
       7.343195566339e-03       2.474236325476e+04 
       7.459692888970e-03       2.493270457176e+04 
       7.576264528736e-03       2.511864392023e+04 
       7.692907787600e-03       2.530022689892e+04 
       7.809620134675e-03       2.547750370992e+04 
       7.926399195086e-03       2.565052602028e+04 
       8.043242739716e-03       2.581934350340e+04 
       8.160148675780e-03       2.598400690722e+04 
       8.277115038132e-03       2.614456365512e+04 
       8.394139981253e-03       2.630106191747e+04 
       8.511221771859e-03       2.645354918749e+04 
       8.628358782070e-03       2.660207364796e+04 
       8.745549483106e-03       2.674668474100e+04 
       8.862792439445e-03       2.688742980297e+04 
       8.980086303427e-03       2.702434684543e+04 
       9.097429810247e-03       2.715748897750e+04 
       9.214821773323e-03       2.728690607365e+04 
       9.332261079998e-03       2.741264037681e+04 
       9.449746687547e-03       2.753473862907e+04 
       9.567277619478e-03       2.765324570375e+04 
       9.684852962090e-03       2.776819915315e+04 
       9.802471861276e-03       2.787964650872e+04 
       9.920133519552e-03       2.798763484786e+04 
       1.003783719329e-02       2.809220571961e+04 
       1.015558219016e-02       2.819340589645e+04 
       1.027336786669e-02       2.829126528282e+04 
       1.039119362611e-02       2.838582908175e+04 
       1.050905891620e-02       2.847715067754e+04 
       1.062696322741e-02       2.856525253672e+04 
       1.074490609101e-02       2.865019509960e+04 
       1.086288707745e-02       2.873199425620e+04 
       1.098090579479e-02       2.881071421734e+04 
       1.109896188722e-02       2.888637884009e+04 
       1.121705503369e-02       2.895902700953e+04 
       1.133518494670e-02       2.902870864113e+04 
       1.145335137105e-02       2.909546072246e+04 
       1.157155408280e-02       2.915931028035e+04 
       1.168979288821e-02       2.922030011484e+04 
       1.180806762280e-02       2.927846576707e+04 
       1.192637815048e-02       2.933384404070e+04 
       1.204472436269e-02       2.938647779512e+04 
       1.216310617768e-02       2.943639195643e+04 
       1.228152353978e-02       2.948362546115e+04 
       1.239997641876e-02       2.952821645125e+04 
       1.251846480920e-02       2.957018680018e+04 
       1.263698872995e-02       2.960959948163e+04 
       1.275554822362e-02       2.964646070601e+04 
       1.287414335609e-02       2.968081496826e+04 
       1.299277421609e-02       2.971269333203e+04 
       1.311144091480e-02       2.974213631054e+04 
       1.323014358550e-02       2.976916297495e+04 
       1.334888238321e-02       2.979381735732e+04 
       1.340840250952e-02       2.980528607302e+04 
       1.346765748445e-02       2.981611985320e+04 
       1.358646908692e-02       2.983612885439e+04 
       1.370531740931e-02       2.985384464296e+04 
       1.382420269108e-02       2.986931321601e+04 
       1.394312519227e-02       2.988257727861e+04 
       1.406208519336e-02       2.989364091112e+04 
       1.418108299514e-02       2.990255002271e+04 
       1.430011891861e-02       2.990933835617e+04 
       1.441919330488e-02       2.991402858565e+04 
       1.453830651516e-02       2.991664686411e+04 
       1.465745893064e-02       2.991724022007e+04 
       1.477665095257e-02       2.991582297593e+04 
       1.489588300219e-02       2.991241470791e+04 
       1.501515552078e-02       2.990707222208e+04 
       1.513446896973e-02       2.989978818190e+04 
       1.525382383055e-02       2.989062827504e+04 
       1.537322060500e-02       2.987959679654e+04 
       1.549265981514e-02       2.986671424703e+04 
       1.561214200349e-02       2.985203612549e+04 
       1.573166773313e-02       2.983557501957e+04 
       1.585123758789e-02       2.981735990947e+04 
       1.597085217246e-02       2.979740172990e+04 
       1.609051211262e-02       2.977573512367e+04 
       1.621021805544e-02       2.975240522708e+04 
       1.632997066945e-02       2.972741328424e+04 
       1.644977064494e-02       2.970081425320e+04 
       1.656961869415e-02       2.967260049150e+04 
       1.668951555156e-02       2.964282721607e+04 
       1.680946197418e-02       2.961150378156e+04 
       1.692945874185e-02       2.957863337588e+04 
       1.704950665752e-02       2.954426013167e+04 
       1.716960654760e-02       2.950844732469e+04 
       1.728975926234e-02       2.947117265059e+04 
       1.740996567612e-02       2.943248556795e+04 
       1.753022668790e-02       2.939232702281e+04 
       1.765054322158e-02       2.935085925355e+04 
       1.777091622640e-02       2.930803018508e+04 
       1.789134667742e-02       2.926384092455e+04 
       1.801183557591e-02       2.921834888545e+04 
       1.813238394985e-02       2.917158823615e+04 
       1.825299285442e-02       2.912354994005e+04 
       1.837366337244e-02       2.907425705201e+04 
       1.849439661498e-02       2.902378775541e+04 
       1.861519372184e-02       2.897209859419e+04 
       1.873605586209e-02       2.891923718953e+04 
       1.885698423471e-02       2.886519544301e+04 
       1.897798006914e-02       2.881005322039e+04 
       1.909904462590e-02       2.875380213152e+04 
       1.922017919724e-02       2.869645961289e+04 
       1.934138510781e-02       2.863803314100e+04 
       1.946266371531e-02       2.857860724678e+04 
       1.958401641121e-02       2.851811369943e+04 
       1.970544462148e-02       2.845659420750e+04 
       1.982694980735e-02       2.839406910545e+04 
       1.994853346605e-02       2.833063302206e+04 
       2.007019713163e-02       2.826628785582e+04 
       2.019194237580e-02       2.820094547783e+04 
       2.031377080876e-02       2.813470721332e+04 
       2.043568408007e-02       2.806756918860e+04 
       2.055768387959e-02       2.799959295063e+04 
       2.067977193838e-02       2.793077261475e+04 
       2.080195002968e-02       2.786103756738e+04 
       2.092421996990e-02       2.779058886932e+04 
       2.104658361966e-02       2.771931677465e+04 
       2.116904288482e-02       2.764724913934e+04 
       2.129159971762e-02       2.757443182779e+04 
       2.141425611774e-02       2.750089429716e+04 
       2.153701413353e-02       2.742660736450e+04 
       2.165987586316e-02       2.735164139578e+04 
       2.178284345590e-02       2.727591897012e+04 
       2.190591911335e-02       2.719954609956e+04 
       2.202910509081e-02       2.712264220696e+04 
       2.215240369858e-02       2.704489543874e+04 
       2.227581730343e-02       2.696672887878e+04 
       2.239934833002e-02       2.688787647701e+04 
       2.252299926238e-02       2.680837413535e+04 
       2.264677264547e-02       2.672830413249e+04 
       2.277067108681e-02       2.664771103062e+04 
       2.289469725807e-02       2.656657789413e+04 
       2.301885389681e-02       2.648488482328e+04 
       2.314314380825e-02       2.640271313619e+04 
       2.326756986705e-02       2.632005524649e+04 
       2.339213501923e-02       2.623687608888e+04 
       2.351684228407e-02       2.615328030174e+04 
       2.364169475618e-02       2.606914101645e+04 
       2.376669560751e-02       2.598458143344e+04 
       2.389184808955e-02       2.589968565383e+04 
       2.401715553552e-02       2.581434840387e+04 
       2.414262136268e-02       2.572855317885e+04 
       2.426824907472e-02       2.564238627767e+04 
       2.439404226421e-02       2.555583194218e+04 
       2.452000461516e-02       2.546898196713e+04 
       2.464613990562e-02       2.538172062878e+04 
       2.477245201050e-02       2.529427482733e+04 
       2.489894490429e-02       2.520631943515e+04 
       2.502562266411e-02       2.511815690550e+04 
       2.515248947266e-02       2.502963689041e+04 
       2.527954962141e-02       2.494087789774e+04 
       2.540680751389e-02       2.485188304768e+04 
       2.553426766904e-02       2.476252925879e+04 
       2.566193472477e-02       2.467298877515e+04 
       2.578981344156e-02       2.458322686536e+04 
       2.591790870631e-02       2.449313793222e+04 
       2.604622553622e-02       2.440292196007e+04 
       2.617476908292e-02       2.431250065921e+04 
       2.630354463668e-02       2.422186863031e+04 
       2.643255763084e-02       2.413109328531e+04 
       2.656181364641e-02       2.404003029668e+04 
       2.669131841680e-02       2.394884057893e+04 
       2.682107783281e-02       2.385755965149e+04 
       2.695109794777e-02       2.376607743863e+04 
       2.708138498293e-02       2.367448639660e+04 
       2.721194533301e-02       2.358274247916e+04 
       2.734278557209e-02       2.349090588442e+04 
       2.747391245960e-02       2.339901274449e+04 
       2.760533294667e-02       2.330690876594e+04 
       2.773705418273e-02       2.321473126001e+04 
       2.786908352235e-02       2.312253854283e+04 
       2.800142853243e-02       2.303023265411e+04 
       2.813409699967e-02       2.293786197634e+04 
       2.826709693835e-02       2.284542090282e+04 
       2.840043659852e-02       2.275292473291e+04 
       2.853412447450e-02       2.266047582935e+04 
       2.866816931377e-02       2.256788771325e+04 
       2.880258012627e-02       2.247521445208e+04 
       2.893736619415e-02       2.238265310648e+04 
       2.907253708194e-02       2.229003505000e+04 
       2.920810264721e-02       2.219736792058e+04 
       2.934407305175e-02       2.210474438191e+04 
       2.948045877321e-02       2.201211032601e+04 
       2.961727061742e-02       2.191949384891e+04 
       2.975451973121e-02       2.182683374592e+04 
       2.989221761589e-02       2.173420992386e+04 
       3.003037614139e-02       2.164166136066e+04 
       3.016900756117e-02       2.154908409223e+04 
       3.030812452776e-02       2.145657871012e+04 
       3.044774010920e-02       2.136408297927e+04 
       3.058786780630e-02       2.127167287743e+04 
       3.072852157076e-02       2.117931779594e+04 
       3.086971582433e-02       2.108691659684e+04 
       3.101146547885e-02       2.099467267896e+04 
       3.115378595751e-02       2.090243560976e+04 
       3.129669321722e-02       2.081031711876e+04 
       3.144020377212e-02       2.071824145343e+04 
       3.158433471856e-02       2.062630887235e+04 
       3.172910376133e-02       2.053429829668e+04 
       3.187452924144e-02       2.044245898529e+04 
       3.202063016555e-02       2.035079418156e+04 
       3.216742623699e-02       2.025902477432e+04 
       3.231493788869e-02       2.016742099644e+04 
       3.246318631807e-02       2.007588901911e+04 
       3.261219352393e-02       1.998452359065e+04 
       3.276198234571e-02       1.989316584966e+04 
       3.291257650510e-02       1.980192972590e+04 
       3.306400065020e-02       1.971075832024e+04 
       3.321628040257e-02       1.961972127745e+04 
       3.336944240719e-02       1.952872494903e+04 
       3.352351438569e-02       1.943785264071e+04 
       3.367852519309e-02       1.934713906516e+04 
       3.383450487819e-02       1.925643718994e+04 
       3.399148474820e-02       1.916588581563e+04 
       3.414949743755e-02       1.907539822720e+04 
       3.430857698166e-02       1.898504471340e+04 
       3.446875889567e-02       1.889472324613e+04 
       3.463008025889e-02       1.880459530589e+04 
       3.479257980522e-02       1.871444683393e+04 
       3.495629802021e-02       1.862443887929e+04 
       3.512127724527e-02       1.853452552841e+04 
       3.528756178965e-02       1.844466962207e+04 
       3.545519805097e-02       1.835492956863e+04 
       3.562423464504e-02       1.826529240881e+04 
       3.579472254579e-02       1.817564392675e+04 
       3.596671523640e-02       1.808612142498e+04 
       3.614026887252e-02       1.799667732020e+04 
       3.631544245892e-02       1.790725437092e+04 
       3.649229804085e-02       1.781794640453e+04 
       3.667090091150e-02       1.772869199990e+04 
       3.685131983735e-02       1.763945838043e+04 
       3.703362730319e-02       1.755026627647e+04 
       3.721789977886e-02       1.746113713349e+04 
       3.740421801010e-02       1.737204673142e+04 
       3.759266733610e-02       1.728294034050e+04 
       3.778333803674e-02       1.719390186461e+04 
       3.797632571286e-02       1.710486758137e+04 
       3.817173170333e-02       1.701577648042e+04 
       3.836966354332e-02       1.692675562481e+04 
       3.857023546854e-02       1.683768708259e+04 
       3.877356897116e-02       1.674852764488e+04 
       3.897979341371e-02       1.665937693766e+04 
       3.918904670834e-02       1.657018198353e+04 
       3.940147606981e-02       1.648086404943e+04 
       3.961723885185e-02       1.639156484689e+04 
       3.983650347813e-02       1.630211505971e+04 
       4.005945048063e-02       1.621253781170e+04 
       4.028627366054e-02       1.612283142276e+04 
       4.051718138899e-02       1.603302982863e+04 
       4.075239806802e-02       1.594300318695e+04 
       4.099216577565e-02       1.585280627826e+04 
       4.123674612296e-02       1.576238476693e+04 
       4.148642235616e-02       1.567182020906e+04 
       4.174150174270e-02       1.558092116126e+04 
       4.200231828759e-02       1.548974216658e+04 
       4.226923583501e-02       1.539825258995e+04 
       4.254265162110e-02       1.530639133611e+04 
       4.282300035679e-02       1.521415345508e+04 
       4.311075893579e-02       1.512149336164e+04 
       4.340645188291e-02       1.502838745176e+04 
       4.371065768219e-02       1.493473507675e+04 
       4.402401615527e-02       1.484053990772e+04 
       4.434723709877e-02       1.474569311328e+04 
       4.468111043710e-02       1.465018697199e+04 
       4.502651820803e-02       1.455389130882e+04 
       4.538444877439e-02       1.445676923346e+04 
       4.575601375216e-02       1.435868472329e+04 
       4.614246826849e-02       1.425962378360e+04 
       4.654523531967e-02       1.415940767563e+04 
       4.696593519920e-02       1.405792266838e+04 
       4.740642122070e-02       1.395499631169e+04 
       4.786882328322e-02       1.385045504188e+04 
       4.835560123373e-02       1.374408229961e+04 
       4.886961048627e-02       1.363564209103e+04 
       4.941418296853e-02       1.352480138405e+04 
       4.999322717330e-02       1.341122445586e+04 
       5.061135183772e-02       1.329441576201e+04 
       5.127401840452e-02       1.317383278705e+04 
       5.198772758185e-02       1.304869411697e+04 
       5.276024426081e-02       1.291811792017e+04 
       5.360086127365e-02       1.278084250841e+04 
       5.452069313541e-02       1.263526335424e+04 
       5.553297095419e-02       1.247920199716e+04 
       5.665327101943e-02       1.230980638445e+04 
       5.789954167158e-02       1.212309690339e+04 
       5.929168945370e-02       1.191409828174e+04 
       6.085036548254e-02       1.167613925018e+04 
       6.259454825285e-02       1.140139550340e+04 
       6.453776374304e-02       1.108129141944e+04 
       6.668357380004e-02       1.070840167511e+04 
       6.902216485440e-02       1.027904201415e+04 
       7.153040433430e-02       9.796118578091e+03 
       7.417624560955e-02       9.270522654353e+03 
       7.692550204707e-02       8.720105746432e+03 
       7.974764457966e-02       8.166571016697e+03 
       8.261868153359e-02       7.631643222732e+03 
       8.552138302743e-02       7.133937758660e+03 
       8.844410967445e-02       6.687029669053e+03 
       9.137930800212e-02       6.298603149973e+03 
       9.432220011494e-02       5.970829915854e+03 
       9.726981184253e-02       5.700994949446e+03 
       1.002203099888e-01       5.482585471196e+03 
       1.031725713561e-01       5.306360317497e+03 
       1.061259101823e-01       5.161464678321e+03 
       1.090799085955e-01       5.036424109303e+03 
       1.120343121910e-01       4.920213295304e+03 
       1.149889661003e-01       4.803135517953e+03 
       1.179437759917e-01       4.677641271849e+03 
       1.208986843296e-01       4.538915704711e+03 
       1.238536559415e-01       4.385075131586e+03 
       1.268086692497e-01       4.217046514170e+03 
       1.297637109457e-01       4.038081127192e+03 
       1.327187727566e-01       3.853065242499e+03 
       1.340840250952e-01       3.767101679177e+03 
       1.356738494811e-01       3.667669202446e+03 
       1.386289377960e-01       3.487630733909e+03 
       1.415840355311e-01       3.318018250332e+03 
       1.445391412276e-01       3.162807526069e+03 
       1.474942538695e-01       3.024593029238e+03 
       1.504493727191e-01       2.904514080571e+03 
       1.534044972171e-01       2.802310308520e+03 
       1.563596269198e-01       2.716533483192e+03 
       1.593147614621e-01       2.644743176861e+03 
       1.622699005326e-01       2.583904267253e+03 
       1.652250438591e-01       2.530638119740e+03 
       1.681801911989e-01       2.481759867364e+03 
       1.711353423324e-01       2.434381218146e+03 
       1.740904970585e-01       2.385192180228e+03 
       1.770456551924e-01       2.332280844267e+03 
       1.800008165623e-01       2.274609543499e+03 
       1.829559810091e-01       2.212010556066e+03 
       1.859111483839e-01       2.145102016155e+03 
       1.888663185477e-01       2.075099384417e+03 
       1.918214913703e-01       2.003604393625e+03 
       1.947766667297e-01       1.932376038615e+03 
       1.977318445111e-01       1.863123152386e+03 
       2.006870246068e-01       1.797340698240e+03 
       2.036422069151e-01       1.736180515587e+03 
       2.065973913404e-01       1.680406353136e+03 
       2.095525777925e-01       1.630355660107e+03 
       2.125077661863e-01       1.585969567893e+03 
       2.154629564414e-01       1.546823280694e+03 
       2.184181484816e-01       1.512238346269e+03 
       2.213733422350e-01       1.481301221995e+03 
       2.243285376335e-01       1.453003240718e+03 
       2.272837346125e-01       1.426311697823e+03 
       2.302389331107e-01       1.400259046097e+03 
       2.331941330700e-01       1.374031956075e+03 
       2.361493344353e-01       1.347004560217e+03 
       2.391045371539e-01       1.318801407761e+03 
       2.420597411762e-01       1.289299451039e+03 
       2.450149464547e-01       1.258608685613e+03 
       2.479701529441e-01       1.227036921764e+03 
       2.509253606014e-01       1.195033147391e+03 
       2.538805693857e-01       1.163128485834e+03 
       2.568357792577e-01       1.131857346013e+03 
       2.597909901802e-01       1.101715398878e+03 
       2.627462021175e-01       1.073106562434e+03 
       2.657014150356e-01       1.046305621003e+03 
       2.686566289019e-01       1.021464208729e+03 
       2.716118436854e-01       9.985903825275e+02 
       2.745670593561e-01       9.775763905817e+02 
       2.775222758857e-01       9.582170734160e+02 
       2.804774932469e-01       9.402324301123e+02 
       2.834327114135e-01       9.233081265061e+02 
       2.863879303604e-01       9.071192899978e+02 
       2.893431500636e-01       8.913610051369e+02 
       2.922983705001e-01       8.757723499882e+02 
       2.952535916477e-01       8.601485158232e+02 
       2.982088134852e-01       8.443594931165e+02 
       3.011640359922e-01       8.283429391738e+02 
       3.041192591490e-01       8.121149546108e+02 
       3.070744829369e-01       7.957375513794e+02 
       3.100297073377e-01       7.793281003365e+02 
       3.129849323339e-01       7.630286845035e+02 
       3.159401579087e-01       7.469941217461e+02 
       3.188953840461e-01       7.313706265754e+02 
       3.218506107304e-01       7.162853657029e+02 
       3.248058379466e-01       7.018375101282e+02 
       3.277610656803e-01       6.880847526383e+02 
       3.307162939175e-01       6.750475164798e+02 
       3.336715226449e-01       6.627057317093e+02 
       3.366267518494e-01       6.510068730046e+02 
       3.395819815185e-01       6.398745907485e+02 
       3.425372116402e-01       6.292132238651e+02 
       3.454924422028e-01       6.189256645956e+02 
       3.484476731950e-01       6.089121603560e+02 
       3.514029046060e-01       5.990880962780e+02 
       3.543581364252e-01       5.893844261222e+02 
       3.573133686424e-01       5.797523871532e+02 
       3.602686012479e-01       5.701652106482e+02 
       3.632238342321e-01       5.606166325525e+02 
       3.661790675857e-01       5.511177323732e+02 
       3.691343013000e-01       5.416930944322e+02 
       3.720895353662e-01       5.323766802932e+02 
       3.750447697760e-01       5.232060688214e+02 
       3.780000045214e-01       5.142186850795e+02 
       3.809552395944e-01       5.054482246739e+02 
       3.839104749875e-01       4.969224301915e+02 
       3.868657106934e-01       4.886594189791e+02 
       3.898209467048e-01       4.806692308862e+02 
       3.927761830149e-01       4.729522599741e+02 
       3.957314196169e-01       4.655008745151e+02 
       3.986866565043e-01       4.582997828333e+02 
       4.016418936709e-01       4.513279091154e+02 
       4.045971311104e-01       4.445607636315e+02 
       4.075523688169e-01       4.379714406166e+02 
       4.105076067847e-01       4.315330253805e+02 
       4.134628450080e-01       4.252202800301e+02 
       4.164180834815e-01       4.190123998920e+02 
       4.193733221999e-01       4.128917178917e+02 
       4.223285611578e-01       4.068466162557e+02 
       4.252838003505e-01       4.008712996952e+02 
       4.282390397729e-01       3.949651071916e+02 
       4.311942794204e-01       3.891322998519e+02 
       4.341495192883e-01       3.833810978951e+02 
       4.371047593722e-01       3.777218111998e+02 
       4.400599996676e-01       3.721657497843e+02 
       4.430152401704e-01       3.667244733441e+02 
       4.459704808764e-01       3.614067754455e+02 
       4.489257217816e-01       3.562194665447e+02 
       4.518809628820e-01       3.511654807133e+02 
       4.548362041738e-01       3.462443428799e+02 
       4.577914456533e-01       3.414521292739e+02 
       4.607466873170e-01       3.367817267535e+02 
       4.637019291612e-01       3.322240108653e+02 
       4.666571711825e-01       3.277684219741e+02 
       4.696124133776e-01       3.234044254492e+02 
       4.725676557432e-01       3.191217143844e+02 
       4.755228982761e-01       3.149115850619e+02 
       4.784781409731e-01       3.107673536772e+02 
       4.814333838314e-01       3.066839712547e+02 
       4.843886268478e-01       3.026588013221e+02 
       4.873438700196e-01       2.986910863166e+02 
       4.902991133439e-01       2.947815862461e+02 
       4.932543568179e-01       2.909319657801e+02 
       4.962096004390e-01       2.871446343538e+02 
       4.991648442045e-01       2.834218964074e+02 
       5.021200881120e-01       2.797660040873e+02 
       5.050753321588e-01       2.761783047169e+02 
       5.080305763426e-01       2.726597111017e+02 
       5.109858206609e-01       2.692107709322e+02 
       5.139410651115e-01       2.658302098672e+02 
       5.168963096921e-01       2.625170189622e+02 
       5.198515544004e-01       2.592688102137e+02 
       5.228067992342e-01       2.560836071499e+02 
       5.257620441916e-01       2.529583523506e+02 
       5.287172892702e-01       2.498903687901e+02 
       5.316725344683e-01       2.468766517163e+02 
       5.346277797837e-01       2.439141293976e+02 
       5.375830252145e-01       2.410001591543e+02 
       5.405382707588e-01       2.381325345781e+02 
       5.434935164148e-01       2.353091346905e+02 
       5.464487621807e-01       2.325282756598e+02 
       5.494040080546e-01       2.297889479310e+02 
       5.523592540348e-01       2.270904594657e+02 
       5.553145001197e-01       2.244329777252e+02 
       5.582697463075e-01       2.218159272623e+02 
       5.612249925967e-01       2.192398595492e+02 
       5.641802389856e-01       2.167050526264e+02 
       5.671354854727e-01       2.142115849621e+02 
       5.700907320564e-01       2.117600238027e+02 
       5.730459787353e-01       2.093491816870e+02 
       5.760012255078e-01       2.069790818763e+02 
       5.789564723725e-01       2.046491298204e+02 
       5.819117193281e-01       2.023584503910e+02 
       5.848669663732e-01       2.001056976930e+02 
       5.878222135063e-01       1.978895678003e+02 
       5.907774607262e-01       1.957088643692e+02 
       5.937327080316e-01       1.935622045599e+02 
       5.966879554211e-01       1.914485518636e+02 
       5.996432028937e-01       1.893662384380e+02 
       6.025984504479e-01       1.873155145605e+02 
       6.055536980827e-01       1.852940833355e+02 
       6.085089457968e-01       1.833019050773e+02 
       6.114641935891e-01       1.813390602779e+02 
       6.144194414585e-01       1.794048917768e+02 
       6.173746894038e-01       1.774975652127e+02 
       6.203299374240e-01       1.756187502507e+02 
       6.232851855181e-01       1.737670482372e+02 
       6.262404336848e-01       1.719422398912e+02 
       6.291956819233e-01       1.701448059459e+02 
       6.321509302325e-01       1.683735129476e+02 
       6.351061786114e-01       1.666289949795e+02 
       6.380614270591e-01       1.649097940624e+02 
       6.410166755746e-01       1.632161867590e+02 
       6.439719241570e-01       1.615477633592e+02 
       6.469271728053e-01       1.599033836580e+02 
       6.498824215187e-01       1.582829519562e+02 
       6.528376702962e-01       1.566858677955e+02 
       6.557929191370e-01       1.551113113765e+02 
       6.587481680403e-01       1.535587790339e+02 
       6.617034170051e-01       1.520282086793e+02 
       6.646586660308e-01       1.505182509579e+02 
       6.676139151164e-01       1.490293302188e+02 
       6.705691642611e-01       1.475604360034e+02 
       6.735244134643e-01       1.461114919334e+02 
       6.764796627251e-01       1.446821544168e+02 
       6.794349120428e-01       1.432717540797e+02 
       6.823901614166e-01       1.418808667382e+02 
       6.853454108458e-01       1.405083159345e+02 
       6.883006603297e-01       1.391547649335e+02 
       6.912559098676e-01       1.378193002956e+02 
       6.942111594588e-01       1.365017722936e+02 
       6.971664091026e-01       1.352018904652e+02 
       7.001216587983e-01       1.339192531412e+02 
       7.030769085454e-01       1.326539003461e+02 
       7.060321583431e-01       1.314053385226e+02 
       7.089874081908e-01       1.301729556614e+02 
       7.119426580878e-01       1.289572779758e+02 
       7.148979080337e-01       1.277565126600e+02 
       7.178531580277e-01       1.265724520022e+02 
       7.208084080694e-01       1.254030919960e+02 
       7.237636581580e-01       1.242490769412e+02 
       7.267189082930e-01       1.231095400619e+02 
       7.296741584739e-01       1.219843366908e+02 
       7.326294087000e-01       1.208737076861e+02 
       7.355846589710e-01       1.197767572254e+02 
       7.385399092861e-01       1.186939616411e+02 
       7.414951596449e-01       1.176246225188e+02 
       7.444504100469e-01       1.165684492700e+02 
       7.474056604915e-01       1.155254924194e+02 
       7.503609109783e-01       1.144955108784e+02 
       7.533161615067e-01       1.134786997715e+02 
       7.562714120763e-01       1.124735693401e+02 
       7.592266626866e-01       1.114814023256e+02 
       7.621819133370e-01       1.105014860638e+02 
       7.651371640272e-01       1.095334639852e+02 
       7.680924147567e-01       1.085770812828e+02 
       7.710476655250e-01       1.076324442047e+02 
       7.740029163317e-01       1.066994413489e+02 
       7.769581671763e-01       1.057776964719e+02 
       7.799134180584e-01       1.048669142921e+02 
       7.828686689776e-01       1.039668472711e+02 
       7.858239199334e-01       1.030780812228e+02 
       7.887791709255e-01       1.021993339641e+02 
       7.917344219535e-01       1.013307263828e+02 
       7.946896730169e-01       1.004731819495e+02 
       7.976449241153e-01       9.962507481831e+01 
       8.006001752484e-01       9.878695818135e+01 
       8.035554264158e-01       9.795883605894e+01 
       8.065106776171e-01       9.714029806311e+01 
       8.094659288519e-01       9.633104608208e+01 
       8.124211801198e-01       9.553099965138e+01 
       8.153764314206e-01       9.474078916989e+01 
       8.183316827538e-01       9.395903292555e+01 
       8.212869341190e-01       9.318658661988e+01 
       8.242421855161e-01       9.242305267657e+01 
       8.271974369445e-01       9.166791165112e+01 
       8.301526884040e-01       9.092170269814e+01 
       8.331079398943e-01       9.018360746045e+01 
       8.360631914149e-01       8.945391159147e+01 
       8.390184429657e-01       8.873254682449e+01 
       8.419736945462e-01       8.801920290029e+01 
       8.449289461562e-01       8.731382813207e+01 
       8.478841977953e-01       8.661614200474e+01 
       8.508394494633e-01       8.592659023811e+01 
       8.537947011598e-01       8.524454877012e+01 
       8.567499528845e-01       8.456971739515e+01 
       8.597052046373e-01       8.390246385007e+01 
       8.626604564177e-01       8.324262479326e+01 
       8.656157082254e-01       8.258979149443e+01 
       8.685709600603e-01       8.194417309107e+01 
       8.715262119220e-01       8.130564634745e+01 
       8.744814638103e-01       8.067397152505e+01 
       8.774367157249e-01       8.004909998114e+01 
       8.803919676655e-01       7.943076035094e+01 
       8.833472196318e-01       7.881916608002e+01 
       8.863024716237e-01       7.821424571522e+01 
       8.892577236408e-01       7.761542066131e+01 
       8.922129756829e-01       7.702348140712e+01 
       8.951682277497e-01       7.643754995572e+01 
       8.981234798411e-01       7.585774640486e+01 
       9.010787319567e-01       7.528397271230e+01 
       9.040339840964e-01       7.471640142324e+01 
       9.069892362598e-01       7.415492782003e+01 
       9.099444884468e-01       7.359887333246e+01 
       9.128997406571e-01       7.304846283515e+01 
       9.158549928906e-01       7.250417156524e+01 
       9.188102451469e-01       7.196560315303e+01 
       9.217654974258e-01       7.143228362667e+01 
       9.247207497272e-01       7.090459413448e+01 
       9.276760020509e-01       7.038231738912e+01 
       9.306312543965e-01       6.986511602501e+01 
       9.335865067640e-01       6.935335697564e+01 
       9.365417591530e-01       6.884693506483e+01 
       9.394970115635e-01       6.834532828384e+01 
       9.424522639951e-01       6.784913213943e+01 
       9.454075164477e-01       6.735790182736e+01 
       9.483627689212e-01       6.687127320377e+01 
       9.513180214152e-01       6.639003001884e+01 
       9.542732739296e-01       6.591290993679e+01 
       9.572285264643e-01       6.544085357402e+01 
       9.601837790190e-01       6.497352633658e+01 
       9.631390315936e-01       6.451079446826e+01 
       9.660942841878e-01       6.405224199064e+01 
       9.690495368015e-01       6.359886427112e+01 
       9.720047894345e-01       6.314966718435e+01 
       9.749600420866e-01       6.270478206863e+01 
       9.779152947578e-01       6.226441983216e+01 
       9.808705474477e-01       6.182817732624e+01 
       9.838258001562e-01       6.139613107416e+01 
       9.867810528831e-01       6.096802965181e+01 
       9.897363056284e-01       6.054468601350e+01 
       9.926915583918e-01       6.012504438888e+01 
       9.956468111731e-01       5.970950852782e+01 
       9.986020639722e-01       5.929782063246e+01 
       1.001557316789e+00       5.889027019804e+01 
       1.004512569623e+00       5.848647402055e+01 
       1.007467822475e+00       5.808617918993e+01 
       1.010423075344e+00       5.769034416468e+01 
       1.013378328229e+00       5.729786453548e+01 
       1.016333581132e+00       5.690926978674e+01 
       1.019288834052e+00       5.652392171476e+01 
       1.022244086988e+00       5.614270226181e+01 
       1.025199339940e+00       5.576483805111e+01 
       1.028154592909e+00       5.539046433248e+01 
       1.031109845894e+00       5.501965800930e+01 
       1.034065098895e+00       5.465205371854e+01 
       1.037020351912e+00       5.428798182809e+01 
       1.039975604944e+00       5.392742961162e+01 
       1.042930857992e+00       5.356994671938e+01 
       1.045886111056e+00       5.321602944134e+01 
       1.048841364135e+00       5.286520470094e+01 
       1.051796617229e+00       5.251737853439e+01 
       1.054751870339e+00       5.217306593485e+01 
       1.057707123463e+00       5.183172240806e+01 
       1.060662376602e+00       5.149356907606e+01 
       1.063617629756e+00       5.115822836481e+01 
       1.066572882925e+00       5.082626587724e+01 
       1.069528136108e+00       5.049702203693e+01 
       1.072483389305e+00       5.017080088954e+01 
       1.075438642516e+00       4.984755154032e+01 
       1.078393895742e+00       4.952713925227e+01 
       1.081349148982e+00       4.920944273032e+01 
       1.084304402235e+00       4.889485697907e+01 
       1.087259655503e+00       4.858292884020e+01 
       1.090214908784e+00       4.827381344401e+01 
       1.093170162078e+00       4.796738113483e+01 
       1.096125415386e+00       4.766354212509e+01 
       1.099080668708e+00       4.736242854734e+01 
       1.102035922042e+00       4.706410424268e+01 
       1.104991175390e+00       4.676840976068e+01 
       1.107946428751e+00       4.647503529823e+01 
       1.110901682124e+00       4.618451985063e+01 
       1.113856935511e+00       4.589625736720e+01 
       1.116812188910e+00       4.561051770299e+01 
       1.119767442322e+00       4.532729354758e+01 
       1.122722695746e+00       4.504655344925e+01 
       1.125677949183e+00       4.476835440898e+01 
       1.128633202632e+00       4.449229799125e+01 
       1.131588456093e+00       4.421857305811e+01 
       1.134543709566e+00       4.394727152558e+01 
       1.137498963052e+00       4.367829130125e+01 
       1.140454216549e+00       4.341161945274e+01 
       1.143409470058e+00       4.314700446679e+01 
       1.146364723579e+00       4.288478155520e+01 
       1.149319977111e+00       4.262496228569e+01 
       1.152275230655e+00       4.236719033964e+01 
       1.155230484211e+00       4.211133664088e+01 
       1.158185737778e+00       4.185799133888e+01 
       1.161140991356e+00       4.160651813042e+01 
       1.164096244946e+00       4.135718299904e+01 
       1.167051498546e+00       4.110982689270e+01 
       1.170006752158e+00       4.086465190939e+01 
       1.172962005780e+00       4.062149429831e+01 
       1.175917259414e+00       4.038044639279e+01 
       1.178872513058e+00       4.014102677868e+01 
       1.181827766713e+00       3.990406945495e+01 
       1.184783020379e+00       3.966848078553e+01 
       1.187738274055e+00       3.943523000687e+01 
       1.190693527742e+00       3.920386194891e+01 
       1.193648781439e+00       3.897434188129e+01 
       1.196604035146e+00       3.874666314384e+01 
       1.199559288864e+00       3.852046289560e+01 
       1.202514542592e+00       3.829632073345e+01 
       1.205469796329e+00       3.807425339215e+01 
       1.208425050077e+00       3.785398651222e+01 
       1.211380303835e+00       3.763516523381e+01 
       1.214335557603e+00       3.741813947528e+01 
       1.217290811381e+00       3.720294931082e+01 
       1.220246065168e+00       3.698939475624e+01 
       1.223201318965e+00       3.677775146733e+01 
       1.226156572771e+00       3.656746611997e+01 
       1.229111826587e+00       3.635894544681e+01 
       1.232067080413e+00       3.615221376736e+01 
       1.235022334248e+00       3.594704311249e+01 
       1.237977588092e+00       3.574322327543e+01 
       1.240932841945e+00       3.554136151027e+01 
       1.243888095808e+00       3.534093009921e+01 
       1.246843349680e+00       3.514231388955e+01 
       1.249798603561e+00       3.494502508147e+01 
       1.252753857451e+00       3.474929538576e+01 
       1.255709111349e+00       3.455501008996e+01 
       1.258664365257e+00       3.436228710041e+01 
       1.261619619173e+00       3.417112601499e+01 
       1.264574873098e+00       3.398128617855e+01 
       1.267530127032e+00       3.379291137233e+01 
       1.270485380975e+00       3.360607194140e+01 
       1.273440634926e+00       3.342071499733e+01 
       1.276395888885e+00       3.323675010762e+01 
       1.279351142853e+00       3.305429483611e+01 
       1.282306396830e+00       3.287307416486e+01 
       1.285261650814e+00       3.269316376331e+01 
       1.288216904807e+00       3.251456528405e+01 
       1.291172158808e+00       3.233747586383e+01 
       1.294127412818e+00       3.216166968919e+01 
       1.297082666835e+00       3.198735098762e+01 
       1.300037920860e+00       3.181431638842e+01 
       1.302993174894e+00       3.164228442104e+01 
       1.305948428935e+00       3.147197118138e+01 
       1.308903682985e+00       3.130251114421e+01 
       1.311858937042e+00       3.113446322020e+01 
       1.314814191106e+00       3.096784343193e+01 
       1.317769445179e+00       3.080235773755e+01 
       1.320724699259e+00       3.063793000080e+01 
       1.323679953347e+00       3.047495248592e+01 
       1.326635207442e+00       3.031307446412e+01 
       1.329590461545e+00       3.015238183122e+01 
       1.332545715656e+00       2.999286193208e+01 
       1.335500969774e+00       2.983453362996e+01 
       1.338456223899e+00       2.967736522188e+01 
       1.340840250952e+00       2.955142698952e+01 
       1.341411478031e+00       2.952136349431e+01 
       1.344366732171e+00       2.936661469743e+01 
       1.347321986318e+00       2.921262196882e+01 
       1.350277240472e+00       2.906011408009e+01 
       1.353232494634e+00       2.890846084383e+01 
       1.356187748802e+00       2.875811311738e+01 
       1.359143002977e+00       2.860867918579e+01 
       1.362098257160e+00       2.846043344527e+01 
       1.365053511349e+00       2.831324507358e+01 
       1.368008765545e+00       2.816703696549e+01 
       1.370964019748e+00       2.802186823534e+01 
       1.373919273958e+00       2.787790138660e+01 
       1.376874528175e+00       2.773474104294e+01 
       1.379829782398e+00       2.759269502936e+01 
       1.382785036629e+00       2.745159440995e+01 
       1.385740290865e+00       2.731162896876e+01 
       1.744241728620e+00       1.566968436990e+01 
       2.195867951050e+00       8.912533156684e+00 
       2.764433961683e+00       5.031238054146e+00 
       3.480216163589e+00       2.821056727976e+00 
       4.381332566879e+00       1.571829128057e+00 
       5.515770905966e+00       8.714017035137e-01 
       6.943944159155e+00       4.818449219841e-01 
       8.741907760040e+00       2.660687059220e-01 
       1.100540982668e+01       1.464932313417e-01 
       1.385499009801e+01       8.026502842567e-02 
       1.744239911454e+01       4.374323900182e-02 
       2.195867948795e+01       2.371401419244e-02 
