# Matter power spectrum P(k) at redshift z=0
# for k=9.60881e-06 to 21.9587 h/Mpc,
# number of wavenumbers equal to 853
#    1:k (h/Mpc)              2:P (Mpc/h)^3        
       9.608806565107e-06       6.163829605608e+01 
       2.145156745703e-05       1.336978307127e+02 
       3.332954735221e-05       2.044655944401e+02 
       4.526975115419e-05       2.746717381238e+02 
       5.729956186539e-05       3.447197359241e+02 
       6.944694710181e-05       4.149041213180e+02 
       8.174067122832e-05       4.854711781923e+02 
       9.421051552855e-05       5.566434635367e+02 
       1.068875088434e-04       6.286321207803e+02 
       1.198041711362e-04       7.016440885175e+02 
       1.329947724596e-04       7.758868943425e+02 
       1.464956097987e-04       8.515722084698e+02 
       1.603453042204e-04       9.289187219332e+02 
       1.745851206528e-04       1.008154653984e+03 
       1.892593124115e-04       1.089520081105e+03 
       2.044154922346e-04       1.173269159049e+03 
       2.201050310352e-04       1.259672311191e+03 
       2.363834847410e-04       1.349018430637e+03 
       2.533110483824e-04       1.441617078376e+03 
       2.709530348823e-04       1.537800695489e+03 
       2.893803736693e-04       1.637926791602e+03 
       3.086701210935e-04       1.742380056854e+03 
       3.289059705157e-04       1.851574351650e+03 
       3.501787446709e-04       1.965954424063e+03 
       3.725868463269e-04       2.085997272832e+03 
       3.962366352877e-04       2.212212925742e+03 
       4.212426904911e-04       2.345144437208e+03 
       4.477279056125e-04       2.485366805908e+03 
       4.758233558858e-04       2.633484509710e+03 
       5.056678639574e-04       2.790127246912e+03 
       5.374071853343e-04       2.955943496801e+03 
       5.711927319294e-04       3.131591544584e+03 
       6.071797585811e-04       3.317727562598e+03 
       6.455249558241e-04       3.514990579802e+03 
       6.863834258880e-04       3.723984360819e+03 
       7.299050697801e-04       3.945256508990e+03 
       7.762304804195e-04       4.179275561351e+03 
       8.254865149471e-04       4.426407390824e+03 
       8.777817983007e-04       4.686892570755e+03 
       9.332024751379e-04       4.960826807572e+03 
       9.918085613878e-04       5.248146421861e+03 
       1.053631235555e-03       5.548620626894e+03 
       1.118671346315e-03       5.861851376748e+03 
       1.186899301353e-03       6.187280623102e+03 
       1.258256359613e-03       6.524204031916e+03 
       1.332657200755e-03       6.871790046376e+03 
       1.340840250952e-03       6.909789563083e+03 
       1.409993519211e-03       7.229102790248e+03 
       1.490138307530e-03       7.595128398000e+03 
       1.572950464739e-03       7.968803643578e+03 
       1.658279387686e-03       8.349044852790e+03 
       1.745969263858e-03       8.734775077911e+03 
       1.835862865565e-03       9.124945415927e+03 
       1.927804730282e-03       9.518550508357e+03 
       2.021643687598e-03       9.914637681801e+03 
       2.117234751992e-03       1.031231375257e+04 
       2.214440440455e-03       1.071075006471e+04 
       2.313131596169e-03       1.110918725914e+04 
       2.413187807521e-03       1.150693723749e+04 
       2.514497509855e-03       1.190338039243e+04 
       2.616957849248e-03       1.229796131350e+04 
       2.720474376409e-03       1.269018190949e+04 
       2.824960626633e-03       1.307959863170e+04 
       2.930337630105e-03       1.346581933170e+04 
       3.036533386399e-03       1.384850088644e+04 
       3.143482328220e-03       1.422734425048e+04 
       3.251124792182e-03       1.460208805630e+04 
       3.359406508800e-03       1.497250494701e+04 
       3.468278119440e-03       1.533839756875e+04 
       3.577694724771e-03       1.569959787855e+04 
       3.687615466840e-03       1.605596535089e+04 
       3.798003145249e-03       1.640738160848e+04 
       3.908823866730e-03       1.675374857409e+04 
       4.020046726690e-03       1.709498339237e+04 
       4.131643520835e-03       1.743102181982e+04 
       4.243588484725e-03       1.776181247690e+04 
       4.355858059030e-03       1.808731886765e+04 
       4.468430678260e-03       1.840751419225e+04 
       4.581286580801e-03       1.872238097365e+04 
       4.694407638220e-03       1.903190937762e+04 
       4.807777201933e-03       1.933609965067e+04 
       4.921379965466e-03       1.963495522669e+04 
       5.035201840715e-03       1.992849109398e+04 
       5.149229846737e-03       2.021672480008e+04 
       5.263452009761e-03       2.049967818724e+04 
       5.377857273226e-03       2.077737484573e+04 
       5.492435416790e-03       2.104984801179e+04 
       5.607176983354e-03       2.131712977138e+04 
       5.722073213252e-03       2.157925693020e+04 
       5.837115984859e-03       2.183627066684e+04 
       5.952297760926e-03       2.208820429158e+04 
       6.067611540054e-03       2.233510702940e+04 
       6.183050812766e-03       2.257702130194e+04 
       6.298609521706e-03       2.281399080377e+04 
       6.414282025528e-03       2.304606522678e+04 
       6.530063066118e-03       2.327328790620e+04 
       6.645947738794e-03       2.349570722087e+04 
       6.761931465189e-03       2.371337669956e+04 
       6.878009968562e-03       2.392633755490e+04 
       6.994179251274e-03       2.413464589927e+04 
       7.110435574241e-03       2.433834979014e+04 
       7.226775438162e-03       2.453749676877e+04 
       7.343195566339e-03       2.473213826851e+04 
       7.459692888970e-03       2.492232559695e+04 
       7.576264528736e-03       2.510811164917e+04 
       7.692907787600e-03       2.528954270160e+04 
       7.809620134675e-03       2.546667126584e+04 
       7.926399195086e-03       2.563956719334e+04 
       8.043242739716e-03       2.580823686519e+04 
       8.160148675780e-03       2.597273114457e+04 
       8.277115038132e-03       2.613311652000e+04 
       8.394139981253e-03       2.628946322833e+04 
       8.511221771859e-03       2.644181003347e+04 
       8.628358782070e-03       2.659019938640e+04 
       8.745549483106e-03       2.673466491469e+04 
       8.862792439445e-03       2.687525756994e+04 
       8.980086303427e-03       2.701202638129e+04 
       9.097429810247e-03       2.714503095296e+04 
       9.214821773323e-03       2.727431051446e+04 
       9.332261079998e-03       2.739990235362e+04 
       9.449746687547e-03       2.752185912201e+04 
       9.567277619478e-03       2.764021990916e+04 
       9.684852962090e-03       2.775503787183e+04 
       9.802471861276e-03       2.786635609526e+04 
       9.920133519552e-03       2.797421205852e+04 
       1.003783719329e-02       2.807864622282e+04 
       1.015558219016e-02       2.817970796290e+04 
       1.027336786669e-02       2.827744019910e+04 
       1.039119362611e-02       2.837187596231e+04 
       1.050905891620e-02       2.846307129652e+04 
       1.062696322741e-02       2.855104525797e+04 
       1.074490609101e-02       2.863586136639e+04 
       1.086288707745e-02       2.871753984333e+04 
       1.098090579479e-02       2.879614083504e+04 
       1.109896188722e-02       2.887168306170e+04 
       1.121705503369e-02       2.894420783427e+04 
       1.133518494670e-02       2.901376679357e+04 
       1.145335137105e-02       2.908039793350e+04 
       1.157155408280e-02       2.914412961593e+04 
       1.168979288821e-02       2.920500614656e+04 
       1.180806762280e-02       2.926305745201e+04 
       1.192637815048e-02       2.931832834314e+04 
       1.204472436269e-02       2.937085819877e+04 
       1.216310617768e-02       2.942066985927e+04 
       1.228152353978e-02       2.946780140613e+04 
       1.239997641876e-02       2.951228246217e+04 
       1.251846480920e-02       2.955414329979e+04 
       1.263698872995e-02       2.959344973509e+04 
       1.275554822362e-02       2.963021421067e+04 
       1.287414335609e-02       2.966447693227e+04 
       1.299277421609e-02       2.969626313865e+04 
       1.311144091480e-02       2.972560920590e+04 
       1.323014358550e-02       2.975254095525e+04 
       1.334888238321e-02       2.977710237543e+04 
       1.340840250952e-02       2.978852519026e+04 
       1.346765748445e-02       2.979931145346e+04 
       1.358646908692e-02       2.981923821412e+04 
       1.370531740931e-02       2.983687252121e+04 
       1.382420269108e-02       2.985225767848e+04 
       1.394312519227e-02       2.986543781372e+04 
       1.406208519336e-02       2.987641841537e+04 
       1.418108299514e-02       2.988525043337e+04 
       1.430011891861e-02       2.989195912642e+04 
       1.441919330488e-02       2.989657669788e+04 
       1.453830651516e-02       2.989912368633e+04 
       1.465745893064e-02       2.989964499283e+04 
       1.477665095257e-02       2.989815131967e+04 
       1.489588300219e-02       2.989468002917e+04 
       1.501515552078e-02       2.988927389599e+04 
       1.513446896973e-02       2.988193773433e+04 
       1.525382383055e-02       2.987271076858e+04 
       1.537322060500e-02       2.986161591144e+04 
       1.549265981514e-02       2.984866830145e+04 
       1.561214200349e-02       2.983393781223e+04 
       1.573166773313e-02       2.981741730591e+04 
       1.585123758789e-02       2.979915707322e+04 
       1.597085217246e-02       2.977914128424e+04 
       1.609051211262e-02       2.975742566170e+04 
       1.621021805544e-02       2.973404815484e+04 
       1.632997066945e-02       2.970901703954e+04 
       1.644977064494e-02       2.968237013923e+04 
       1.656961869415e-02       2.965411343380e+04 
       1.668951555156e-02       2.962429825191e+04 
       1.680946197418e-02       2.959293123849e+04 
       1.692945874185e-02       2.956003324881e+04 
       1.704950665752e-02       2.952562050881e+04 
       1.716960654760e-02       2.948977665063e+04 
       1.728975926234e-02       2.945246930955e+04 
       1.740996567612e-02       2.941375234201e+04 
       1.753022668790e-02       2.937356427344e+04 
       1.765054322158e-02       2.933207069049e+04 
       1.777091622640e-02       2.928921845035e+04 
       1.789134667742e-02       2.924500778727e+04 
       1.801183557591e-02       2.919949473350e+04 
       1.813238394985e-02       2.915271355459e+04 
       1.825299285442e-02       2.910467539976e+04 
       1.837366337244e-02       2.905534846086e+04 
       1.849439661498e-02       2.900486776168e+04 
       1.861519372184e-02       2.895315448027e+04 
       1.873605586209e-02       2.890029369672e+04 
       1.885698423471e-02       2.884624382737e+04 
       1.897798006914e-02       2.879109414665e+04 
       1.909904462590e-02       2.873483583604e+04 
       1.922017919724e-02       2.867749005949e+04 
       1.934138510781e-02       2.861906200262e+04 
       1.946266371531e-02       2.855964060910e+04 
       1.958401641121e-02       2.849915743120e+04 
       1.970544462148e-02       2.843762868277e+04 
       1.982694980735e-02       2.837510528230e+04 
       1.994853346605e-02       2.831167242799e+04 
       2.007019713163e-02       2.824733825694e+04 
       2.019194237580e-02       2.818199427499e+04 
       2.031377080876e-02       2.811577997166e+04 
       2.043568408007e-02       2.804866291503e+04 
       2.055768387959e-02       2.798069283538e+04 
       2.067977193838e-02       2.791188564796e+04 
       2.080195002968e-02       2.784216856527e+04 
       2.092421996990e-02       2.777174040635e+04 
       2.104658361966e-02       2.770052072158e+04 
       2.116904288482e-02       2.762846499945e+04 
       2.129159971762e-02       2.755567574361e+04 
       2.141425611774e-02       2.748212001524e+04 
       2.153701413353e-02       2.740787092570e+04 
       2.165987586316e-02       2.733293607615e+04 
       2.178284345590e-02       2.725723215147e+04 
       2.190591911335e-02       2.718089666740e+04 
       2.202910509081e-02       2.710398108353e+04 
       2.215240369858e-02       2.702631521834e+04 
       2.227581730343e-02       2.694819146531e+04 
       2.239934833002e-02       2.686928429193e+04 
       2.252299926238e-02       2.678990366756e+04 
       2.264677264547e-02       2.670991516894e+04 
       2.277067108681e-02       2.662930932122e+04 
       2.289469725807e-02       2.654822827188e+04 
       2.301885389681e-02       2.646662157006e+04 
       2.314314380825e-02       2.638444687883e+04 
       2.326756986705e-02       2.630183881218e+04 
       2.339213501923e-02       2.621875556497e+04 
       2.351684228407e-02       2.613515997885e+04 
       2.364169475618e-02       2.605106983950e+04 
       2.376669560751e-02       2.596655905195e+04 
       2.389184808955e-02       2.588172831819e+04 
       2.401715553552e-02       2.579643167712e+04 
       2.414262136268e-02       2.571069211470e+04 
       2.426824907472e-02       2.562453272826e+04 
       2.439404226421e-02       2.553815189508e+04 
       2.452000461516e-02       2.545129562647e+04 
       2.464613990562e-02       2.536407253372e+04 
       2.477245201050e-02       2.527663669488e+04 
       2.489894490429e-02       2.518879469432e+04 
       2.502562266411e-02       2.510069287759e+04 
       2.515248947266e-02       2.501228482110e+04 
       2.527954962141e-02       2.492352007132e+04 
       2.540680751389e-02       2.483457615737e+04 
       2.553426766904e-02       2.474534478531e+04 
       2.566193472477e-02       2.465586160972e+04 
       2.578981344156e-02       2.456612870714e+04 
       2.591790870631e-02       2.447620470980e+04 
       2.604622553622e-02       2.438600643591e+04 
       2.617476908292e-02       2.429566539170e+04 
       2.630354463668e-02       2.420513642870e+04 
       2.643255763084e-02       2.411434922465e+04 
       2.656181364641e-02       2.402340786957e+04 
       2.669131841680e-02       2.393234127088e+04 
       2.682107783281e-02       2.384110473369e+04 
       2.695109794777e-02       2.374970647534e+04 
       2.708138498293e-02       2.365820129632e+04 
       2.721194533301e-02       2.356654660029e+04 
       2.734278557209e-02       2.347484206633e+04 
       2.747391245960e-02       2.338291041212e+04 
       2.760533294667e-02       2.329093118719e+04 
       2.773705418273e-02       2.319886951777e+04 
       2.786908352235e-02       2.310674353646e+04 
       2.800142853243e-02       2.301455916176e+04 
       2.813409699967e-02       2.292221131999e+04 
       2.826709693835e-02       2.282990588898e+04 
       2.840043659852e-02       2.273757211732e+04 
       2.853412447450e-02       2.264506870015e+04 
       2.866816931377e-02       2.255259782124e+04 
       2.880258012627e-02       2.246003335226e+04 
       2.893736619415e-02       2.236756340001e+04 
       2.907253708194e-02       2.227503250920e+04 
       2.920810264721e-02       2.218250651547e+04 
       2.934407305175e-02       2.208999954964e+04 
       2.948045877321e-02       2.199739350994e+04 
       2.961727061742e-02       2.190483116540e+04 
       2.975451973121e-02       2.181232809345e+04 
       2.989221761589e-02       2.171976650041e+04 
       3.003037614139e-02       2.162732257323e+04 
       3.016900756117e-02       2.153491578540e+04 
       3.030812452776e-02       2.144242956722e+04 
       3.044774010920e-02       2.135008734812e+04 
       3.058786780630e-02       2.125780504221e+04 
       3.072852157076e-02       2.116551994906e+04 
       3.086971582433e-02       2.107330640628e+04 
       3.101146547885e-02       2.098110014720e+04 
       3.115378595751e-02       2.088900777924e+04 
       3.129669321722e-02       2.079693973343e+04 
       3.144020377212e-02       2.070502087827e+04 
       3.158433471856e-02       2.061311108024e+04 
       3.172910376133e-02       2.052126119549e+04 
       3.187452924144e-02       2.042953106745e+04 
       3.202063016555e-02       2.033790108828e+04 
       3.216742623699e-02       2.024629420928e+04 
       3.231493788869e-02       2.015485381236e+04 
       3.246318631807e-02       2.006335857717e+04 
       3.261219352393e-02       1.997207498325e+04 
       3.276198234571e-02       1.988085664910e+04 
       3.291257650510e-02       1.978973950141e+04 
       3.306400065020e-02       1.969870374221e+04 
       3.321628040257e-02       1.960775584719e+04 
       3.336944240719e-02       1.951696430872e+04 
       3.352351438569e-02       1.942618713096e+04 
       3.367852519309e-02       1.933552124693e+04 
       3.383450487819e-02       1.924497566601e+04 
       3.399148474820e-02       1.915452483299e+04 
       3.414949743755e-02       1.906416685733e+04 
       3.430857698166e-02       1.897392094084e+04 
       3.446875889567e-02       1.888376955989e+04 
       3.463008025889e-02       1.879367371553e+04 
       3.479257980522e-02       1.870372567518e+04 
       3.495629802021e-02       1.861383836658e+04 
       3.512127724527e-02       1.852407860428e+04 
       3.528756178965e-02       1.843432151440e+04 
       3.545519805097e-02       1.834468200591e+04 
       3.562423464504e-02       1.825515417259e+04 
       3.579472254579e-02       1.816572293739e+04 
       3.596671523640e-02       1.807628334338e+04 
       3.614026887252e-02       1.798699604693e+04 
       3.631544245892e-02       1.789767534129e+04 
       3.649229804085e-02       1.780853170002e+04 
       3.667090091150e-02       1.771942849716e+04 
       3.685131983735e-02       1.763028525853e+04 
       3.703362730319e-02       1.754125715528e+04 
       3.721789977886e-02       1.745228244208e+04 
       3.740421801010e-02       1.736332289118e+04 
       3.759266733610e-02       1.727445838081e+04 
       3.778333803674e-02       1.718547934291e+04 
       3.797632571286e-02       1.709655350485e+04 
       3.817173170333e-02       1.700768297153e+04 
       3.836966354332e-02       1.691876294197e+04 
       3.857023546854e-02       1.682977234676e+04 
       3.877356897116e-02       1.674086344624e+04 
       3.897979341371e-02       1.665184308548e+04 
       3.918904670834e-02       1.656280500552e+04 
       3.940147606981e-02       1.647370636138e+04 
       3.961723885185e-02       1.638451194824e+04 
       3.983650347813e-02       1.629527556640e+04 
       4.005945048063e-02       1.620580785257e+04 
       4.028627366054e-02       1.611628644689e+04 
       4.051718138899e-02       1.602660268316e+04 
       4.075239806802e-02       1.593681566769e+04 
       4.099216577565e-02       1.584680340326e+04 
       4.123674612296e-02       1.575653686042e+04 
       4.148642235616e-02       1.566614781114e+04 
       4.174150174270e-02       1.557542085852e+04 
       4.200231828759e-02       1.548443629137e+04 
       4.226923583501e-02       1.539313445229e+04 
       4.254265162110e-02       1.530154376449e+04 
       4.282300035679e-02       1.520945055743e+04 
       4.311075893579e-02       1.511698937492e+04 
       4.340645188291e-02       1.502409791251e+04 
       4.371065768219e-02       1.493063415795e+04 
       4.402401615527e-02       1.483664783240e+04 
       4.434723709877e-02       1.474201390597e+04 
       4.468111043710e-02       1.464674419806e+04 
       4.502651820803e-02       1.455069923155e+04 
       4.538444877439e-02       1.445382770162e+04 
       4.575601375216e-02       1.435603957630e+04 
       4.614246826849e-02       1.425720387746e+04 
       4.654523531967e-02       1.415727535221e+04 
       4.696593519920e-02       1.405606561043e+04 
       4.740642122070e-02       1.395338694271e+04 
       4.786882328322e-02       1.384916815182e+04 
       4.835560123373e-02       1.374310637817e+04 
       4.886961048627e-02       1.363499294846e+04 
       4.941418296853e-02       1.352452744215e+04 
       4.999322717330e-02       1.341131982356e+04 
       5.061135183772e-02       1.329491585872e+04 
       5.127401840452e-02       1.317472669142e+04 
       5.198772758185e-02       1.305002916417e+04 
       5.276024426081e-02       1.291992679875e+04 
       5.360086127365e-02       1.278314978721e+04 
       5.452069313541e-02       1.263812770931e+04 
       5.553297095419e-02       1.248264252918e+04 
       5.665327101943e-02       1.231384805296e+04 
       5.789954167158e-02       1.212789807133e+04 
       5.929168945370e-02       1.191963457855e+04 
       6.085036548254e-02       1.168250351629e+04 
       6.259454825285e-02       1.140862738085e+04 
       6.453776374304e-02       1.108944694630e+04 
       6.668357380004e-02       1.071748710659e+04 
       6.902216485440e-02       1.028904292502e+04 
       7.153040433430e-02       9.806978698539e+03 
       7.417624560955e-02       9.282131241213e+03 
       7.692550204707e-02       8.732324520550e+03 
       7.974764457966e-02       8.179240893976e+03 
       8.261868153359e-02       7.644600270529e+03 
       8.552138302743e-02       7.147066442063e+03 
       8.844410967445e-02       6.700167875489e+03 
       9.137930800212e-02       6.311688361249e+03 
       9.432220011494e-02       5.983786794140e+03 
       9.726981184253e-02       5.713764689613e+03 
       1.002203099888e-01       5.495120255438e+03 
       1.031725713561e-01       5.318632760837e+03 
       1.061259101823e-01       5.173437194510e+03 
       1.090799085955e-01       5.048074893893e+03 
       1.120343121910e-01       4.931490698067e+03 
       1.149889661003e-01       4.813991235332e+03 
       1.179437759917e-01       4.688026709292e+03 
       1.208986843296e-01       4.548770592211e+03 
       1.238536559415e-01       4.394346976079e+03 
       1.268086692497e-01       4.225683238866e+03 
       1.297637109457e-01       4.046034288793e+03 
       1.327187727566e-01       3.860293676643e+03 
       1.340840250952e-01       3.773993287210e+03 
       1.356738494811e-01       3.674155559467e+03 
       1.386289377960e-01       3.493350793362e+03 
       1.415840355311e-01       3.322966115736e+03 
       1.445391412276e-01       3.166986235415e+03 
       1.474942538695e-01       3.028013301517e+03 
       1.504493727191e-01       2.907181833030e+03 
       1.534044972171e-01       2.804237391114e+03 
       1.563596269198e-01       2.717726798025e+03 
       1.593147614621e-01       2.645213489276e+03 
       1.622699005326e-01       2.583668619133e+03 
       1.652250438591e-01       2.529695366787e+03 
       1.681801911989e-01       2.480120450610e+03 
       1.711353423324e-01       2.432039936094e+03 
       1.740904970585e-01       2.382163897610e+03 
       1.770456551924e-01       2.328577143782e+03 
       1.800008165623e-01       2.270237422235e+03 
       1.829559810091e-01       2.206992190564e+03 
       1.859111483839e-01       2.139457446656e+03 
       1.888663185477e-01       2.068854803290e+03 
       1.918214913703e-01       1.996785285348e+03 
       1.947766667297e-01       1.925013674696e+03 
       1.977318445111e-01       1.855245709502e+03 
       2.006870246068e-01       1.788978534979e+03 
       2.036422069151e-01       1.727358392097e+03 
       2.065973913404e-01       1.671158821601e+03 
       2.095525777925e-01       1.620709374195e+03 
       2.125077661863e-01       1.575940497898e+03 
       2.154629564414e-01       1.536447563204e+03 
       2.184181484816e-01       1.501528306558e+03 
       2.213733422350e-01       1.470284414346e+03 
       2.243285376335e-01       1.441706333187e+03 
       2.272837346125e-01       1.414759135935e+03 
       2.302389331107e-01       1.388480159347e+03 
       2.331941330700e-01       1.362049184194e+03 
       2.361493344353e-01       1.334848228643e+03 
       2.391045371539e-01       1.306503654493e+03 
       2.420597411762e-01       1.276883602792e+03 
       2.450149464547e-01       1.246101509744e+03 
       2.479701529441e-01       1.214465269765e+03 
       2.509253606014e-01       1.182422015265e+03 
       2.538805693857e-01       1.150490480004e+03 
       2.568357792577e-01       1.119217583494e+03 
       2.597909901802e-01       1.089087093985e+03 
       2.627462021175e-01       1.060504143886e+03 
       2.657014150356e-01       1.033745274669e+03 
       2.686566289019e-01       1.008955645975e+03 
       2.716118436854e-01       9.861472327187e+02 
       2.745670593561e-01       9.652164193621e+02 
       2.775222758857e-01       9.459458755578e+02 
       2.804774932469e-01       9.280692983185e+02 
       2.834327114135e-01       9.112683201712e+02 
       2.863879303604e-01       8.952190589854e+02 
       2.893431500636e-01       8.796168660444e+02 
       2.922983705001e-01       8.641996013337e+02 
       2.952535916477e-01       8.487638210389e+02 
       2.982088134852e-01       8.331784802029e+02 
       3.011640359922e-01       8.173805838028e+02 
       3.041192591490e-01       8.013798785780e+02 
       3.070744829369e-01       7.852424947051e+02 
       3.100297073377e-01       7.690820204949e+02 
       3.129849323339e-01       7.530385042679e+02 
       3.159401579087e-01       7.372614016512e+02 
       3.188953840461e-01       7.219015130588e+02 
       3.218506107304e-01       7.070823557248e+02 
       3.248058379466e-01       6.929005061107e+02 
       3.277610656803e-01       6.794166119547e+02 
       3.307162939175e-01       6.666483403476e+02 
       3.336715226449e-01       6.545744848369e+02 
       3.366267518494e-01       6.431463821812e+02 
       3.395819815185e-01       6.322845845471e+02 
       3.425372116402e-01       6.218962829636e+02 
       3.454924422028e-01       6.118821135781e+02 
       3.484476731950e-01       6.021423233144e+02 
       3.514029046060e-01       5.925923738923e+02 
       3.543581364252e-01       5.831642745341e+02 
       3.573133686424e-01       5.738070833804e+02 
       3.602686012479e-01       5.644933373500e+02 
       3.632238342321e-01       5.552157100576e+02 
       3.661790675857e-01       5.459866720724e+02 
       3.691343013000e-01       5.368284792930e+02 
       3.720895353662e-01       5.277735215652e+02 
       3.750447697760e-01       5.188606020085e+02 
       3.780000045214e-01       5.101258895422e+02 
       3.809552395944e-01       5.016032787685e+02 
       3.839104749875e-01       4.933196007439e+02 
       3.868657106934e-01       4.852926360128e+02 
       3.898209467048e-01       4.775321521374e+02 
       3.927761830149e-01       4.700398227033e+02 
       3.957314196169e-01       4.628061310083e+02 
       3.986866565043e-01       4.558168473285e+02 
       4.016418936709e-01       4.490526394963e+02 
       4.045971311104e-01       4.424861589620e+02 
       4.075523688169e-01       4.360909125618e+02 
       4.105076067847e-01       4.298407357642e+02 
       4.134628450080e-01       4.237100386158e+02 
       4.164180834815e-01       4.176778295202e+02 
       4.193733221999e-01       4.117259632366e+02 
       4.223285611578e-01       4.058438032443e+02 
       4.252838003505e-01       4.000241657473e+02 
       4.282390397729e-01       3.942663526903e+02 
       4.311942794204e-01       3.885758484686e+02 
       4.341495192883e-01       3.829588215396e+02 
       4.371047593722e-01       3.774275223787e+02 
       4.400599996676e-01       3.719916199881e+02 
       4.430152401704e-01       3.666645971437e+02 
       4.459704808764e-01       3.614543780795e+02 
       4.489257217816e-01       3.563674160861e+02 
       4.518809628820e-01       3.514074774241e+02 
       4.548362041738e-01       3.465742578184e+02 
       4.577914456533e-01       3.418629855403e+02 
       4.607466873170e-01       3.372687026558e+02 
       4.637019291612e-01       3.327802115808e+02 
       4.666571711825e-01       3.283886516666e+02 
       4.696124133776e-01       3.240826038186e+02 
       4.725676557432e-01       3.198516041257e+02 
       4.755228982761e-01       3.156900982292e+02 
       4.784781409731e-01       3.115881772847e+02 
       4.814333838314e-01       3.075405196930e+02 
       4.843886268478e-01       3.035481973216e+02 
       4.873438700196e-01       2.996071661669e+02 
       4.902991133439e-01       2.957199515994e+02 
       4.932543568179e-01       2.918878673270e+02 
       4.962096004390e-01       2.881143291798e+02 
       4.991648442045e-01       2.844003728031e+02 
       5.021200881120e-01       2.807494576069e+02 
       5.050753321588e-01       2.771624497871e+02 
       5.080305763426e-01       2.736423980456e+02 
       5.109858206609e-01       2.701873316368e+02 
       5.139410651115e-01       2.667983423239e+02 
       5.168963096921e-01       2.634728833044e+02 
       5.198515544004e-01       2.602097290155e+02 
       5.228067992342e-01       2.570076649041e+02 
       5.257620441916e-01       2.538630268160e+02 
       5.287172892702e-01       2.507734495089e+02 
       5.316725344683e-01       2.477352598562e+02 
       5.346277797837e-01       2.447469753523e+02 
       5.375830252145e-01       2.418052397265e+02 
       5.405382707588e-01       2.389080201306e+02 
       5.434935164148e-01       2.360545225962e+02 
       5.464487621807e-01       2.332409918561e+02 
       5.494040080546e-01       2.304690919262e+02 
       5.523592540348e-01       2.277360957484e+02 
       5.553145001197e-01       2.250454009211e+02 
       5.582697463075e-01       2.223929923987e+02 
       5.612249925967e-01       2.197805717891e+02 
       5.641802389856e-01       2.172089969949e+02 
       5.671354854727e-01       2.146797575956e+02 
       5.700907320564e-01       2.121906957626e+02 
       5.730459787353e-01       2.097439215975e+02 
       5.760012255078e-01       2.073380247650e+02 
       5.789564723725e-01       2.049722048324e+02 
       5.819117193281e-01       2.026455574296e+02 
       5.848669663732e-01       2.003575331293e+02 
       5.878222135063e-01       1.981058524639e+02 
       5.907774607262e-01       1.958924470017e+02 
       5.937327080316e-01       1.937121991548e+02 
       5.966879554211e-01       1.915659068849e+02 
       5.996432028937e-01       1.894520971456e+02 
       6.025984504479e-01       1.873704115875e+02 
       6.055536980827e-01       1.853186634549e+02 
       6.085089457968e-01       1.832986410703e+02 
       6.114641935891e-01       1.813078127217e+02 
       6.144194414585e-01       1.793480875843e+02 
       6.173746894038e-01       1.774157042981e+02 
       6.203299374240e-01       1.755127562273e+02 
       6.232851855181e-01       1.736383834717e+02 
       6.262404336848e-01       1.717924973305e+02 
       6.291956819233e-01       1.699745954404e+02 
       6.321509302325e-01       1.681850059261e+02 
       6.351061786114e-01       1.664222500639e+02 
       6.380614270591e-01       1.646875699578e+02 
       6.410166755746e-01       1.629791660770e+02 
       6.439719241570e-01       1.612969690204e+02 
       6.469271728053e-01       1.596408800088e+02 
       6.498824215187e-01       1.580089867165e+02 
       6.528376702962e-01       1.564028000720e+02 
       6.557929191370e-01       1.548196016314e+02 
       6.587481680403e-01       1.532599913264e+02 
       6.617034170051e-01       1.517230242784e+02 
       6.646586660308e-01       1.502075036265e+02 
       6.676139151164e-01       1.487155003855e+02 
       6.705691642611e-01       1.472437587748e+02 
       6.735244134643e-01       1.457933158965e+02 
       6.764796627251e-01       1.443630114645e+02 
       6.794349120428e-01       1.429533163590e+02 
       6.823901614166e-01       1.415639039191e+02 
       6.853454108458e-01       1.401937917398e+02 
       6.883006603297e-01       1.388427714586e+02 
       6.912559098676e-01       1.375114610434e+02 
       6.942111594588e-01       1.361986852421e+02 
       6.971664091026e-01       1.349042424852e+02 
       7.001216587983e-01       1.336277904380e+02 
       7.030769085454e-01       1.323694663936e+02 
       7.060321583431e-01       1.311281844731e+02 
       7.089874081908e-01       1.299038744265e+02 
       7.119426580878e-01       1.286956981432e+02 
       7.148979080337e-01       1.275050740194e+02 
       7.178531580277e-01       1.263307964520e+02 
       7.208084080694e-01       1.251710189182e+02 
       7.237636581580e-01       1.240275412679e+02 
       7.267189082930e-01       1.228986281031e+02 
       7.296741584739e-01       1.217847991730e+02 
       7.326294087000e-01       1.206856868128e+02 
       7.355846589710e-01       1.196001676220e+02 
       7.385399092861e-01       1.185295966568e+02 
       7.414951596449e-01       1.174720009100e+02 
       7.444504100469e-01       1.164285895693e+02 
       7.474056604915e-01       1.153981326684e+02 
       7.503609109783e-01       1.143807993213e+02 
       7.533161615067e-01       1.133758109001e+02 
       7.562714120763e-01       1.123840286640e+02 
       7.592266626866e-01       1.114046306852e+02 
       7.621819133370e-01       1.104368051223e+02 
       7.651371640272e-01       1.094818956308e+02 
       7.680924147567e-01       1.085377247886e+02 
       7.710476655250e-01       1.076056003315e+02 
       7.740029163317e-01       1.066841723097e+02 
       7.769581671763e-01       1.057743675244e+02 
       7.799134180584e-01       1.048752891468e+02 
       7.828686689776e-01       1.039867232452e+02 
       7.858239199334e-01       1.031084759404e+02 
       7.887791709255e-01       1.022399752117e+02 
       7.917344219535e-01       1.013824408211e+02 
       7.946896730169e-01       1.005340052488e+02 
       7.976449241153e-01       9.969509183725e+01 
       8.006001752484e-01       9.886596394572e+01 
       8.035554264158e-01       9.804546536496e+01 
       8.065106776171e-01       9.723541705194e+01 
       8.094659288519e-01       9.643378566046e+01 
       8.124211801198e-01       9.564024768591e+01 
       8.153764314206e-01       9.485627667226e+01 
       8.183316827538e-01       9.407990226596e+01 
       8.212869341190e-01       9.331203070599e+01 
       8.242421855161e-01       9.255238036588e+01 
       8.271974369445e-01       9.180180078714e+01 
       8.301526884040e-01       9.105774653012e+01 
       8.331079398943e-01       9.032262592228e+01 
       8.360631914149e-01       8.959473814005e+01 
       8.390184429657e-01       8.887504030629e+01 
       8.419736945462e-01       8.816220138388e+01 
       8.449289461562e-01       8.745785069501e+01 
       8.478841977953e-01       8.676005776058e+01 
       8.508394494633e-01       8.606939786392e+01 
       8.537947011598e-01       8.538555250329e+01 
       8.567499528845e-01       8.471010214499e+01 
       8.597052046373e-01       8.404107598357e+01 
       8.626604564177e-01       8.337807778491e+01 
       8.656157082254e-01       8.272314529353e+01 
       8.685709600603e-01       8.207457668793e+01 
       8.715262119220e-01       8.143288562025e+01 
       8.744814638103e-01       8.079755931065e+01 
       8.774367157249e-01       8.016878512903e+01 
       8.803919676655e-01       7.954734635405e+01 
       8.833472196318e-01       7.893117521348e+01 
       8.863024716237e-01       7.832244055030e+01 
       8.892577236408e-01       7.771930784646e+01 
       8.922129756829e-01       7.712305240412e+01 
       8.951682277497e-01       7.653298780804e+01 
       8.981234798411e-01       7.594864597129e+01 
       9.010787319567e-01       7.537025831950e+01 
       9.040339840964e-01       7.479834986110e+01 
       9.069892362598e-01       7.423234679458e+01 
       9.099444884468e-01       7.367248592665e+01 
       9.128997406571e-01       7.311730359732e+01 
       9.158549928906e-01       7.256883586534e+01 
       9.188102451469e-01       7.202637286750e+01 
       9.217654974258e-01       7.148859419491e+01 
       9.247207497272e-01       7.095662153160e+01 
       9.276760020509e-01       7.043052882282e+01 
       9.306312543965e-01       6.990926529493e+01 
       9.335865067640e-01       6.939353551193e+01 
       9.365417591530e-01       6.888236958328e+01 
       9.394970115635e-01       6.837713199868e+01 
       9.424522639951e-01       6.787679465474e+01 
       9.454075164477e-01       6.738155306744e+01 
       9.483627689212e-01       6.689110108513e+01 
       9.513180214152e-01       6.640553591798e+01 
       9.542732739296e-01       6.592440636476e+01 
       9.572285264643e-01       6.544901608093e+01 
       9.601837790190e-01       6.497771921177e+01 
       9.631390315936e-01       6.451081369523e+01 
       9.660942841878e-01       6.404900837530e+01 
       9.690495368015e-01       6.359164343739e+01 
       9.720047894345e-01       6.313891300361e+01 
       9.749600420866e-01       6.269014411400e+01 
       9.779152947578e-01       6.224627808392e+01 
       9.808705474477e-01       6.180657887275e+01 
       9.838258001562e-01       6.137107289770e+01 
       9.867810528831e-01       6.094063467222e+01 
       9.897363056284e-01       6.051343711992e+01 
       9.926915583918e-01       6.009135305107e+01 
       9.956468111731e-01       5.967222014696e+01 
       9.986020639722e-01       5.925821244200e+01 
       1.001557316789e+00       5.884876756723e+01 
       1.004512569623e+00       5.844264827663e+01 
       1.007467822475e+00       5.804042745480e+01 
       1.010423075344e+00       5.764273207534e+01 
       1.013378328229e+00       5.724913056060e+01 
       1.016333581132e+00       5.685924689259e+01 
       1.019288834052e+00       5.647326617116e+01 
       1.022244086988e+00       5.609118961122e+01 
       1.025199339940e+00       5.571324450316e+01 
       1.028154592909e+00       5.533895434781e+01 
       1.031109845894e+00       5.496855199974e+01 
       1.034065098895e+00       5.460113961119e+01 
       1.037020351912e+00       5.423844151889e+01 
       1.039975604944e+00       5.387913383416e+01 
       1.042930857992e+00       5.352325441636e+01 
       1.045886111056e+00       5.317058105937e+01 
       1.048841364135e+00       5.282262512215e+01 
       1.051796617229e+00       5.247694276232e+01 
       1.054751870339e+00       5.213510777833e+01 
       1.057707123463e+00       5.179656934853e+01 
       1.060662376602e+00       5.146108109442e+01 
       1.063617629756e+00       5.112887613091e+01 
       1.066572882925e+00       5.080017351243e+01 
       1.069528136108e+00       5.047419132391e+01 
       1.072483389305e+00       5.015190333521e+01 
       1.075438642516e+00       4.983189873793e+01 
       1.078393895742e+00       4.951526412969e+01 
       1.081349148982e+00       4.920172525204e+01 
       1.084304402235e+00       4.889001917915e+01 
       1.087259655503e+00       4.858183857710e+01 
       1.090214908784e+00       4.827666361504e+01 
       1.093170162078e+00       4.797376902031e+01 
       1.096125415386e+00       4.767345519503e+01 
       1.099080668708e+00       4.737628909046e+01 
       1.102035922042e+00       4.708086580375e+01 
       1.104991175390e+00       4.678768126253e+01 
       1.107946428751e+00       4.649779006648e+01 
       1.110901682124e+00       4.621041509530e+01 
       1.113856935511e+00       4.592511624006e+01 
       1.116812188910e+00       4.564219442100e+01 
       1.119767442322e+00       4.536173802151e+01 
       1.122722695746e+00       4.508344078310e+01 
       1.125677949183e+00       4.480738955992e+01 
       1.128633202632e+00       4.453383211900e+01 
       1.131588456093e+00       4.426181875299e+01 
       1.134543709566e+00       4.399279958642e+01 
       1.137498963052e+00       4.372577752512e+01 
       1.140454216549e+00       4.346055969791e+01 
       1.143409470058e+00       4.319807666601e+01 
       1.146364723579e+00       4.293726965901e+01 
       1.149319977111e+00       4.267874838101e+01 
       1.152275230655e+00       4.242227608561e+01 
       1.155230484211e+00       4.216792440020e+01 
       1.158185737778e+00       4.191616174529e+01 
       1.161140991356e+00       4.166580487718e+01 
       1.164096244946e+00       4.141737051785e+01 
       1.167051498546e+00       4.117123372210e+01 
       1.170006752158e+00       4.092660083455e+01 
       1.172962005780e+00       4.068440058744e+01 
       1.175917259414e+00       4.044434056380e+01 
       1.178872513058e+00       4.020554432118e+01 
       1.181827766713e+00       3.996910423710e+01 
       1.184783020379e+00       3.973441072098e+01 
       1.187738274055e+00       3.950120262066e+01 
       1.190693527742e+00       3.927007810453e+01 
       1.193648781439e+00       3.904110626710e+01 
       1.196604035146e+00       3.881363116521e+01 
       1.199559288864e+00       3.858786244708e+01 
       1.202514542592e+00       3.836357005691e+01 
       1.205469796329e+00       3.814165998733e+01 
       1.208425050077e+00       3.792051273084e+01 
       1.211380303835e+00       3.770180760581e+01 
       1.214335557603e+00       3.748429889431e+01 
       1.217290811381e+00       3.726843252707e+01 
       1.220246065168e+00       3.705424037386e+01 
       1.223201318965e+00       3.684142496949e+01 
       1.226156572771e+00       3.663108444520e+01 
       1.229111826587e+00       3.642143656916e+01 
       1.232067080413e+00       3.621377542701e+01 
       1.235022334248e+00       3.600704868813e+01 
       1.237977588092e+00       3.580245010965e+01 
       1.240932841945e+00       3.559897053623e+01 
       1.243888095808e+00       3.539734486794e+01 
       1.246843349680e+00       3.519679126922e+01 
       1.249798603561e+00       3.499830579919e+01 
       1.252753857451e+00       3.480098458586e+01 
       1.255709111349e+00       3.460530227312e+01 
       1.258664365257e+00       3.441117946715e+01 
       1.261619619173e+00       3.421837135339e+01 
       1.264574873098e+00       3.402730697870e+01 
       1.267530127032e+00       3.383740484521e+01 
       1.270485380975e+00       3.364884831979e+01 
       1.273440634926e+00       3.346233576674e+01 
       1.276395888885e+00       3.327709199923e+01 
       1.279351142853e+00       3.309344652947e+01 
       1.282306396830e+00       3.291130208167e+01 
       1.285261650814e+00       3.273026792252e+01 
       1.288216904807e+00       3.255071940536e+01 
       1.291172158808e+00       3.237294326270e+01 
       1.294127412818e+00       3.219639547430e+01 
       1.297082666835e+00       3.202167935752e+01 
       1.300037920860e+00       3.184795945003e+01 
       1.302993174894e+00       3.167588155647e+01 
       1.305948428935e+00       3.150518529258e+01 
       1.308903682985e+00       3.133578145516e+01 
       1.311858937042e+00       3.116775011163e+01 
       1.314814191106e+00       3.100103734364e+01 
       1.317769445179e+00       3.083605312532e+01 
       1.320724699259e+00       3.067169385882e+01 
       1.323679953347e+00       3.050898713223e+01 
       1.326635207442e+00       3.034791902781e+01 
       1.329590461545e+00       3.018767632096e+01 
       1.332545715656e+00       3.002852897769e+01 
       1.335500969774e+00       2.987073176384e+01 
       1.338456223899e+00       2.971425753690e+01 
       1.340840250952e+00       2.958850296625e+01 
       1.341411478031e+00       2.955862739209e+01 
       1.344366732171e+00       2.940393003950e+01 
       1.347321986318e+00       2.925101064438e+01 
       1.350277240472e+00       2.909877508665e+01 
       1.353232494634e+00       2.894783857421e+01 
       1.356187748802e+00       2.879793986846e+01 
       1.359143002977e+00       2.864885455916e+01 
       1.362098257160e+00       2.850115935795e+01 
       1.365053511349e+00       2.835412471391e+01 
       1.368008765545e+00       2.820811905231e+01 
       1.370964019748e+00       2.806357945837e+01 
       1.373919273958e+00       2.791956483822e+01 
       1.376874528175e+00       2.777625710406e+01 
       1.379829782398e+00       2.763420497737e+01 
       1.382785036629e+00       2.749316693192e+01 
       1.385740290865e+00       2.735286834560e+01 
       1.744241728620e+00       1.564533127235e+01 
       2.195867951050e+00       8.898437031481e+00 
       2.764433961683e+00       5.107212210923e+00 
       3.480216163589e+00       2.870712479753e+00 
       4.381332566879e+00       1.603777723262e+00 
       5.515770905966e+00       8.909222288646e-01 
       6.943944159155e+00       4.923895294592e-01 
       8.741907760040e+00       2.708183943163e-01 
       1.100540982668e+01       1.482809855708e-01 
       1.385499009801e+01       8.085671887614e-02 
       1.744239911454e+01       4.392196781813e-02 
       2.195867948795e+01       2.375507422375e-02 
