# Matter power spectrum P(k) at redshift z=0
# for k=1.02716e-05 to 23.4501 h/Mpc,
# number of wavenumbers equal to 850
#    1:k (h/Mpc)              2:P (Mpc/h)^3        
       1.027155073070e-05       5.101020107338e+01 
       2.293238174215e-05       1.106508444712e+02 
       3.563623187601e-05       1.692476032772e+02 
       4.841612108324e-05       2.274231882868e+02 
       6.130559711966e-05       2.855302308505e+02 
       7.433902458295e-05       3.438318288478e+02 
       8.755188289218e-05       4.025521283606e+02 
       1.009810770488e-04       4.618969351962e+02 
       1.146652650487e-04       5.220642685523e+02 
       1.286452058459e-04       5.832506835084e+02 
       1.429641317819e-04       6.456556295379e+02 
       1.576681493508e-04       7.094848062810e+02 
       1.728066720381e-04       7.749529989443e+02 
       1.884328886778e-04       8.422866448504e+02 
       2.046042702535e-04       9.117262771648e+02 
       2.213831172066e-04       9.835289311830e+02 
       2.388371479838e-04       1.057970538566e+03 
       2.570401275708e-04       1.135348361575e+03 
       2.760725319049e-04       1.215983404060e+03 
       2.960222400665e-04       1.300222832633e+03 
       3.169852407060e-04       1.388442276664e+03 
       3.390663319275e-04       1.481047963581e+03 
       3.623797844927e-04       1.578478519267e+03 
       3.870499264603e-04       1.681206258747e+03 
       4.132115931721e-04       1.789737716646e+03 
       4.410103700934e-04       1.904613121366e+03 
       4.706025382944e-04       2.026404424162e+03 
       5.021546150456e-04       2.155711471649e+03 
       5.358423680446e-04       2.293155870087e+03 
       5.718491755537e-04       2.439372049809e+03 
       6.103636119985e-04       2.594995177352e+03 
       6.515761660582e-04       2.760645661587e+03 
       6.956750523038e-04       2.936910257833e+03 
       7.428411618043e-04       3.124320228790e+03 
       7.932423100602e-04       3.323327346364e+03 
       8.470270718585e-04       3.534279195434e+03 
       9.043186217786e-04       3.757395617931e+03 
       9.652090971708e-04       3.992748540136e+03 
       1.029755036084e-03       4.240247396086e+03 
       1.097974391874e-03       4.499632069255e+03 
       1.169845483248e-03       4.770474680410e+03 
       1.245308022080e-03       5.052190393285e+03 
       1.324266112579e-03       5.344056380304e+03 
       1.406592886356e-03       5.645237138590e+03 
       1.457785448969e-03       5.830911458344e+03 
       1.492136275074e-03       5.954813455075e+03 
       1.580725352096e-03       6.271812573185e+03 
       1.672176697728e-03       6.595236900015e+03 
       1.766300337890e-03       6.924089748885e+03 
       1.862904940967e-03       7.257396792494e+03 
       1.961802099332e-03       7.594223377264e+03 
       2.062809646387e-03       7.933686922007e+03 
       2.165754053571e-03       8.274965190924e+03 
       2.270472011535e-03       8.617301329818e+03 
       2.376811329494e-03       8.960005076800e+03 
       2.484631293607e-03       9.302451521303e+03 
       2.593802617008e-03       9.644080438706e+03 
       2.704207097426e-03       9.984390526908e+03 
       2.815737078307e-03       1.032293787096e+04 
       2.928294789251e-03       1.065932868405e+04 
       3.041791623320e-03       1.099321788019e+04 
       3.156147393297e-03       1.132430297448e+04 
       3.271289596363e-03       1.165231806281e+04 
       3.387152706862e-03       1.197703387682e+04 
       3.503677509409e-03       1.229825048120e+04 
       3.620810479152e-03       1.261579764495e+04 
       3.738503212130e-03       1.292952748918e+04 
       3.856711906024e-03       1.323931654684e+04 
       3.975396889812e-03       1.354505839050e+04 
       4.094522199770e-03       1.384666620449e+04 
       4.214055198624e-03       1.414406823223e+04 
       4.333966234382e-03       1.443720378838e+04 
       4.454228335282e-03       1.472603065376e+04 
       4.574816937406e-03       1.501050953259e+04 
       4.695709641655e-03       1.529056990774e+04 
       4.816885997007e-03       1.556626961705e+04 
       4.938327307253e-03       1.583757892452e+04 
       5.060016458617e-03       1.610447127043e+04 
       5.181937765964e-03       1.636690262744e+04 
       5.304076835506e-03       1.662507795301e+04 
       5.426420442150e-03       1.687883755098e+04 
       5.548956419837e-03       1.712820881335e+04 
       5.671673563417e-03       1.737245465171e+04 
       5.794561540740e-03       1.761315172965e+04 
       5.917610813838e-03       1.784949835741e+04 
       6.040812568160e-03       1.808157074678e+04 
       6.164158648985e-03       1.830951192875e+04 
       6.287641504205e-03       1.853360982429e+04 
       6.411254132785e-03       1.875300293297e+04 
       6.534990038280e-03       1.896811860534e+04 
       6.658843186867e-03       1.917913570203e+04 
       6.782807969398e-03       1.938623537386e+04 
       6.906879167064e-03       1.958926568810e+04 
       7.031051920274e-03       1.978827793960e+04 
       7.155321700423e-03       1.998317214095e+04 
       7.279684284251e-03       2.017413149733e+04 
       7.404135730526e-03       2.036128781962e+04 
       7.528672358818e-03       2.054513074275e+04 
       7.653290730156e-03       2.072460409727e+04 
       7.777987629375e-03       2.090026203153e+04 
       7.902760049002e-03       2.107219246042e+04 
       8.027605174513e-03       2.124044500282e+04 
       8.152520370849e-03       2.140501436526e+04 
       8.277503170056e-03       2.156595726429e+04 
       8.402551259954e-03       2.172331741998e+04 
       8.527662473732e-03       2.187710647481e+04 
       8.652834780395e-03       2.202741419500e+04 
       8.778066275970e-03       2.217416638173e+04 
       8.903355175419e-03       2.231754129680e+04 
       9.028699805185e-03       2.245751563941e+04 
       9.154098596320e-03       2.259413127129e+04 
       9.279550078147e-03       2.272743630473e+04 
       9.405052872403e-03       2.285744638364e+04 
       9.530605687829e-03       2.298421094816e+04 
       9.656207315165e-03       2.310777721953e+04 
       9.781856622522e-03       2.322814416066e+04 
       9.907552551093e-03       2.334536704553e+04 
       1.003329411118e-02       2.345949268299e+04 
       1.015908037850e-02       2.357054356840e+04 
       1.028491049080e-02       2.367856368359e+04 
       1.041078364465e-02       2.378369776171e+04 
       1.053669909250e-02       2.388568765177e+04 
       1.066265613997e-02       2.398483123401e+04 
       1.078865414329e-02       2.408104549067e+04 
       1.091469250694e-02       2.417445261582e+04 
       1.104077068146e-02       2.426501048751e+04 
       1.116688816139e-02       2.435283269754e+04 
       1.129304448337e-02       2.443773779063e+04 
       1.141923922438e-02       2.451999779069e+04 
       1.154547200010e-02       2.459957473781e+04 
       1.167174246335e-02       2.467642574142e+04 
       1.179805030269e-02       2.475072308336e+04 
       1.192439524110e-02       2.482233838255e+04 
       1.205077703470e-02       2.489146677606e+04 
       1.217719547165e-02       2.495800359890e+04 
       1.230365037106e-02       2.502198776598e+04 
       1.243014158202e-02       2.508353169952e+04 
       1.255666898266e-02       2.514265924461e+04 
       1.268323247927e-02       2.519934514878e+04 
       1.280983200559e-02       2.525361701168e+04 
       1.293646752200e-02       2.530561049198e+04 
       1.306313901488e-02       2.535510047927e+04 
       1.318984649596e-02       2.540236267013e+04 
       1.331659000178e-02       2.544746805956e+04 
       1.344336959313e-02       2.549014046731e+04 
       1.357018535457e-02       2.553073720463e+04 
       1.369703739400e-02       2.556896074203e+04 
       1.382392584223e-02       2.560522845421e+04 
       1.395085085262e-02       2.563918982532e+04 
       1.407781260078e-02       2.567115257238e+04 
       1.420481128422e-02       2.570088815334e+04 
       1.433184712209e-02       2.572865026338e+04 
       1.445892035500e-02       2.575438325207e+04 
       1.457785448969e-02       2.577670885763e+04 
       1.458603124473e-02       2.577812011853e+04 
       1.471318007411e-02       2.579984039278e+04 
       1.484036714686e-02       2.581963495396e+04 
       1.496759278742e-02       2.583746955015e+04 
       1.509485734092e-02       2.585340841111e+04 
       1.522216117302e-02       2.586753878832e+04 
       1.534950466992e-02       2.587968354584e+04 
       1.547688823831e-02       2.589011988799e+04 
       1.560431230533e-02       2.589857190823e+04 
       1.573177731861e-02       2.590537651608e+04 
       1.585928374629e-02       2.591039106961e+04 
       1.598683207708e-02       2.591377732435e+04 
       1.611442282031e-02       2.591528589404e+04 
       1.624205650602e-02       2.591510779977e+04 
       1.636973368509e-02       2.591343331484e+04 
       1.649745492933e-02       2.590992399357e+04 
       1.662522083164e-02       2.590493649541e+04 
       1.675303200619e-02       2.589746841408e+04 
       1.688088908855e-02       2.589011140225e+04 
       1.700879273591e-02       2.588034536792e+04 
       1.713674362731e-02       2.586903174843e+04 
       1.726474246384e-02       2.585628546502e+04 
       1.739278996886e-02       2.584203980266e+04 
       1.752088688834e-02       2.582521202873e+04 
       1.764903399106e-02       2.580807441373e+04 
       1.777723206894e-02       2.578953596498e+04 
       1.790548193735e-02       2.576957494934e+04 
       1.803378443541e-02       2.574854416588e+04 
       1.816214042637e-02       2.572556325481e+04 
       1.829055079796e-02       2.570229166892e+04 
       1.841901646275e-02       2.567613472091e+04 
       1.854753835854e-02       2.564952344226e+04 
       1.867611744882e-02       2.562241521244e+04 
       1.880475472314e-02       2.559236637230e+04 
       1.893345119757e-02       2.556257709762e+04 
       1.906220791521e-02       2.553093808476e+04 
       1.919102594658e-02       2.549812732860e+04 
       1.931990639023e-02       2.546408180041e+04 
       1.944885037315e-02       2.542891519973e+04 
       1.957785905139e-02       2.539261370815e+04 
       1.970693361058e-02       2.535452278739e+04 
       1.983607526650e-02       2.531665111514e+04 
       1.996528526568e-02       2.527632732597e+04 
       2.009456488604e-02       2.523537070626e+04 
       2.022391543748e-02       2.519364854886e+04 
       2.035333826259e-02       2.515093547195e+04 
       2.048283473729e-02       2.510827865883e+04 
       2.061240627154e-02       2.506245559341e+04 
       2.074205431009e-02       2.501785296152e+04 
       2.087178033319e-02       2.497047689795e+04 
       2.100158585738e-02       2.492254388453e+04 
       2.113147243631e-02       2.487418874923e+04 
       2.126144166150e-02       2.482467381103e+04 
       2.139149516328e-02       2.477529315784e+04 
       2.152163461156e-02       2.472413059914e+04 
       2.165186171682e-02       2.467130563271e+04 
       2.178217823098e-02       2.461845604903e+04 
       2.191258594841e-02       2.456558989261e+04 
       2.204308670689e-02       2.451029025645e+04 
       2.217368238861e-02       2.445594887388e+04 
       2.230437492130e-02       2.439903190028e+04 
       2.243516627921e-02       2.434230235733e+04 
       2.256605848434e-02       2.428492737392e+04 
       2.269705360751e-02       2.422657345071e+04 
       2.282815376958e-02       2.416765610840e+04 
       2.295936114272e-02       2.410828435123e+04 
       2.309067795160e-02       2.404779804083e+04 
       2.322210647476e-02       2.398688738918e+04 
       2.335364904594e-02       2.392530734463e+04 
       2.348530805548e-02       2.386380764662e+04 
       2.361708595174e-02       2.380102077011e+04 
       2.374898524259e-02       2.373703113133e+04 
       2.388100849696e-02       2.367299757430e+04 
       2.401315834639e-02       2.360841251189e+04 
       2.414543748669e-02       2.354352211115e+04 
       2.427784867960e-02       2.347790747166e+04 
       2.441039475456e-02       2.341124229826e+04 
       2.454307861047e-02       2.334463638335e+04 
       2.467590321758e-02       2.327748796135e+04 
       2.480887161939e-02       2.320952406260e+04 
       2.494198693462e-02       2.314121639728e+04 
       2.507525235931e-02       2.307258262226e+04 
       2.520867116886e-02       2.300354090932e+04 
       2.534224672029e-02       2.293392221087e+04 
       2.547598245446e-02       2.286386685654e+04 
       2.560988189844e-02       2.279367212704e+04 
       2.574394866789e-02       2.272335271165e+04 
       2.587818646963e-02       2.265138484732e+04 
       2.601259910416e-02       2.257980810451e+04 
       2.614719046840e-02       2.250782322427e+04 
       2.628196455846e-02       2.243558368888e+04 
       2.641692547247e-02       2.236327848994e+04 
       2.655207741365e-02       2.229009663534e+04 
       2.668742469331e-02       2.221688552437e+04 
       2.682297173410e-02       2.214290097500e+04 
       2.695872307332e-02       2.206920134834e+04 
       2.709468336633e-02       2.199481390927e+04 
       2.723085739018e-02       2.192025873127e+04 
       2.736725004723e-02       2.184553126589e+04 
       2.750386636906e-02       2.177041631118e+04 
       2.764071152042e-02       2.169529222896e+04 
       2.777779080334e-02       2.161966253488e+04 
       2.791510966148e-02       2.154385286645e+04 
       2.805267368456e-02       2.146784933446e+04 
       2.819048861300e-02       2.139206306167e+04 
       2.832856034272e-02       2.131524838342e+04 
       2.846689493019e-02       2.123898027220e+04 
       2.860549859757e-02       2.116197719582e+04 
       2.874437773821e-02       2.108495638051e+04 
       2.888353892222e-02       2.100785914839e+04 
       2.902298890236e-02       2.093055814870e+04 
       2.916273462015e-02       2.085344092165e+04 
       2.930278321223e-02       2.077556763312e+04 
       2.944314201701e-02       2.069839229845e+04 
       2.958381858152e-02       2.061998150983e+04 
       2.972482066869e-02       2.054206826742e+04 
       2.986615626479e-02       2.046394419236e+04 
       3.000783358734e-02       2.038574720821e+04 
       3.014986109323e-02       2.030747575396e+04 
       3.029224748730e-02       2.022910860885e+04 
       3.043500173123e-02       2.015067885934e+04 
       3.057813305291e-02       2.007211873299e+04 
       3.072165095613e-02       1.999347068695e+04 
       3.086556523083e-02       1.991493329259e+04 
       3.100988596369e-02       1.983620025464e+04 
       3.115462354937e-02       1.975734347573e+04 
       3.129978870212e-02       1.967854846425e+04 
       3.144539246805e-02       1.959985174389e+04 
       3.159144623796e-02       1.952097789971e+04 
       3.173796176076e-02       1.944207401345e+04 
       3.188495115758e-02       1.936308314013e+04 
       3.203242693658e-02       1.928388418768e+04 
       3.218040200845e-02       1.920502955889e+04 
       3.232888970273e-02       1.912607276906e+04 
       3.247790378499e-02       1.904713949890e+04 
       3.262745847480e-02       1.896792944033e+04 
       3.277756846469e-02       1.888891053006e+04 
       3.292824894016e-02       1.880976398337e+04 
       3.307951560058e-02       1.873072803202e+04 
       3.323138468143e-02       1.865181108238e+04 
       3.338387297753e-02       1.857288093315e+04 
       3.353699786770e-02       1.849411027656e+04 
       3.369077734068e-02       1.841500627423e+04 
       3.384523002258e-02       1.833612465680e+04 
       3.400037520579e-02       1.825721256436e+04 
       3.415623287959e-02       1.817843759541e+04 
       3.431282376258e-02       1.809959127743e+04 
       3.447016933687e-02       1.802087932983e+04 
       3.462829188445e-02       1.794227158924e+04 
       3.478721452556e-02       1.786350670177e+04 
       3.494696125958e-02       1.778485248163e+04 
       3.510755700822e-02       1.770644459517e+04 
       3.526902766153e-02       1.762777523272e+04 
       3.543140012675e-02       1.754927880926e+04 
       3.559470238023e-02       1.747102414178e+04 
       3.575896352272e-02       1.739247407508e+04 
       3.592421383826e-02       1.731407624927e+04 
       3.609048485695e-02       1.723596180550e+04 
       3.625780942185e-02       1.715757522773e+04 
       3.642622176053e-02       1.707943967548e+04 
       3.659575756136e-02       1.700147870192e+04 
       3.676645405526e-02       1.692311830404e+04 
       3.693835010311e-02       1.684506760464e+04 
       3.711148628936e-02       1.676722790397e+04 
       3.728590502254e-02       1.668913567949e+04 
       3.746165064301e-02       1.661134460896e+04 
       3.763876953883e-02       1.653373411901e+04 
       3.781731027028e-02       1.645557540223e+04 
       3.799732370399e-02       1.637793441134e+04 
       3.817886315747e-02       1.630035550238e+04 
       3.836198455504e-02       1.622261830959e+04 
       3.854674659623e-02       1.614472934560e+04 
       3.873321093789e-02       1.606714779136e+04 
       3.892144239135e-02       1.598949160001e+04 
       3.911150913614e-02       1.591223437949e+04 
       3.930348295186e-02       1.583431647127e+04 
       3.949743947023e-02       1.575697781975e+04 
       3.969345844931e-02       1.567927063946e+04 
       3.989162407228e-02       1.560185370899e+04 
       4.009202527346e-02       1.552409786135e+04 
       4.029475609454e-02       1.544667273981e+04 
       4.049991607449e-02       1.536891129160e+04 
       4.070761067681e-02       1.529128773481e+04 
       4.091795175864e-02       1.521365099415e+04 
       4.113105808661e-02       1.513592892566e+04 
       4.134705590503e-02       1.505813670357e+04 
       4.156607956283e-02       1.498024891968e+04 
       4.178827220667e-02       1.490242367752e+04 
       4.201378654860e-02       1.482441405419e+04 
       4.224278571794e-02       1.474634757996e+04 
       4.247544420854e-02       1.466840021574e+04 
       4.271194893442e-02       1.458990650821e+04 
       4.295250040866e-02       1.451134175236e+04 
       4.319731406287e-02       1.443281084274e+04 
       4.344662172766e-02       1.435402897976e+04 
       4.370067329766e-02       1.427508406481e+04 
       4.395973860895e-02       1.419623080694e+04 
       4.422410956146e-02       1.411682568516e+04 
       4.449410252510e-02       1.403687904878e+04 
       4.477006107517e-02       1.395696127288e+04 
       4.505235911144e-02       1.387672240740e+04 
       4.534140442565e-02       1.379620763183e+04 
       4.563764279515e-02       1.371516285525e+04 
       4.594156269594e-02       1.363409462829e+04 
       4.625370074776e-02       1.355226755300e+04 
       4.657464802779e-02       1.346997367893e+04 
       4.690505741922e-02       1.338761814971e+04 
       4.724565219770e-02       1.330426959176e+04 
       4.759723610531e-02       1.322031598043e+04 
       4.796070521940e-02       1.313551712639e+04 
       4.833706199726e-02       1.305057244231e+04 
       4.872743197034e-02       1.296427229200e+04 
       4.913308367948e-02       1.287680989081e+04 
       4.955545259277e-02       1.278875799376e+04 
       4.999616993880e-02       1.269991623656e+04 
       5.045709763174e-02       1.260918610108e+04 
       5.094037077477e-02       1.251735288747e+04 
       5.144844961995e-02       1.242417926877e+04 
       5.198418335314e-02       1.232887131673e+04 
       5.255088867368e-02       1.223205008506e+04 
       5.315244685078e-02       1.213246198384e+04 
       5.379342372920e-02       1.202993855764e+04 
       5.447921791819e-02       1.192437880747e+04 
       5.521624286833e-02       1.181548976574e+04 
       5.601214814725e-02       1.170240367725e+04 
       5.687608279072e-02       1.158277634251e+04 
       5.781899684783e-02       1.145743153776e+04 
       5.885396196233e-02       1.132362526206e+04 
       5.999646093945e-02       1.117842288495e+04 
       6.126453936142e-02       1.102091842007e+04 
       6.267861894951e-02       1.084519564670e+04 
       6.426064605403e-02       1.064669657895e+04 
       6.603214414838e-02       1.041903491694e+04 
       6.801082246734e-02       1.015468868498e+04 
       7.020594723153e-02       9.846275516936e+03 
       7.261383929933e-02       9.488647716771e+03 
       7.521596656555e-02       9.081239680571e+03 
       7.798160201339e-02       8.629713993792e+03 
       8.087433584942e-02       8.148306005791e+03 
       8.385915465973e-02       7.653276666604e+03 
       8.690703909611e-02       7.165816990580e+03 
       8.999636067732e-02       6.702891126825e+03 
       9.311214000998e-02       6.279793434834e+03 
       9.624449752397e-02       5.905648197556e+03 
       9.938711962418e-02       5.584993178200e+03 
       1.025360511236e-01       5.317573683802e+03 
       1.056888446942e-01       5.099064964371e+03 
       1.088439974096e-01       4.922531203007e+03 
       1.120005904816e-01       4.778891348775e+03 
       1.151580636958e-01       4.658091035542e+03 
       1.183160759431e-01       4.550197517381e+03 
       1.214744196337e-01       4.445365884363e+03 
       1.246329684134e-01       4.335963447068e+03 
       1.277916453108e-01       4.216790850631e+03 
       1.309504033639e-01       4.084405829650e+03 
       1.341092138471e-01       3.938377689657e+03 
       1.372680591208e-01       3.781023551643e+03 
       1.404269282899e-01       3.615823356934e+03 
       1.435858145674e-01       3.447777436116e+03 
       1.457785448969e-01       3.332181694670e+03 
       1.467447136726e-01       3.282028161531e+03 
       1.499036228591e-01       3.123451405312e+03 
       1.530625403225e-01       2.976242191285e+03 
       1.562214648410e-01       2.843464758429e+03 
       1.593803955561e-01       2.726595286101e+03 
       1.625393318382e-01       2.626225985508e+03 
       1.656982732046e-01       2.541381110670e+03 
       1.688572192693e-01       2.470494951137e+03 
       1.720161697114e-01       2.410877823095e+03 
       1.751751242558e-01       2.359571892619e+03 
       1.783340826604e-01       2.313695931341e+03 
       1.814930447085e-01       2.270472133903e+03 
       1.846520102033e-01       2.226889225870e+03 
       1.878109789646e-01       2.180823270927e+03 
       1.909699508258e-01       2.130783140213e+03 
       1.941289256326e-01       2.075998618995e+03 
       1.972879032412e-01       2.016762949712e+03 
       2.004468835176e-01       1.953881266246e+03 
       2.036058663360e-01       1.889012093051e+03 
       2.067648515790e-01       1.823500922426e+03 
       2.099238391360e-01       1.759230389628e+03 
       2.130828289033e-01       1.697523998259e+03 
       2.162418207833e-01       1.639591344847e+03 
       2.194008146841e-01       1.586262494997e+03 
       2.225598105189e-01       1.537973084902e+03 
       2.257188082059e-01       1.494942136315e+03 
       2.288778076681e-01       1.456908506472e+03 
       2.320368088323e-01       1.423471236910e+03 
       2.351958116295e-01       1.393830887760e+03 
       2.383548159943e-01       1.367137780336e+03 
       2.415138218650e-01       1.342308593798e+03 
       2.446728291826e-01       1.318410799154e+03 
       2.478318378917e-01       1.294645321015e+03 
       2.509908479392e-01       1.270354871699e+03 
       2.541498592750e-01       1.244999805325e+03 
       2.573088718514e-01       1.218547056813e+03 
       2.604678856229e-01       1.190896396115e+03 
       2.636269005463e-01       1.162298384078e+03 
       2.667859165805e-01       1.133032918572e+03 
       2.699449336862e-01       1.103563988026e+03 
       2.731039518260e-01       1.074383087024e+03 
       2.762629709643e-01       1.046045920553e+03 
       2.794219910670e-01       1.018934315258e+03 
       2.825810121016e-01       9.933633021695e+02 
       2.857400340370e-01       9.696475009060e+02 
       2.888990568435e-01       9.477784155696e+02 
       2.920580804927e-01       9.276708710495e+02 
       2.952171049573e-01       9.091964962577e+02 
       2.983761302114e-01       8.921382120850e+02 
       3.015351562300e-01       8.761103445340e+02 
       3.046941829892e-01       8.609405481984e+02 
       3.078532104661e-01       8.463397347319e+02 
       3.110122386387e-01       8.319505008023e+02 
       3.141712674859e-01       8.176327552337e+02 
       3.173302969874e-01       8.032283515818e+02 
       3.204893271239e-01       7.885371025593e+02 
       3.236483578767e-01       7.735596368730e+02 
       3.268073892277e-01       7.584502031403e+02 
       3.299664211598e-01       7.432167608966e+02 
       3.331254536562e-01       7.280170478044e+02 
       3.362844867011e-01       7.129724174153e+02 
       3.394435202791e-01       6.983118870024e+02 
       3.426025543752e-01       6.840363518950e+02 
       3.457615889754e-01       6.703212853682e+02 
       3.489206240657e-01       6.572414254299e+02 
       3.520796596331e-01       6.447926918615e+02 
       3.552386956646e-01       6.330232510882e+02 
       3.583977321479e-01       6.218952429365e+02 
       3.615567690713e-01       6.113422581968e+02 
       3.647158064231e-01       6.013021406230e+02 
       3.678748441922e-01       5.916219976931e+02 
       3.710338823681e-01       5.822290731231e+02 
       3.741929209403e-01       5.730233888494e+02 
       3.773519598989e-01       5.639408983508e+02 
       3.805109992342e-01       5.549439055093e+02 
       3.836700389368e-01       5.460001684394e+02 
       3.868290789977e-01       5.370667931099e+02 
       3.899881194081e-01       5.281863607866e+02 
       3.931471601597e-01       5.193460371582e+02 
       3.963062012442e-01       5.105819547347e+02 
       3.994652426536e-01       5.019270728526e+02 
       4.026242843804e-01       4.934038765169e+02 
       4.057833264170e-01       4.851014165223e+02 
       4.089423687563e-01       4.770076518157e+02 
       4.121014113913e-01       4.691601577206e+02 
       4.152604543151e-01       4.615461305934e+02 
       4.184194975213e-01       4.542089356816e+02 
       4.215785410035e-01       4.471171281282e+02 
       4.247375847554e-01       4.402600767274e+02 
       4.278966287711e-01       4.336250448139e+02 
       4.310556730448e-01       4.272170352120e+02 
       4.342147175707e-01       4.209705734788e+02 
       4.373737623435e-01       4.148787380235e+02 
       4.405328073578e-01       4.089131122775e+02 
       4.436918526084e-01       4.030439305109e+02 
       4.468508980903e-01       3.972557615630e+02 
       4.500099437986e-01       3.915330081745e+02 
       4.531689897286e-01       3.858792574494e+02 
       4.563280358756e-01       3.802654979466e+02 
       4.594870822351e-01       3.747573670651e+02 
       4.626461288028e-01       3.693045288098e+02 
       4.658051755744e-01       3.639326140473e+02 
       4.689642225458e-01       3.586473821455e+02 
       4.721232697129e-01       3.534576642962e+02 
       4.752823170719e-01       3.483762405174e+02 
       4.784413646189e-01       3.434150060974e+02 
       4.816004123503e-01       3.385821848612e+02 
       4.847594602624e-01       3.338780216876e+02 
       4.879185083516e-01       3.293023228575e+02 
       4.910775566146e-01       3.248453126804e+02 
       4.942366050480e-01       3.204945275633e+02 
       4.973956536485e-01       3.162406777850e+02 
       5.005547024131e-01       3.120732795246e+02 
       5.037137513385e-01       3.079838277676e+02 
       5.068728004218e-01       3.039690364310e+02 
       5.100318496600e-01       3.000222450885e+02 
       5.131908990503e-01       2.961358972302e+02 
       5.163499485898e-01       2.923022810001e+02 
       5.195089982758e-01       2.885157612176e+02 
       5.226680481057e-01       2.847803702298e+02 
       5.258270980769e-01       2.810986865481e+02 
       5.289861481868e-01       2.774706784727e+02 
       5.321451984329e-01       2.739044180098e+02 
       5.353042488129e-01       2.704035734084e+02 
       5.384632993243e-01       2.669693828117e+02 
       5.416223499648e-01       2.635993377477e+02 
       5.447814007323e-01       2.602927538220e+02 
       5.479404516245e-01       2.570497615163e+02 
       5.510995026392e-01       2.538673573114e+02 
       5.542585537744e-01       2.507473583590e+02 
       5.574176050279e-01       2.476914544691e+02 
       5.605766563979e-01       2.446952066795e+02 
       5.637357078822e-01       2.417543084178e+02 
       5.668947594791e-01       2.388660828088e+02 
       5.700538111866e-01       2.360259268371e+02 
       5.732128630029e-01       2.332286217484e+02 
       5.763719149262e-01       2.304742097318e+02 
       5.795309669548e-01       2.277615257759e+02 
       5.826900190869e-01       2.250920021141e+02 
       5.858490713208e-01       2.224635941359e+02 
       5.890081236550e-01       2.198757846692e+02 
       5.921671760877e-01       2.173246130460e+02 
       5.953262286175e-01       2.148106151202e+02 
       5.984852812428e-01       2.123316848595e+02 
       6.016443339620e-01       2.098905059873e+02 
       6.048033867738e-01       2.074883867286e+02 
       6.079624396766e-01       2.051280972095e+02 
       6.111214926690e-01       2.028089926638e+02 
       6.142805457498e-01       2.005298093658e+02 
       6.174395989174e-01       1.982880821627e+02 
       6.205986521705e-01       1.960823249414e+02 
       6.237577055080e-01       1.939120809461e+02 
       6.269167589284e-01       1.917739895960e+02 
       6.300758124305e-01       1.896727554073e+02 
       6.332348660132e-01       1.876051320910e+02 
       6.363939196752e-01       1.855703613115e+02 
       6.395529734152e-01       1.835677654737e+02 
       6.427120272323e-01       1.815938153069e+02 
       6.458710811252e-01       1.796466845675e+02 
       6.490301350929e-01       1.777254059825e+02 
       6.521891891342e-01       1.758301509167e+02 
       6.553482432480e-01       1.739632429808e+02 
       6.585072974334e-01       1.721252906968e+02 
       6.616663516893e-01       1.703142984446e+02 
       6.648254060147e-01       1.685297686998e+02 
       6.679844604086e-01       1.667712012551e+02 
       6.711435148700e-01       1.650360630509e+02 
       6.743025693980e-01       1.633258556494e+02 
       6.774616239916e-01       1.616393721529e+02 
       6.806206786500e-01       1.599785466294e+02 
       6.837797333723e-01       1.583421627254e+02 
       6.869387881574e-01       1.567334054878e+02 
       6.900978430047e-01       1.551478958814e+02 
       6.932568979132e-01       1.535843631097e+02 
       6.964159528821e-01       1.520421113143e+02 
       6.995750079106e-01       1.505201610385e+02 
       7.027340629979e-01       1.490178121636e+02 
       7.058931181431e-01       1.475389813642e+02 
       7.090521733455e-01       1.460798324850e+02 
       7.122112286044e-01       1.446439021639e+02 
       7.153702839190e-01       1.432263802296e+02 
       7.185293392886e-01       1.418267322616e+02 
       7.216883947124e-01       1.404455380540e+02 
       7.248474501897e-01       1.390801932575e+02 
       7.280065057198e-01       1.377340380312e+02 
       7.311655613021e-01       1.364068521896e+02 
       7.343246169358e-01       1.350982321474e+02 
       7.374836726203e-01       1.338086427767e+02 
       7.406427283550e-01       1.325360649630e+02 
       7.438017841392e-01       1.312797855009e+02 
       7.469608399723e-01       1.300391769999e+02 
       7.501198958537e-01       1.288143909312e+02 
       7.532789517827e-01       1.276053278607e+02 
       7.564380077587e-01       1.264129000855e+02 
       7.595970637813e-01       1.252368719129e+02 
       7.627561198497e-01       1.240768914807e+02 
       7.659151759634e-01       1.229322051380e+02 
       7.690742321219e-01       1.218016420036e+02 
       7.722332883246e-01       1.206845254663e+02 
       7.753923445710e-01       1.195807884468e+02 
       7.785514008605e-01       1.184913872620e+02 
       7.817104571926e-01       1.174155000730e+02 
       7.848695135669e-01       1.163544236449e+02 
       7.880285699827e-01       1.153076916267e+02 
       7.911876264396e-01       1.142739491780e+02 
       7.943466829371e-01       1.132521575202e+02 
       7.975057394747e-01       1.122419772346e+02 
       8.006647960519e-01       1.112440010904e+02 
       8.038238526684e-01       1.102587360117e+02 
       8.069829093235e-01       1.092851601461e+02 
       8.101419660169e-01       1.083254794734e+02 
       8.133010227481e-01       1.073770514784e+02 
       8.164600795167e-01       1.064407770745e+02 
       8.196191363222e-01       1.055162212833e+02 
       8.227781931642e-01       1.046005981902e+02 
       8.259372500423e-01       1.036965624625e+02 
       8.290963069561e-01       1.028025796599e+02 
       8.322553639052e-01       1.019203534727e+02 
       8.354144208891e-01       1.010495111153e+02 
       8.385734779075e-01       1.001893630023e+02 
       8.417325349600e-01       9.933910657575e+01 
       8.448915920462e-01       9.849863362338e+01 
       8.480506491657e-01       9.766746536132e+01 
       8.512097063182e-01       9.684583849756e+01 
       8.543687635033e-01       9.603324176729e+01 
       8.575278207206e-01       9.523013036068e+01 
       8.606868779697e-01       9.443805691257e+01 
       8.638459352504e-01       9.365512679622e+01 
       8.670049925623e-01       9.288074668343e+01 
       8.701640499050e-01       9.211515464660e+01 
       8.733231072782e-01       9.135824190793e+01 
       8.764821646816e-01       9.060870489066e+01 
       8.796412221148e-01       8.986820048819e+01 
       8.828002795775e-01       8.913687205831e+01 
       8.859593370695e-01       8.841370526542e+01 
       8.891183945903e-01       8.769991319977e+01 
       8.922774521397e-01       8.699334465598e+01 
       8.954365097174e-01       8.629517962545e+01 
       8.985955673231e-01       8.560388470258e+01 
       9.017546249565e-01       8.491961118582e+01 
       9.049136826173e-01       8.424298226147e+01 
       9.080727403052e-01       8.357424336601e+01 
       9.112317980200e-01       8.291435621816e+01 
       9.143908557613e-01       8.226116429486e+01 
       9.175499135288e-01       8.161507735570e+01 
       9.207089713224e-01       8.097601746015e+01 
       9.238680291418e-01       8.034317702337e+01 
       9.270270869865e-01       7.971669974547e+01 
       9.301861448566e-01       7.909753018387e+01 
       9.333452027515e-01       7.848537326630e+01 
       9.365042606712e-01       7.788006095191e+01 
       9.396633186154e-01       7.728153829502e+01 
       9.428223765837e-01       7.668920155805e+01 
       9.459814345760e-01       7.610288664912e+01 
       9.491404925921e-01       7.552280819991e+01 
       9.522995506316e-01       7.494824427022e+01 
       9.554586086944e-01       7.437960312093e+01 
       9.586176667803e-01       7.381765675298e+01 
       9.617767248889e-01       7.326199389785e+01 
       9.649357830201e-01       7.271233159317e+01 
       9.680948411737e-01       7.216825321653e+01 
       9.712538993494e-01       7.162965579310e+01 
       9.744129575470e-01       7.109599214964e+01 
       9.775720157663e-01       7.056422194751e+01 
       9.807310740072e-01       7.004199575483e+01 
       9.838901322693e-01       6.952490696051e+01 
       9.870491905525e-01       6.901364687916e+01 
       9.902082488566e-01       6.850806003599e+01 
       9.933673071814e-01       6.800732952336e+01 
       9.965263655266e-01       6.751133092785e+01 
       9.996854238922e-01       6.701969584608e+01 
       1.002844482278e+00       6.653303429900e+01 
       1.006003540683e+00       6.605153252298e+01 
       1.009162599109e+00       6.557538687560e+01 
       1.012321657554e+00       6.510393935229e+01 
       1.015480716018e+00       6.463763023000e+01 
       1.018639774501e+00       6.417572179027e+01 
       1.021798833003e+00       6.371803795410e+01 
       1.024957891525e+00       6.326460941083e+01 
       1.028116950064e+00       6.281539551039e+01 
       1.031276008623e+00       6.237088857282e+01 
       1.034435067199e+00       6.193105576063e+01 
       1.037594125794e+00       6.149589087420e+01 
       1.040753184407e+00       6.106493644249e+01 
       1.043912243037e+00       6.063849286900e+01 
       1.047071301686e+00       6.021508749370e+01 
       1.050230360351e+00       5.979601891423e+01 
       1.053389419034e+00       5.938057256158e+01 
       1.056548477734e+00       5.896962468594e+01 
       1.059707536452e+00       5.856290409360e+01 
       1.062866595186e+00       5.816029969578e+01 
       1.066025653937e+00       5.776177083110e+01 
       1.069184712704e+00       5.736607442206e+01 
       1.072343771488e+00       5.697477313684e+01 
       1.075502830288e+00       5.658661427230e+01 
       1.078661889104e+00       5.620207260085e+01 
       1.081820947936e+00       5.582079038203e+01 
       1.084980006784e+00       5.544431678744e+01 
       1.088139065648e+00       5.507103903725e+01 
       1.091298124528e+00       5.470150355266e+01 
       1.094457183422e+00       5.433531096332e+01 
       1.097616242332e+00       5.397179584443e+01 
       1.100775301258e+00       5.361120360682e+01 
       1.103934360198e+00       5.325533550907e+01 
       1.107093419153e+00       5.290160951365e+01 
       1.110252478123e+00       5.255184517657e+01 
       1.113411537108e+00       5.220549192240e+01 
       1.116570596107e+00       5.186378934135e+01 
       1.119729655121e+00       5.152336247307e+01 
       1.122888714149e+00       5.118631985023e+01 
       1.126047773191e+00       5.085171105496e+01 
       1.129206832248e+00       5.052005200301e+01 
       1.132365891318e+00       5.019209323233e+01 
       1.135524950402e+00       4.986670239410e+01 
       1.138684009499e+00       4.954489501339e+01 
       1.141843068611e+00       4.922572186486e+01 
       1.145002127736e+00       4.890826331031e+01 
       1.148161186874e+00       4.859536424240e+01 
       1.151320246025e+00       4.828410429918e+01 
       1.154479305190e+00       4.797518166135e+01 
       1.157638364367e+00       4.766940235659e+01 
       1.160797423558e+00       4.736783182599e+01 
       1.163956482761e+00       4.706807264742e+01 
       1.167115541977e+00       4.677098551880e+01 
       1.170274601206e+00       4.647644447131e+01 
       1.173433660447e+00       4.618389470460e+01 
       1.176592719701e+00       4.589394383930e+01 
       1.179751778967e+00       4.560687722855e+01 
       1.182910838245e+00       4.532205997346e+01 
       1.186069897535e+00       4.503992710869e+01 
       1.189228956838e+00       4.476068012653e+01 
       1.192388016152e+00       4.448335315640e+01 
       1.195547075478e+00       4.420831484805e+01 
       1.198706134816e+00       4.393566202523e+01 
       1.201865194165e+00       4.366543520988e+01 
       1.205024253526e+00       4.339692179681e+01 
       1.208183312899e+00       4.313112155980e+01 
       1.211342372283e+00       4.286795128436e+01 
       1.214501431678e+00       4.260836031593e+01 
       1.217660491085e+00       4.234985205804e+01 
       1.220819550502e+00       4.209289944852e+01 
       1.223978609931e+00       4.183586853427e+01 
       1.227137669370e+00       4.158383908303e+01 
       1.230296728820e+00       4.133269028938e+01 
       1.233455788282e+00       4.108462331505e+01 
       1.236614847753e+00       4.083859825301e+01 
       1.239773907236e+00       4.059452329314e+01 
       1.242932966729e+00       4.035271420432e+01 
       1.246092026232e+00       4.011242430209e+01 
       1.249251085746e+00       3.987417377332e+01 
       1.252410145270e+00       3.963737763612e+01 
       1.255569204804e+00       3.940313570769e+01 
       1.258728264349e+00       3.917245280911e+01 
       1.261887323903e+00       3.894034780954e+01 
       1.265046383468e+00       3.871390962597e+01 
       1.268205443042e+00       3.848556123064e+01 
       1.271364502626e+00       3.826098277842e+01 
       1.274523562220e+00       3.803767788892e+01 
       1.277682621824e+00       3.781614591639e+01 
       1.280841681437e+00       3.759846606352e+01 
       1.284000741060e+00       3.738056497271e+01 
       1.287159800692e+00       3.716303658901e+01 
       1.290318860334e+00       3.694904599382e+01 
       1.293477919985e+00       3.673853853726e+01 
       1.296636979645e+00       3.652766534383e+01 
       1.299796039315e+00       3.631654111581e+01 
       1.302955098993e+00       3.610922474261e+01 
       1.306114158681e+00       3.590270184270e+01 
       1.309273218378e+00       3.570056263819e+01 
       1.312432278083e+00       3.549826759434e+01 
       1.315591337798e+00       3.529745869247e+01 
       1.318750397521e+00       3.509605934679e+01 
       1.321909457253e+00       3.489800068359e+01 
       1.325068516994e+00       3.470152509295e+01 
       1.328227576743e+00       3.450674010221e+01 
       1.331386636501e+00       3.431371211653e+01 
       1.334545696268e+00       3.412168077817e+01 
       1.337704756043e+00       3.393304216846e+01 
       1.340863815826e+00       3.374288077228e+01 
       1.344022875617e+00       3.355584336298e+01 
       1.347181935417e+00       3.336978688180e+01 
       1.350340995225e+00       3.318524145780e+01 
       1.353500055042e+00       3.300213284614e+01 
       1.356659114866e+00       3.282192598562e+01 
       1.359818174698e+00       3.264145534887e+01 
       1.362977234538e+00       3.246268762133e+01 
       1.366136294387e+00       3.228545638583e+01 
       1.369295354243e+00       3.210817429968e+01 
       1.372454414107e+00       3.193340283449e+01 
       1.375613473978e+00       3.175992698794e+01 
       1.378772533858e+00       3.158765558938e+01 
       1.381931593745e+00       3.141635919071e+01 
       1.385090653639e+00       3.124625244017e+01 
       1.388249713541e+00       3.107817094216e+01 
       1.391408773451e+00       3.091144211213e+01 
       1.394567833368e+00       3.074528552037e+01 
       1.397726893293e+00       3.058058964729e+01 
       1.400885953224e+00       3.041674625353e+01 
       1.404045013164e+00       3.025589905965e+01 
       1.407204073110e+00       3.009381000279e+01 
       1.410363133064e+00       2.993509916539e+01 
       1.413522193024e+00       2.977531643127e+01 
       1.416681252992e+00       2.961931390981e+01 
       1.419840312967e+00       2.946193020839e+01 
       1.422999372949e+00       2.930737633384e+01 
       1.426158432938e+00       2.915225452098e+01 
       1.429317492933e+00       2.899975584161e+01 
       1.432476552936e+00       2.884713389225e+01 
       1.435635612945e+00       2.869654255319e+01 
       1.438794672962e+00       2.854724003309e+01 
       1.441953732985e+00       2.840018001696e+01 
       1.445112793014e+00       2.825283949785e+01 
       1.448271853051e+00       2.810645643341e+01 
       1.451430913093e+00       2.795944414821e+01 
       1.454589973143e+00       2.781527388447e+01 
       1.457749033199e+00       2.767175111897e+01 
       1.457785448969e+00       2.767002500749e+01 
       1.460908093261e+00       2.752955488032e+01 
       1.464067153330e+00       2.738856161926e+01 
       1.467226213405e+00       2.724916832449e+01 
       1.470385273487e+00       2.711027456547e+01 
       1.473544333575e+00       2.697178804395e+01 
       1.476703393669e+00       2.683314101218e+01 
       1.479862453769e+00       2.669668957538e+01 
       1.862708038424e+00       1.535637902731e+01 
       2.345007981135e+00       8.754864502484e+00 
       2.952190135176e+00       4.952132986862e+00 
       3.716587181621e+00       2.781879988581e+00 
       4.678906048091e+00       1.552706933967e+00 
       5.890393723339e+00       8.616175560105e-01 
       7.415566343785e+00       4.755731958125e-01 
       9.335644913036e+00       2.612034975568e-01 
       1.175288061651e+01       1.428195340827e-01 
       1.479600006990e+01       7.775727921137e-02 
       1.862706048091e+01       4.217373761728e-02 
       2.345007978645e+01       2.278344532725e-02 
