# Matter power spectrum P(k) at redshift z=0
# for k=9.0192e-06 to 20.5861 h/Mpc,
# number of wavenumbers equal to 855
#    1:k (h/Mpc)              2:P (Mpc/h)^3        
       9.019204976993e-06       7.372386229763e+01 
       2.013438014409e-05       1.599051309416e+02 
       3.127868234905e-05       2.445114383652e+02 
       4.247442557899e-05       3.283941153871e+02 
       5.374419929777e-05       4.120135328978e+02 
       6.511101857491e-05       4.956991403592e+02 
       7.659847783023e-05       5.797217057637e+02 
       8.823090974742e-05       6.643222795495e+02 
       1.000335509225e-04       7.497265772926e+02 
       1.120327158298e-04       8.361532365661e+02 
       1.242559807030e-04       9.238191530675e+02 
       1.367323789378e-04       1.012943312568e+03 
       1.494926096110e-04       1.103749794046e+03 
       1.625692606757e-04       1.196470275993e+03 
       1.759970483069e-04       1.291346318118e+03 
       1.898130737261e-04       1.388631448694e+03 
       2.040570985940e-04       1.488593220194e+03 
       2.187718396958e-04       1.591515207189e+03 
       2.340032831118e-04       1.697699017710e+03 
       2.498010173128e-04       1.807466304879e+03 
       2.662185835800e-04       1.921160779460e+03 
       2.833138407498e-04       2.039150199145e+03 
       3.011493394298e-04       2.161828296180e+03 
       3.197926984326e-04       2.289616595598e+03 
       3.393169731301e-04       2.422966031308e+03 
       3.598010016445e-04       2.562358275163e+03 
       3.813297102150e-04       2.708306608869e+03 
       4.039943536983e-04       2.861356201824e+03 
       4.278926610814e-04       3.022083558290e+03 
       4.531288493575e-04       3.191094880814e+03 
       4.798134626171e-04       3.369023078056e+03 
       5.080629875164e-04       3.556523045431e+03 
       5.379991925169e-04       3.754264954560e+03 
       5.697481379765e-04       3.962925115048e+03 
       6.034388091171e-04       4.183174270182e+03 
       6.392013360914e-04       4.415663084091e+03 
       6.771647865580e-04       4.661004883262e+03 
       7.174545473443e-04       4.919756071776e+03 
       7.601893524407e-04       5.192394776212e+03 
       8.054780621013e-04       5.479298946492e+03 
       8.534163469723e-04       5.780725249625e+03 
       9.040834742503e-04       6.096790538882e+03 
       9.575394207352e-04       6.427457406849e+03 
       1.013822541642e-03       6.772525282652e+03 
       1.072947998486e-03       7.131627479568e+03 
       1.134907093856e-03       7.504234548722e+03 
       1.199667581565e-03       7.889663008506e+03 
       1.237686565779e-03       8.114031157521e+03 
       1.267174929296e-03       8.287089461714e+03 
       1.337354422516e-03       8.695569395080e+03 
       1.410113927546e-03       9.114060489519e+03 
       1.485347088335e-03       9.541450343715e+03 
       1.562936719724e-03       9.976585783198e+03 
       1.642758176941e-03       1.041830165702e+04 
       1.724682519414e-03       1.086544491653e+04 
       1.808579336922e-03       1.131689227909e+04 
       1.894319158360e-03       1.177156336790e+04 
       1.981775410681e-03       1.222842952021e+04 
       2.070825933598e-03       1.268652292406e+04 
       2.161354082699e-03       1.314494458839e+04 
       2.253249470150e-03       1.360286981281e+04 
       2.346408399903e-03       1.405954894184e+04 
       2.440734055354e-03       1.451430104917e+04 
       2.536136493966e-03       1.496651189347e+04 
       2.632532497351e-03       1.541562696187e+04 
       2.729845318075e-03       1.586115351007e+04 
       2.828004357063e-03       1.630265363865e+04 
       2.926944798562e-03       1.673974675001e+04 
       3.026607223423e-03       1.717209490756e+04 
       3.126937216290e-03       1.759940670454e+04 
       3.227884977962e-03       1.802142165671e+04 
       3.329404950766e-03       1.843792003336e+04 
       3.431455462131e-03       1.884871526331e+04 
       3.533998389475e-03       1.925364837446e+04 
       3.636998848055e-03       1.965259060861e+04 
       3.740424902280e-03       2.004542703353e+04 
       3.844247300247e-03       2.043207189814e+04 
       3.948439230710e-03       2.081245136993e+04 
       4.052976101368e-03       2.118651615561e+04 
       4.157835337154e-03       2.155422230218e+04 
       4.262996197086e-03       2.191554648604e+04 
       4.368439608254e-03       2.227047472606e+04 
       4.474148015489e-03       2.261899784007e+04 
       4.580105245354e-03       2.296111780013e+04 
       4.686296383141e-03       2.329685448927e+04 
       4.792707661659e-03       2.362622347733e+04 
       4.899326360693e-03       2.394924890788e+04 
       5.006140716081e-03       2.426596431468e+04 
       5.113139837481e-03       2.457640685718e+04 
       5.220313633959e-03       2.488061827750e+04 
       5.327652746615e-03       2.517863854563e+04 
       5.435148487557e-03       2.547051762345e+04 
       5.542792784574e-03       2.575631333832e+04 
       5.650578130955e-03       2.603606611717e+04 
       5.758497539923e-03       2.630983950724e+04 
       5.866544503242e-03       2.657768981689e+04 
       5.974712953570e-03       2.683967195439e+04 
       6.082997230198e-03       2.709584733307e+04 
       6.191392047843e-03       2.734628350631e+04 
       6.299892468190e-03       2.759101934110e+04 
       6.408493873925e-03       2.783013947235e+04 
       6.517191945017e-03       2.806370584930e+04 
       6.625982637031e-03       2.829177446871e+04 
       6.734862161292e-03       2.851440615534e+04 
       6.843826966702e-03       2.873166809590e+04 
       6.952873723089e-03       2.894362436477e+04 
       7.061999305920e-03       2.915033737430e+04 
       7.171200782259e-03       2.935187472547e+04 
       7.280475397874e-03       2.954830213607e+04 
       7.389820565363e-03       2.973965681187e+04 
       7.499233853231e-03       2.992603145171e+04 
       7.608712975823e-03       3.010748788203e+04 
       7.718255784036e-03       3.028408063917e+04 
       7.827860256754e-03       3.045586404051e+04 
       7.937524492937e-03       3.062290460226e+04 
       8.047246704300e-03       3.078526501634e+04 
       8.157025208554e-03       3.094300480545e+04 
       8.266858423138e-03       3.109617417937e+04 
       8.376744859423e-03       3.124483975079e+04 
       8.486683117332e-03       3.138906472884e+04 
       8.596671880356e-03       3.152890488583e+04 
       8.706709910922e-03       3.166441316686e+04 
       8.816796046100e-03       3.179564845165e+04 
       8.926929193607e-03       3.192266723731e+04 
       9.037108328096e-03       3.204552129477e+04 
       9.147332487703e-03       3.216427353330e+04 
       9.257600770835e-03       3.227897657312e+04 
       9.367912333175e-03       3.238968178187e+04 
       9.478266384901e-03       3.249644178342e+04 
       9.588662188089e-03       3.259930211234e+04 
       9.699099054289e-03       3.269833963152e+04 
       9.809576342276e-03       3.279357785073e+04 
       9.920093455941e-03       3.288507725478e+04 
       1.003064984233e-02       3.297289361285e+04 
       1.014124498982e-02       3.305706588796e+04 
       1.025187842639e-02       3.313765916750e+04 
       1.036254971807e-02       3.321471401025e+04 
       1.047325846738e-02       3.328826655642e+04 
       1.058400431202e-02       3.335838666586e+04 
       1.069478692353e-02       3.342511106950e+04 
       1.080560600610e-02       3.348848866433e+04 
       1.091646129541e-02       3.354856937474e+04 
       1.102735255764e-02       3.360539261856e+04 
       1.113827958843e-02       3.365899930486e+04 
       1.124924221198e-02       3.370943851651e+04 
       1.136024028026e-02       3.375674956096e+04 
       1.147127367212e-02       3.380098289013e+04 
       1.158234229264e-02       3.384217516187e+04 
       1.169344607241e-02       3.388036884737e+04 
       1.180458496692e-02       3.391562065818e+04 
       1.191575895592e-02       3.394796931902e+04 
       1.202696804297e-02       3.397743364499e+04 
       1.213821225488e-02       3.400407528344e+04 
       1.224949164123e-02       3.402792624466e+04 
       1.236080627403e-02       3.404902789083e+04 
       1.237686565779e-02       3.405184710846e+04 
       1.247215624726e-02       3.406742240742e+04 
       1.258354167657e-02       3.408316082464e+04 
       1.269496269891e-02       3.409625210490e+04 
       1.280641947230e-02       3.410676212141e+04 
       1.291791217553e-02       3.411471614661e+04 
       1.302944100795e-02       3.412015580746e+04 
       1.314100618926e-02       3.412311004378e+04 
       1.325260795934e-02       3.412363687699e+04 
       1.336424657811e-02       3.412174601501e+04 
       1.347592232535e-02       3.411749144195e+04 
       1.358763550066e-02       3.411090428397e+04 
       1.369938642337e-02       3.410201292264e+04 
       1.381117543241e-02       3.409087080651e+04 
       1.392300288638e-02       3.407748398957e+04 
       1.403486916343e-02       3.406190849365e+04 
       1.414677466132e-02       3.404416871533e+04 
       1.425871979743e-02       3.402432189830e+04 
       1.437070500878e-02       3.400237790586e+04 
       1.448273075210e-02       3.397834891398e+04 
       1.459479750391e-02       3.395232773550e+04 
       1.470690576060e-02       3.392429601977e+04 
       1.481905603853e-02       3.389431062000e+04 
       1.493124887419e-02       3.386238552959e+04 
       1.504348482432e-02       3.382856512787e+04 
       1.515576446605e-02       3.379288358559e+04 
       1.526808839712e-02       3.375536173106e+04 
       1.538045723605e-02       3.371602393221e+04 
       1.549287162231e-02       3.367492802436e+04 
       1.560533221661e-02       3.363207895399e+04 
       1.571783970111e-02       3.358750303573e+04 
       1.583039477966e-02       3.354125092283e+04 
       1.594299817808e-02       3.349335090399e+04 
       1.605565064445e-02       3.344383192850e+04 
       1.616835294943e-02       3.339269904512e+04 
       1.628110588654e-02       3.333995617425e+04 
       1.639391027253e-02       3.328570669340e+04 
       1.650676694770e-02       3.322996755886e+04 
       1.661967677629e-02       3.317270812760e+04 
       1.673264064685e-02       3.311404195183e+04 
       1.684565947265e-02       3.305388080662e+04 
       1.695873419209e-02       3.299232616994e+04 
       1.707186576913e-02       3.292940263305e+04 
       1.718505519375e-02       3.286513089487e+04 
       1.729830348240e-02       3.279951382139e+04 
       1.741161167851e-02       3.273261184143e+04 
       1.752498085296e-02       3.266442342174e+04 
       1.763841210467e-02       3.259499357921e+04 
       1.775190656104e-02       3.252430927853e+04 
       1.786546537859e-02       3.245244860748e+04 
       1.797908974354e-02       3.237944480104e+04 
       1.809278087233e-02       3.230527333894e+04 
       1.820654001235e-02       3.222991843819e+04 
       1.832036844249e-02       3.215354228608e+04 
       1.843426747385e-02       3.207603102950e+04 
       1.854823845043e-02       3.199750603566e+04 
       1.866228274980e-02       3.191790187903e+04 
       1.877640178386e-02       3.183727998958e+04 
       1.889059699960e-02       3.175577965685e+04 
       1.900486987984e-02       3.167316830248e+04 
       1.911922194409e-02       3.158968887148e+04 
       1.923365474933e-02       3.150524680751e+04 
       1.934816989090e-02       3.141994002723e+04 
       1.946276900336e-02       3.133376194082e+04 
       1.957745376143e-02       3.124667377475e+04 
       1.969222588090e-02       3.115884257739e+04 
       1.980708711962e-02       3.107012172908e+04 
       1.992203927853e-02       3.098062051402e+04 
       2.003708420262e-02       3.089036310678e+04 
       2.015222378209e-02       3.079934193071e+04 
       2.026745995336e-02       3.070756000789e+04 
       2.038279470029e-02       3.061509697259e+04 
       2.049823005531e-02       3.052189761644e+04 
       2.061376810063e-02       3.042806235824e+04 
       2.072941096952e-02       3.033356104505e+04 
       2.084516084756e-02       3.023843030998e+04 
       2.096101997401e-02       3.014265490539e+04 
       2.107699064319e-02       3.004630023798e+04 
       2.119307520585e-02       2.994934158964e+04 
       2.130927607069e-02       2.985177138760e+04 
       2.142559570588e-02       2.975373199679e+04 
       2.154203664058e-02       2.965516389842e+04 
       2.165860146659e-02       2.955603268184e+04 
       2.177529284004e-02       2.945642515824e+04 
       2.189211348307e-02       2.935632549109e+04 
       2.200906618568e-02       2.925578119242e+04 
       2.212615380752e-02       2.915478835771e+04 
       2.224337927981e-02       2.905335551903e+04 
       2.236074560737e-02       2.895148677607e+04 
       2.247825587059e-02       2.884923835507e+04 
       2.259591322759e-02       2.874660019554e+04 
       2.271372091639e-02       2.864357930900e+04 
       2.283168225720e-02       2.854020185118e+04 
       2.294980065471e-02       2.843652983091e+04 
       2.306807960058e-02       2.833247211157e+04 
       2.318652267590e-02       2.822818747483e+04 
       2.330513355385e-02       2.812349839602e+04 
       2.342391600233e-02       2.801860804443e+04 
       2.354287388681e-02       2.791339397022e+04 
       2.366201117321e-02       2.780800137485e+04 
       2.378133193090e-02       2.770225834638e+04 
       2.390084033581e-02       2.759630649920e+04 
       2.402054067368e-02       2.749019029918e+04 
       2.414043734340e-02       2.738389908197e+04 
       2.426053486050e-02       2.727733088673e+04 
       2.438083786074e-02       2.717053216656e+04 
       2.450135110391e-02       2.706362940317e+04 
       2.462207947767e-02       2.695660300819e+04 
       2.474302800163e-02       2.684949911307e+04 
       2.486420183157e-02       2.674213548305e+04 
       2.498560626377e-02       2.663463333742e+04 
       2.510724673963e-02       2.652711726249e+04 
       2.522912885032e-02       2.641942134922e+04 
       2.535125834177e-02       2.631162650293e+04 
       2.547364111977e-02       2.620380259005e+04 
       2.559628325528e-02       2.609586853865e+04 
       2.571919099005e-02       2.598791900198e+04 
       2.584237074235e-02       2.587988870407e+04 
       2.596582911306e-02       2.577182847369e+04 
       2.608957289192e-02       2.566366737953e+04 
       2.621360906409e-02       2.555555848914e+04 
       2.633794481706e-02       2.544740185125e+04 
       2.646258754770e-02       2.533918519550e+04 
       2.658754486982e-02       2.523109806856e+04 
       2.671282462188e-02       2.512295691344e+04 
       2.683843487519e-02       2.501479472043e+04 
       2.696438394240e-02       2.490662854302e+04 
       2.709068038640e-02       2.479858230786e+04 
       2.721733302963e-02       2.469062053008e+04 
       2.734435096384e-02       2.458259751679e+04 
       2.747174356025e-02       2.447471478735e+04 
       2.759952048029e-02       2.436676531719e+04 
       2.772769168677e-02       2.425899573119e+04 
       2.785626745561e-02       2.415120569227e+04 
       2.798525838815e-02       2.404354286696e+04 
       2.811467542409e-02       2.393594860128e+04 
       2.824452985504e-02       2.382844601287e+04 
       2.837483333874e-02       2.372107517145e+04 
       2.850559791405e-02       2.361381497827e+04 
       2.863683601668e-02       2.350657649421e+04 
       2.876856049569e-02       2.339950349506e+04 
       2.890078463099e-02       2.329253303087e+04 
       2.903352215158e-02       2.318566649048e+04 
       2.916678725490e-02       2.307893625283e+04 
       2.930059462722e-02       2.297233449910e+04 
       2.943495946502e-02       2.286585148960e+04 
       2.956989749774e-02       2.275954003035e+04 
       2.970542501160e-02       2.265332842216e+04 
       2.984155887494e-02       2.254727395048e+04 
       2.997831656485e-02       2.244136895271e+04 
       3.011571619548e-02       2.233555059226e+04 
       3.025377654788e-02       2.222989515809e+04 
       3.039251710168e-02       2.212445236588e+04 
       3.053195806861e-02       2.201909966334e+04 
       3.067212042809e-02       2.191391077442e+04 
       3.081302596498e-02       2.180894383738e+04 
       3.095469730961e-02       2.170406806340e+04 
       3.109715798043e-02       2.159936504530e+04 
       3.124043242923e-02       2.149476649689e+04 
       3.138454608939e-02       2.139041393280e+04 
       3.152952542717e-02       2.128617916026e+04 
       3.167539799640e-02       2.118210474192e+04 
       3.182219249684e-02       2.107815076617e+04 
       3.196993883649e-02       2.097435783890e+04 
       3.211866819806e-02       2.087075713200e+04 
       3.226841311024e-02       2.076731139979e+04 
       3.241920752373e-02       2.066399118506e+04 
       3.257108689295e-02       2.056085051740e+04 
       3.272408826341e-02       2.045777559033e+04 
       3.287825036567e-02       2.035492399790e+04 
       3.303361371614e-02       2.025224030896e+04 
       3.319022072556e-02       2.014961355602e+04 
       3.334811581576e-02       2.004721446810e+04 
       3.350734554541e-02       1.994486800550e+04 
       3.366795874578e-02       1.984270447259e+04 
       3.383000666727e-02       1.974061847146e+04 
       3.399354313788e-02       1.963874330467e+04 
       3.415862473469e-02       1.953692373822e+04 
       3.432531096980e-02       1.943516814455e+04 
       3.449366449200e-02       1.933359514536e+04 
       3.466375130591e-02       1.923209365821e+04 
       3.483564101045e-02       1.913064489225e+04 
       3.500940705852e-02       1.902929230484e+04 
       3.518512704044e-02       1.892804028185e+04 
       3.536288299344e-02       1.882684065709e+04 
       3.554276174051e-02       1.872576149308e+04 
       3.572485526150e-02       1.862458109232e+04 
       3.590926110062e-02       1.852352597083e+04 
       3.609608281435e-02       1.842248415728e+04 
       3.628543046475e-02       1.832153230930e+04 
       3.647742116368e-02       1.822048562362e+04 
       3.667217967428e-02       1.811943727226e+04 
       3.686983907705e-02       1.801837526261e+04 
       3.707054150876e-02       1.791725648211e+04 
       3.727443898398e-02       1.781614008177e+04 
       3.748169431035e-02       1.771491756114e+04 
       3.769248211037e-02       1.761358521840e+04 
       3.790698996486e-02       1.751206969959e+04 
       3.812541969549e-02       1.741055403751e+04 
       3.834798880680e-02       1.730882084557e+04 
       3.857493211170e-02       1.720689594469e+04 
       3.880650356848e-02       1.710473638464e+04 
       3.904297836273e-02       1.700244251950e+04 
       3.928465527338e-02       1.689976092848e+04 
       3.953185936961e-02       1.679681857203e+04 
       3.978494509441e-02       1.669356121876e+04 
       4.004429980157e-02       1.658992056530e+04 
       4.031034782614e-02       1.648587525740e+04 
       4.058355518528e-02       1.638134521315e+04 
       4.086443502661e-02       1.627632359014e+04 
       4.115355396680e-02       1.617074105767e+04 
       4.145153949443e-02       1.606450257938e+04 
       4.175908865113e-02       1.595758781957e+04 
       4.207697825440e-02       1.584986579036e+04 
       4.240607698821e-02       1.574131728258e+04 
       4.274735976692e-02       1.563184949784e+04 
       4.310192487843e-02       1.552132162001e+04 
       4.347101454085e-02       1.540958249350e+04 
       4.385603966988e-02       1.529652096586e+04 
       4.425860986236e-02       1.518199108477e+04 
       4.468056986599e-02       1.506583081486e+04 
       4.512404414025e-02       1.494775854250e+04 
       4.559149153307e-02       1.482753919568e+04 
       4.608577261420e-02       1.470485520048e+04 
       4.661023282062e-02       1.457936713584e+04 
       4.716880525875e-02       1.445060682946e+04 
       4.776613768737e-02       1.431791679934e+04 
       4.840774866699e-02       1.418068496982e+04 
       4.910021764266e-02       1.403792165828e+04 
       4.985141187647e-02       1.388844634791e+04 
       5.067074780136e-02       1.373069704952e+04 
       5.156947208660e-02       1.356264220329e+04 
       5.256092259167e-02       1.338150010717e+04 
       5.366068262143e-02       1.318360163890e+04 
       5.488646392364e-02       1.296406254393e+04 
       5.625744517354e-02       1.271657115745e+04 
       5.779269361434e-02       1.243320126037e+04 
       5.950833998540e-02       1.210490051155e+04 
       6.141360279966e-02       1.172271812440e+04 
       6.350672343544e-02       1.128029140247e+04 
       6.577291022785e-02       1.077694153594e+04 
       6.818618202328e-02       1.022030378411e+04 
       7.071481377673e-02       9.626575766335e+03 
       7.332765984723e-02       9.018076746638e+03 
       7.599851852025e-02       8.419231692060e+03 
       7.870765451559e-02       7.852518834721e+03 
       8.144130127947e-02       7.335637493918e+03 
       8.419033619292e-02       6.880083268663e+03 
       8.694891164947e-02       6.490977377719e+03 
       8.971335728359e-02       6.167597605414e+03 
       9.248139918627e-02       5.904604131343e+03 
       9.525163978606e-02       5.693081395229e+03 
       9.802322420633e-02       5.521836257632e+03 
       1.007956309583e-01       5.378515179626e+03 
       1.035685423708e-01       5.250739287229e+03 
       1.063417650187e-01       5.127123539641e+03 
       1.091151810915e-01       4.998265693737e+03 
       1.118887187569e-01       4.857441571775e+03 
       1.146623341303e-01       4.701062037267e+03 
       1.174360003170e-01       4.528680376258e+03 
       1.202097007559e-01       4.342668972737e+03 
       1.229834251763e-01       4.147550151039e+03 
       1.237686565779e-01       4.091439056078e+03 
       1.257571671429e-01       3.949120634688e+03 
       1.285309225641e-01       3.753611710297e+03 
       1.313046887852e-01       3.566854202144e+03 
       1.340784640370e-01       3.393729046712e+03 
       1.368522471001e-01       3.237721143040e+03 
       1.396260370994e-01       3.100770799959e+03 
       1.423998333793e-01       2.983281733731e+03 
       1.451736354266e-01       2.884266345537e+03 
       1.479474428224e-01       2.801575650480e+03 
       1.507212552133e-01       2.732239587449e+03 
       1.534950722924e-01       2.672772851296e+03 
       1.562688937871e-01       2.619504876583e+03 
       1.590427194521e-01       2.569584925701e+03 
       1.618165490634e-01       2.519216937551e+03 
       1.645903824153e-01       2.465809589406e+03 
       1.673642193173e-01       2.407820859697e+03 
       1.701380595928e-01       2.344636718137e+03 
       1.729119030771e-01       2.276531781952e+03 
       1.756857496164e-01       2.204499780332e+03 
       1.784595990668e-01       2.130061750539e+03 
       1.812334512933e-01       2.055009026521e+03 
       1.840073061693e-01       1.981185766875e+03 
       1.867811635758e-01       1.910295419480e+03 
       1.895550234010e-01       1.843720777891e+03 
       1.923288855393e-01       1.782481862524e+03 
       1.951027498913e-01       1.727127981168e+03 
       1.978766163634e-01       1.677799507276e+03 
       2.006504848670e-01       1.634243099339e+03 
       2.034243553184e-01       1.595859588591e+03 
       2.061982276385e-01       1.561792938510e+03 
       2.089721017524e-01       1.531028328069e+03 
       2.117459775891e-01       1.502480156513e+03 
       2.145198550814e-01       1.475093291502e+03 
       2.172937341654e-01       1.447922207091e+03 
       2.200676147807e-01       1.420213780810e+03 
       2.228414968696e-01       1.391446578270e+03 
       2.256153803775e-01       1.361364093966e+03 
       2.283892652523e-01       1.329972829128e+03 
       2.311631514447e-01       1.297494795310e+03 
       2.339370389073e-01       1.264336913727e+03 
       2.367109275954e-01       1.231025494035e+03 
       2.394848174660e-01       1.198107685300e+03 
       2.422587084784e-01       1.166127001721e+03 
       2.450326005935e-01       1.135553473307e+03 
       2.478064937741e-01       1.106735105220e+03 
       2.505803879847e-01       1.079889765122e+03 
       2.533542831911e-01       1.055092334296e+03 
       2.561281793609e-01       1.032287117206e+03 
       2.589020764630e-01       1.011307052503e+03 
       2.616759744675e-01       9.918959675418e+02 
       2.644498733459e-01       9.737461282749e+02 
       2.672237730709e-01       9.565216701542e+02 
       2.699976736162e-01       9.398996796026e+02 
       2.727715749566e-01       9.235834631622e+02 
       2.755454770681e-01       9.073327901487e+02 
       2.783193799274e-01       8.909820407361e+02 
       2.810932835124e-01       8.744291642835e+02 
       2.838671878016e-01       8.576464973609e+02 
       2.866410927745e-01       8.406812614344e+02 
       2.894149984113e-01       8.236281713402e+02 
       2.921889046931e-01       8.066210697583e+02 
       2.949628116016e-01       7.898122743829e+02 
       2.977367191191e-01       7.733594160628e+02 
       3.005106272287e-01       7.574023404388e+02 
       3.032845359142e-01       7.420585670159e+02 
       3.060584451597e-01       7.274056404379e+02 
       3.088323549502e-01       7.134807501154e+02 
       3.116062652709e-01       7.002849692382e+02 
       3.143801761079e-01       6.877777389464e+02 
       3.171540874475e-01       6.758916672096e+02 
       3.199279992765e-01       6.645382091091e+02 
       3.227019115823e-01       6.536166189238e+02 
       3.254758243527e-01       6.430274122281e+02 
       3.282497375758e-01       6.326769521661e+02 
       3.310236512402e-01       6.224887263650e+02 
       3.337975653349e-01       6.124024342552e+02 
       3.365714798491e-01       6.023797964967e+02 
       3.393453947725e-01       5.924050921782e+02 
       3.421193100953e-01       5.824819007344e+02 
       3.448932258075e-01       5.726261157755e+02 
       3.476671419000e-01       5.628689757867e+02 
       3.504410583636e-01       5.532457720776e+02 
       3.532149751896e-01       5.437941605222e+02 
       3.559888923695e-01       5.345486301398e+02 
       3.587628098950e-01       5.255399993951e+02 
       3.615367277581e-01       5.167925484959e+02 
       3.643106459511e-01       5.083190128939e+02 
       3.670845644665e-01       5.001267902585e+02 
       3.698584832971e-01       4.922114089615e+02 
       3.726324024356e-01       4.845607222021e+02 
       3.754063218754e-01       4.771570937101e+02 
       3.781802416097e-01       4.699794158658e+02 
       3.809541616320e-01       4.629986206262e+02 
       3.837280819362e-01       4.561885929292e+02 
       3.865020025162e-01       4.495226909117e+02 
       3.892759233659e-01       4.429765825949e+02 
       3.920498444797e-01       4.365296408729e+02 
       3.948237658519e-01       4.301702385611e+02 
       3.975976874772e-01       4.238851735002e+02 
       4.003716093503e-01       4.176761542133e+02 
       4.031455314660e-01       4.115400575063e+02 
       4.059194538194e-01       4.054858182310e+02 
       4.086933764055e-01       3.995230098093e+02 
       4.114672992198e-01       3.936625955264e+02 
       4.142412222575e-01       3.879144326069e+02 
       4.170151455141e-01       3.822920572884e+02 
       4.197890689855e-01       3.767997801009e+02 
       4.225629926672e-01       3.714459901387e+02 
       4.253369165552e-01       3.662283203843e+02 
       4.281108406454e-01       3.611445566044e+02 
       4.308847649340e-01       3.561903104185e+02 
       4.336586894171e-01       3.513566278662e+02 
       4.364326140910e-01       3.466329931574e+02 
       4.392065389520e-01       3.420082005152e+02 
       4.419804639967e-01       3.374729535022e+02 
       4.447543892215e-01       3.330193636240e+02 
       4.475283146232e-01       3.286383121078e+02 
       4.503022401984e-01       3.243226935895e+02 
       4.530761659440e-01       3.200709148597e+02 
       4.558500918568e-01       3.158807482834e+02 
       4.586240179337e-01       3.117502329393e+02 
       4.613979441719e-01       3.076851925334e+02 
       4.641718705684e-01       3.036823034717e+02 
       4.669457971204e-01       2.997467704290e+02 
       4.697197238251e-01       2.958800147381e+02 
       4.724936506798e-01       2.920829653851e+02 
       4.752675776820e-01       2.883563590053e+02 
       4.780415048289e-01       2.847018535742e+02 
       4.808154321181e-01       2.811186777468e+02 
       4.835893595472e-01       2.776055878302e+02 
       4.863632871138e-01       2.741609206009e+02 
       4.891372148154e-01       2.707821359575e+02 
       4.919111426499e-01       2.674679406790e+02 
       4.946850706149e-01       2.642156792349e+02 
       4.974589987083e-01       2.610200977027e+02 
       5.002329269279e-01       2.578805578721e+02 
       5.030068552717e-01       2.547920365663e+02 
       5.057807837376e-01       2.517551841264e+02 
       5.085547123236e-01       2.487643703102e+02 
       5.113286410277e-01       2.458199325672e+02 
       5.141025698480e-01       2.429191526200e+02 
       5.168764987827e-01       2.400619562306e+02 
       5.196504278298e-01       2.372470783205e+02 
       5.224243569877e-01       2.344752992870e+02 
       5.251982862545e-01       2.317464232211e+02 
       5.279722156286e-01       2.290612955088e+02 
       5.307461451082e-01       2.264194462936e+02 
       5.335200746916e-01       2.238203255336e+02 
       5.362940043774e-01       2.212638730160e+02 
       5.390679341638e-01       2.187512263360e+02 
       5.418418640494e-01       2.162803108911e+02 
       5.446157940326e-01       2.138506117639e+02 
       5.473897241120e-01       2.114606015028e+02 
       5.501636542860e-01       2.091101615669e+02 
       5.529375845532e-01       2.067961541311e+02 
       5.557115149123e-01       2.045199277162e+02 
       5.584854453619e-01       2.022783103412e+02 
       5.612593759007e-01       2.000710794636e+02 
       5.640333065272e-01       1.978958831948e+02 
       5.668072372402e-01       1.957533550358e+02 
       5.695811680385e-01       1.936419833534e+02 
       5.723550989209e-01       1.915607694578e+02 
       5.751290298860e-01       1.895101010134e+02 
       5.779029609327e-01       1.874888903277e+02 
       5.806768920598e-01       1.854971383338e+02 
       5.834508232662e-01       1.835337642729e+02 
       5.862247545508e-01       1.815998999420e+02 
       5.889986859124e-01       1.796941453934e+02 
       5.917726173499e-01       1.778147249142e+02 
       5.945465488624e-01       1.759660575681e+02 
       5.973204804486e-01       1.741431026051e+02 
       6.000944121077e-01       1.723467051129e+02 
       6.028683438387e-01       1.705769234011e+02 
       6.056422756404e-01       1.688338599212e+02 
       6.084162075120e-01       1.671152069013e+02 
       6.111901394524e-01       1.654215896647e+02 
       6.139640714609e-01       1.637524819258e+02 
       6.167380035363e-01       1.621056176639e+02 
       6.195119356780e-01       1.604832014038e+02 
       6.222858678848e-01       1.588821064721e+02 
       6.250598001561e-01       1.573031875789e+02 
       6.278337324909e-01       1.557460192757e+02 
       6.306076648883e-01       1.542103647047e+02 
       6.333815973476e-01       1.526953821241e+02 
       6.361555298680e-01       1.512011767829e+02 
       6.389294624487e-01       1.497266188773e+02 
       6.417033950887e-01       1.482724151325e+02 
       6.444773277875e-01       1.468372725328e+02 
       6.472512605443e-01       1.454220664913e+02 
       6.500251933582e-01       1.440250285301e+02 
       6.527991262286e-01       1.426472103063e+02 
       6.555730591548e-01       1.412885782835e+02 
       6.583469921360e-01       1.399470300141e+02 
       6.611209251716e-01       1.386240749343e+02 
       6.638948582608e-01       1.373183903693e+02 
       6.666687914030e-01       1.360299084266e+02 
       6.694427245976e-01       1.347581586691e+02 
       6.722166578439e-01       1.335031042551e+02 
       6.749905911412e-01       1.322642171509e+02 
       6.777645244889e-01       1.310417118904e+02 
       6.805384578864e-01       1.298346524878e+02 
       6.833123913331e-01       1.286429506487e+02 
       6.860863248284e-01       1.274665326605e+02 
       6.888602583718e-01       1.263045087832e+02 
       6.916341919625e-01       1.251578359513e+02 
       6.944081256001e-01       1.240243460960e+02 
       6.971820592841e-01       1.229067047448e+02 
       6.999559930137e-01       1.218015956708e+02 
       7.027299267886e-01       1.207113653480e+02 
       7.055038606082e-01       1.196344612406e+02 
       7.082777944719e-01       1.185702767653e+02 
       7.110517283792e-01       1.175198953336e+02 
       7.138256623296e-01       1.164822016180e+02 
       7.165995963227e-01       1.154573183532e+02 
       7.193735303578e-01       1.144446599730e+02 
       7.221474644347e-01       1.134449415001e+02 
       7.249213985526e-01       1.124574896153e+02 
       7.276953327113e-01       1.114813876067e+02 
       7.304692669102e-01       1.105176256743e+02 
       7.332432011488e-01       1.095654037098e+02 
       7.360171354268e-01       1.086243056134e+02 
       7.387910697436e-01       1.076945010308e+02 
       7.415650040989e-01       1.067760013079e+02 
       7.443389384922e-01       1.058677276739e+02 
       7.471128729230e-01       1.049712670894e+02 
       7.498868073910e-01       1.040842587899e+02 
       7.526607418958e-01       1.032085226885e+02 
       7.554346764369e-01       1.023419779534e+02 
       7.582086110139e-01       1.014856050629e+02 
       7.609825456265e-01       1.006395827401e+02 
       7.637564802743e-01       9.980396136898e+01 
       7.665304149568e-01       9.897742887387e+01 
       7.693043496738e-01       9.816005364975e+01 
       7.720782844247e-01       9.735251717937e+01 
       7.748522192094e-01       9.655454146510e+01 
       7.776261540273e-01       9.576521671773e+01 
       7.804000888782e-01       9.498512284615e+01 
       7.831740237617e-01       9.421329901716e+01 
       7.859479586774e-01       9.345078494519e+01 
       7.887218936251e-01       9.269667726120e+01 
       7.914958286043e-01       9.195073407310e+01 
       7.942697636148e-01       9.121395471709e+01 
       7.970436986562e-01       9.048447914208e+01 
       7.998176337282e-01       8.976303005455e+01 
       8.025915688304e-01       8.905019254387e+01 
       8.053655039626e-01       8.834576466066e+01 
       8.081394391245e-01       8.764809321539e+01 
       8.109133743158e-01       8.695859502851e+01 
       8.136873095360e-01       8.627652733942e+01 
       8.164612447851e-01       8.560143594347e+01 
       8.192351800626e-01       8.493439650596e+01 
       8.220091153682e-01       8.427403823977e+01 
       8.247830507018e-01       8.362093061267e+01 
       8.275569860629e-01       8.297476712389e+01 
       8.303309214514e-01       8.233552899271e+01 
       8.331048568669e-01       8.170361780196e+01 
       8.358787923093e-01       8.107804151128e+01 
       8.386527277781e-01       8.045925180773e+01 
       8.414266632732e-01       7.984690466494e+01 
       8.442005987943e-01       7.924154943002e+01 
       8.469745343411e-01       7.864216038100e+01 
       8.497484699135e-01       7.804926246550e+01 
       8.525224055110e-01       7.746191888693e+01 
       8.552963411336e-01       7.688142004754e+01 
       8.580702767809e-01       7.630664688354e+01 
       8.608442124527e-01       7.573771343344e+01 
       8.636181481488e-01       7.517494955464e+01 
       8.663920838690e-01       7.461776117346e+01 
       8.691660196129e-01       7.406646737540e+01 
       8.719399553804e-01       7.352120056111e+01 
       8.747138911713e-01       7.298125186216e+01 
       8.774878269854e-01       7.244616673155e+01 
       8.802617628223e-01       7.191678297277e+01 
       8.830356986819e-01       7.139312827925e+01 
       8.858096345641e-01       7.087486815220e+01 
       8.885835704685e-01       7.036190029725e+01 
       8.913575063950e-01       6.985370395238e+01 
       8.941314423433e-01       6.935077143394e+01 
       8.969053783133e-01       6.885264985113e+01 
       8.996793143047e-01       6.835969309721e+01 
       9.024532503175e-01       6.787187226249e+01 
       9.052271863512e-01       6.738824475486e+01 
       9.080011224059e-01       6.690982721029e+01 
       9.107750584812e-01       6.643583285295e+01 
       9.135489945771e-01       6.596689038272e+01 
       9.163229306932e-01       6.550278178402e+01 
       9.190968668294e-01       6.504269233243e+01 
       9.218708029856e-01       6.458706335502e+01 
       9.246447391616e-01       6.413606716824e+01 
       9.274186753571e-01       6.368901072897e+01 
       9.301926115720e-01       6.324668156368e+01 
       9.329665478062e-01       6.280820725081e+01 
       9.357404840594e-01       6.237454765512e+01 
       9.385144203316e-01       6.194516084820e+01 
       9.412883566224e-01       6.151942392120e+01 
       9.440622929318e-01       6.109738429778e+01 
       9.468362292596e-01       6.067996813289e+01 
       9.496101656057e-01       6.026597024569e+01 
       9.523841019698e-01       5.985646933687e+01 
       9.551580383518e-01       5.945066505685e+01 
       9.579319747516e-01       5.904850359908e+01 
       9.607059111691e-01       5.865055172272e+01 
       9.634798476039e-01       5.825550647842e+01 
       9.662537840561e-01       5.786436812649e+01 
       9.690277205254e-01       5.747727634390e+01 
       9.718016570117e-01       5.709334205315e+01 
       9.745755935149e-01       5.671399190853e+01 
       9.773495300349e-01       5.633691311658e+01 
       9.801234665713e-01       5.596391814976e+01 
       9.828974031243e-01       5.559467392935e+01 
       9.856713396935e-01       5.522806196688e+01 
       9.884452762789e-01       5.486504403950e+01 
       9.912192128803e-01       5.450552845309e+01 
       9.939931494976e-01       5.414942544514e+01 
       9.967670861307e-01       5.379646108908e+01 
       9.995410227794e-01       5.344620655059e+01 
       1.002314959444e+00       5.309937104897e+01 
       1.005088896123e+00       5.275536924447e+01 
       1.007862832818e+00       5.241503847959e+01 
       1.010636769528e+00       5.207767729854e+01 
       1.013410706253e+00       5.174295550444e+01 
       1.016184642992e+00       5.141201360914e+01 
       1.018958579747e+00       5.108329261285e+01 
       1.021732516516e+00       5.075723684053e+01 
       1.024506453300e+00       5.043493629286e+01 
       1.027280390098e+00       5.011476305674e+01 
       1.030054326910e+00       4.979749248360e+01 
       1.032828263737e+00       4.948328725962e+01 
       1.035602200577e+00       4.917177175389e+01 
       1.038376137432e+00       4.886305886258e+01 
       1.041150074300e+00       4.855697186981e+01 
       1.043924011182e+00       4.825319237462e+01 
       1.046697948077e+00       4.795251036469e+01 
       1.049471884986e+00       4.765461260449e+01 
       1.052245821909e+00       4.735868974054e+01 
       1.055019758845e+00       4.706561872004e+01 
       1.057793695794e+00       4.677477621743e+01 
       1.060567632756e+00       4.648703552997e+01 
       1.063341569730e+00       4.620109071825e+01 
       1.066115506718e+00       4.591790386228e+01 
       1.068889443719e+00       4.563756146110e+01 
       1.071663380732e+00       4.535895673172e+01 
       1.074437317758e+00       4.508276152880e+01 
       1.077211254796e+00       4.480904008313e+01 
       1.079985191847e+00       4.453749137883e+01 
       1.082759128910e+00       4.426803828960e+01 
       1.085533065985e+00       4.400138259491e+01 
       1.088307003072e+00       4.373671599154e+01 
       1.091080940172e+00       4.347412960587e+01 
       1.093854877283e+00       4.321373197171e+01 
       1.096628814406e+00       4.295570506193e+01 
       1.099402751540e+00       4.270024206285e+01 
       1.102176688687e+00       4.244556967588e+01 
       1.104950625845e+00       4.219406531982e+01 
       1.107724563014e+00       4.194443840136e+01 
       1.110498500195e+00       4.169645187968e+01 
       1.113272437387e+00       4.145104737836e+01 
       1.116046374590e+00       4.120743034089e+01 
       1.118820311804e+00       4.096575625850e+01 
       1.121594249030e+00       4.072614474531e+01 
       1.124368186266e+00       4.048837338788e+01 
       1.127142123513e+00       4.025247803254e+01 
       1.129916060771e+00       4.001849898048e+01 
       1.132689998040e+00       3.978631422911e+01 
       1.135463935320e+00       3.955612556668e+01 
       1.138237872610e+00       3.932768448147e+01 
       1.141011809910e+00       3.910123644991e+01 
       1.143785747221e+00       3.887675908367e+01 
       1.146559684542e+00       3.865378796734e+01 
       1.149333621874e+00       3.843269333944e+01 
       1.152107559215e+00       3.821320056164e+01 
       1.154881496567e+00       3.799559302070e+01 
       1.157655433929e+00       3.777953732553e+01 
       1.160429371301e+00       3.756522795737e+01 
       1.163203308683e+00       3.735286518646e+01 
       1.165977246074e+00       3.714170703421e+01 
       1.168751183475e+00       3.693274485400e+01 
       1.171525120886e+00       3.672500208253e+01 
       1.174299058307e+00       3.651898624215e+01 
       1.177072995737e+00       3.631458209199e+01 
       1.179846933177e+00       3.611184909565e+01 
       1.182620870626e+00       3.591053631981e+01 
       1.185394808084e+00       3.571096093966e+01 
       1.188168745552e+00       3.551272326553e+01 
       1.190942683029e+00       3.531624632694e+01 
       1.193716620515e+00       3.512109510863e+01 
       1.196490558010e+00       3.492759898367e+01 
       1.199264495514e+00       3.473535763629e+01 
       1.202038433027e+00       3.454453390021e+01 
       1.204812370549e+00       3.435546644573e+01 
       1.207586308080e+00       3.416745936843e+01 
       1.210360245620e+00       3.398133016796e+01 
       1.213134183168e+00       3.379630296328e+01 
       1.215908120725e+00       3.361256488165e+01 
       1.218682058291e+00       3.343040847767e+01 
       1.221455995865e+00       3.325001894125e+01 
       1.224229933448e+00       3.307038829322e+01 
       1.227003871039e+00       3.289234442339e+01 
       1.229777808638e+00       3.271527526788e+01 
       1.232551746246e+00       3.253992319776e+01 
       1.235325683862e+00       3.236587654664e+01 
       1.237686565779e+00       3.221863750422e+01 
       1.238099621486e+00       3.219297641126e+01 
       1.240873559119e+00       3.202134315294e+01 
       1.243647496759e+00       3.185088925289e+01 
       1.246421434408e+00       3.168200549816e+01 
       1.249195372064e+00       3.151419571649e+01 
       1.251969309729e+00       3.134780177849e+01 
       1.254743247401e+00       3.118227565326e+01 
       1.257517185081e+00       3.101831858576e+01 
       1.260291122769e+00       3.085522895044e+01 
       1.263065060465e+00       3.069343226345e+01 
       1.265838998168e+00       3.053276297118e+01 
       1.268612935879e+00       3.037317911054e+01 
       1.271386873598e+00       3.021489053166e+01 
       1.274160811324e+00       3.005770255946e+01 
       1.276934749057e+00       2.990180662327e+01 
       1.279708686798e+00       2.974694324589e+01 
       1.282482624546e+00       2.959311976800e+01 
       1.285256562302e+00       2.944061666597e+01 
       1.288030500065e+00       2.928895923213e+01 
       1.290804437835e+00       2.913861266473e+01 
       1.293578375613e+00       2.898923374641e+01 
       1.296352313397e+00       2.884045116777e+01 
       1.299126251189e+00       2.869347543320e+01 
       1.635213388522e+00       1.646045086965e+01 
       2.058609476712e+00       9.361583085224e+00 
       2.591635780417e+00       5.284697349313e+00 
       3.262676142081e+00       2.963206506522e+00 
       4.107465905721e+00       1.651312487908e+00 
       5.170993206790e+00       9.149911514009e-01 
       6.509894752243e+00       5.044478891150e-01 
       8.195471931704e+00       2.767508038277e-01 
       1.031748787647e+01       1.511927904752e-01 
       1.298894767356e+01       8.224580906886e-02 
       1.635211629871e+01       4.457035336966e-02 
       2.058609474507e+01       2.406549244253e-02 
