# Matter power spectrum P(k) at redshift z=0
# for k=1.03775e-05 to 8.40488 h/Mpc,
# number of wavenumbers equal to 612
#    1:k (h/Mpc)              2:P (Mpc/h)^3        
       1.037753586731e-05       4.882273039104e+01 
       2.317084389199e-05       1.062681994158e+02 
       3.600852977297e-05       1.628499641775e+02 
       4.892466487517e-05       2.191176481156e+02 
       6.195387649860e-05       2.753920013469e+02 
       7.513165246877e-05       3.319181904549e+02 
       8.849465533977e-05       3.889089508641e+02 
       1.020810503369e-04       4.465623642368e+02 
       1.159308511973e-04       5.050710469475e+02 
       1.300862881004e-04       5.646277761423e+02 
       1.445922018884e-04       6.254294648217e+02 
       1.594964687252e-04       6.876054353201e+02 
       1.748504591816e-04       7.515047548748e+02 
       1.907095353996e-04       8.172921778838e+02 
       2.071335893865e-04       8.852090815664e+02 
       2.241876245035e-04       9.555141521268e+02 
       2.419423806885e-04       1.028485815672e+03 
       2.604750016839e-04       1.104424706630e+03 
       2.798697392814e-04       1.183656149447e+03 
       3.002186850388e-04       1.266532614009e+03 
       3.216225137223e-04       1.353436089346e+03 
       3.441912144981e-04       1.444780227168e+03 
       3.680447752850e-04       1.541012140199e+03 
       3.933137724189e-04       1.642613637223e+03 
       4.201398018510e-04       1.750101605230e+03 
       4.486756699230e-04       1.864027229092e+03 
       4.790852424646e-04       1.984973640005e+03 
       5.115428327527e-04       2.113551492870e+03 
       5.462319953644e-04       2.250392062126e+03 
       5.833435893700e-04       2.396137290765e+03 
       6.230729874019e-04       2.551426471949e+03 
       6.656163443373e-04       2.716879338723e+03 
       7.111659071666e-04       2.893075684063e+03 
       7.599044488025e-04       3.080532033241e+03 
       8.119990386827e-04       3.279676517586e+03 
       8.675945072541e-04       3.490823441367e+03 
       9.268070938714e-04       3.714149792669e+03 
       9.897188545055e-04       3.949675960311e+03 
       1.056373413717e-03       4.197253020119e+03 
       1.126773553971e-03       4.456558378110e+03 
       1.200880947458e-03       4.727100830264e+03 
       1.278618081858e-03       5.008234617713e+03 
       1.359872163689e-03       5.299181692140e+03 
       1.444500558420e-03       5.599059312100e+03 
       1.532337189112e-03       5.906910803131e+03 
       1.623199283010e-03       6.221736148003e+03 
       1.716893917763e-03       6.542520789609e+03 
       1.813223945475e-03       6.868260557853e+03 
       1.911993026160e-03       7.197982116713e+03 
       2.013009649711e-03       7.530758677194e+03 
       2.116090145617e-03       7.865721371296e+03 
       2.221060763528e-03       8.202065869218e+03 
       2.327758955800e-03       8.539056614618e+03 
       2.436034012077e-03       8.876026010166e+03 
       2.545747194051e-03       9.212374167733e+03 
       2.656771504097e-03       9.547566630507e+03 
       2.768991200935e-03       9.881126724208e+03 
       2.882301153343e-03       1.021263668785e+04 
       2.996606102145e-03       1.054172781865e+04 
       3.111819882448e-03       1.086807957560e+04 
       3.227864643160e-03       1.119141122214e+04 
       3.344670088914e-03       1.151148254559e+04 
       3.462172760496e-03       1.182808268832e+04 
       3.580315363164e-03       1.214103392939e+04 
       3.699046147441e-03       1.245018257056e+04 
       3.818318343619e-03       1.275539968690e+04 
       3.938089648986e-03       1.305657602265e+04 
       4.058321765366e-03       1.335362167569e+04 
       4.178979983719e-03       1.364646089362e+04 
       4.300032812148e-03       1.393503558307e+04 
       4.421451643496e-03       1.421929755089e+04 
       4.543210458773e-03       1.449921166401e+04 
       4.665285562809e-03       1.477475317588e+04 
       4.787655348759e-03       1.504587070513e+04 
       4.910300088357e-03       1.531261801492e+04 
       5.033201745074e-03       1.557498254885e+04 
       5.156343807636e-03       1.583288941151e+04 
       5.279711141591e-03       1.608645105072e+04 
       5.403289856894e-03       1.633560145040e+04 
       5.527067189672e-03       1.658040960806e+04 
       5.651031396558e-03       1.682090164584e+04 
       5.775171660174e-03       1.705706475746e+04 
       5.899478004477e-03       1.728892156664e+04 
       6.023941218876e-03       1.751648616874e+04 
       6.148552790116e-03       1.773980663247e+04 
       6.273304841075e-03       1.795893821591e+04 
       6.398190075697e-03       1.817388970831e+04 
       6.523201729393e-03       1.838470039124e+04 
       6.648333524304e-03       1.859139875391e+04 
       6.773579628916e-03       1.879405080048e+04 
       6.898934621535e-03       1.899266515256e+04 
       7.024393457243e-03       1.918727467475e+04 
       7.149951437938e-03       1.937793297680e+04 
       7.275604185160e-03       1.956466497227e+04 
       7.401347615404e-03       1.974755441220e+04 
       7.527177917669e-03       1.992658457097e+04 
       7.653091533021e-03       2.010182605953e+04 
       7.779085135954e-03       2.027331960807e+04 
       7.905155617401e-03       2.044108920236e+04 
       8.031300069197e-03       2.060519322227e+04 
       8.157515769880e-03       2.076565194088e+04 
       8.283800171699e-03       2.092252382243e+04 
       8.410150888697e-03       2.107584854115e+04 
       8.536565685789e-03       2.122565390394e+04 
       8.663042468739e-03       2.137197130746e+04 
       8.789579274937e-03       2.151485069272e+04 
       8.916174264926e-03       2.165436142202e+04 
       9.042825714603e-03       2.179051870766e+04 
       9.169532008023e-03       2.192335360782e+04 
       9.296291630779e-03       2.205291361948e+04 
       9.423103163876e-03       2.217923582258e+04 
       9.549965278086e-03       2.230236046553e+04 
       9.676876728728e-03       2.242231079335e+04 
       9.803836350835e-03       2.253913665431e+04 
       9.930843054686e-03       2.265286643355e+04 
       1.005789582167e-02       2.276354616781e+04 
       1.018499370044e-02       2.287120329977e+04 
       1.031213580338e-02       2.297586502830e+04 
       1.043932130328e-02       2.307759035923e+04 
       1.056654943028e-02       2.317639189399e+04 
       1.069381946905e-02       2.327231294612e+04 
       1.082113075611e-02       2.336538367015e+04 
       1.094848267742e-02       2.345564310710e+04 
       1.107587466605e-02       2.354311683567e+04 
       1.120330620011e-02       2.362785788380e+04 
       1.133077680074e-02       2.370987481801e+04 
       1.145828603027e-02       2.378921194456e+04 
       1.158583349056e-02       2.386590456348e+04 
       1.171341882136e-02       2.393998183183e+04 
       1.184104169885e-02       2.401147338627e+04 
       1.196870183429e-02       2.408041051067e+04 
       1.209639897269e-02       2.414682568976e+04 
       1.222413289166e-02       2.421074669790e+04 
       1.235190340032e-02       2.427221030958e+04 
       1.247971033822e-02       2.433124023565e+04 
       1.260755357441e-02       2.438787434800e+04 
       1.273543300660e-02       2.444212643253e+04 
       1.286334856026e-02       2.449404020508e+04 
       1.299130018793e-02       2.454363946319e+04 
       1.311928786847e-02       2.459095559641e+04 
       1.324731160645e-02       2.463601599956e+04 
       1.337537143153e-02       2.467884882212e+04 
       1.350346739789e-02       2.471948865150e+04 
       1.363159958379e-02       2.475796081316e+04 
       1.375976809101e-02       2.479429151448e+04 
       1.388797304454e-02       2.482850420610e+04 
       1.401621459210e-02       2.486061323490e+04 
       1.414449290385e-02       2.489067395481e+04 
       1.427280817204e-02       2.491869173943e+04 
       1.440116061077e-02       2.494469846561e+04 
       1.452955045569e-02       2.496872458145e+04 
       1.465797796384e-02       2.499079642056e+04 
       1.478644341340e-02       2.501092778880e+04 
       1.491494710358e-02       2.502914491423e+04 
       1.504348935445e-02       2.504549590210e+04 
       1.517207050682e-02       2.505997171110e+04 
       1.530069092219e-02       2.507262145410e+04 
       1.542935098266e-02       2.508346867417e+04 
       1.555805109091e-02       2.509252856892e+04 
       1.568679167014e-02       2.509982618245e+04 
       1.581557316411e-02       2.510539259190e+04 
       1.594439603715e-02       2.510924291530e+04 
       1.607326077421e-02       2.511140944797e+04 
       1.620216788092e-02       2.511190832410e+04 
       1.633111788364e-02       2.511076626488e+04 
       1.646011132963e-02       2.510800775186e+04 
       1.658914878708e-02       2.510365542293e+04 
       1.671823084532e-02       2.509772309444e+04 
       1.684735811496e-02       2.509025294380e+04 
       1.697653122801e-02       2.508124282588e+04 
       1.710575083814e-02       2.507073084943e+04 
       1.723501762082e-02       2.505873590003e+04 
       1.736433227362e-02       2.504526912137e+04 
       1.749369551637e-02       2.503037107245e+04 
       1.762310809145e-02       2.501405745716e+04 
       1.775257076409e-02       2.499631398951e+04 
       1.788208432261e-02       2.497724964912e+04 
       1.801164957875e-02       2.495680170735e+04 
       1.814126736801e-02       2.493501325239e+04 
       1.827093854994e-02       2.491192309274e+04 
       1.840066400855e-02       2.488752175324e+04 
       1.853044465265e-02       2.486186376573e+04 
       1.866028141625e-02       2.483493415063e+04 
       1.879017525896e-02       2.480678219780e+04 
       1.892012716642e-02       2.477742518667e+04 
       1.905013815075e-02       2.474684841891e+04 
       1.918020925098e-02       2.471510877893e+04 
       1.931034153355e-02       2.468221500594e+04 
       1.944053609281e-02       2.464818636484e+04 
       1.957079405152e-02       2.461304830778e+04 
       1.970111656137e-02       2.457680647745e+04 
       1.983150480357e-02       2.453947906440e+04 
       1.996195998938e-02       2.450112382157e+04 
       2.009248336072e-02       2.446169894559e+04 
       2.022307619079e-02       2.442123635287e+04 
       2.035373978468e-02       2.437979532385e+04 
       2.048447548003e-02       2.433735284127e+04 
       2.061528464772e-02       2.429395250799e+04 
       2.074616869253e-02       2.424958760168e+04 
       2.087712905390e-02       2.420429218257e+04 
       2.100816720665e-02       2.415808593393e+04 
       2.113928466175e-02       2.411099034434e+04 
       2.127048296710e-02       2.406302302181e+04 
       2.140176370838e-02       2.401414875491e+04 
       2.153312850985e-02       2.396444319086e+04 
       2.166457903523e-02       2.391392165027e+04 
       2.179611698861e-02       2.386256447727e+04 
       2.192774411538e-02       2.381041130683e+04 
       2.205946220314e-02       2.375745020513e+04 
       2.219127308273e-02       2.370380255335e+04 
       2.232317862922e-02       2.364933110398e+04 
       2.245518076294e-02       2.359415007677e+04 
       2.258728145060e-02       2.353824878444e+04 
       2.271948270637e-02       2.348163266098e+04 
       2.285178659302e-02       2.342434676596e+04 
       2.298419522313e-02       2.336640098607e+04 
       2.311671076028e-02       2.330775402928e+04 
       2.324933542034e-02       2.324848126191e+04 
       2.338207147273e-02       2.318854635509e+04 
       2.351492124179e-02       2.312803199134e+04 
       2.364788710815e-02       2.306695256739e+04 
       2.378097151015e-02       2.300518184452e+04 
       2.391417694530e-02       2.294297097220e+04 
       2.404750597184e-02       2.288015877884e+04 
       2.418096121025e-02       2.281678574042e+04 
       2.431454534491e-02       2.275291551454e+04 
       2.444826112575e-02       2.268846359762e+04 
       2.458211136999e-02       2.262352697824e+04 
       2.471609896389e-02       2.255816212700e+04 
       2.485022686461e-02       2.249226414074e+04 
       2.498449810213e-02       2.242592243325e+04 
       2.511891578116e-02       2.235911826404e+04 
       2.525348308322e-02       2.229184174290e+04 
       2.538820326870e-02       2.222419866462e+04 
       2.552307967905e-02       2.215615482975e+04 
       2.565811573900e-02       2.208764890014e+04 
       2.579331495892e-02       2.201880599551e+04 
       2.592868093716e-02       2.194952471599e+04 
       2.606421736255e-02       2.187994460659e+04 
       2.619992801699e-02       2.180991308291e+04 
       2.633581677808e-02       2.173964290220e+04 
       2.647188762187e-02       2.166900211184e+04 
       2.660814462573e-02       2.159804512807e+04 
       2.674459197124e-02       2.152676205739e+04 
       2.688123394733e-02       2.145514052668e+04 
       2.701807495336e-02       2.138329020414e+04 
       2.715511950246e-02       2.131116301532e+04 
       2.729237222486e-02       2.123870182333e+04 
       2.742983787152e-02       2.116605885806e+04 
       2.756752131765e-02       2.109309542990e+04 
       2.770542756664e-02       2.101997731579e+04 
       2.784356175388e-02       2.094656482357e+04 
       2.798192915090e-02       2.087292416173e+04 
       2.812053516960e-02       2.079912721257e+04 
       2.825938536667e-02       2.072506361330e+04 
       2.839848544813e-02       2.065090165146e+04 
       2.853784127408e-02       2.057642971481e+04 
       2.867745886370e-02       2.050188075993e+04 
       2.881734440030e-02       2.042713518091e+04 
       2.895750423673e-02       2.035224176084e+04 
       2.909794490090e-02       2.027716345136e+04 
       2.923867310159e-02       2.020197307551e+04 
       2.937969573444e-02       2.012664629498e+04 
       2.952101988823e-02       2.005113214354e+04 
       2.966265285143e-02       1.997557611758e+04 
       2.980460211896e-02       1.989987616816e+04 
       2.994687539935e-02       1.982408571563e+04 
       3.008948062206e-02       1.974818923357e+04 
       3.023242594525e-02       1.967220697426e+04 
       3.037571976380e-02       1.959616861124e+04 
       3.051937071775e-02       1.951997774936e+04 
       3.066338770103e-02       1.944376689679e+04 
       3.080777987064e-02       1.936748067194e+04 
       3.095255665627e-02       1.929114647365e+04 
       3.109772777027e-02       1.921477550889e+04 
       3.124330321812e-02       1.913832924221e+04 
       3.138929330946e-02       1.906186039966e+04 
       3.153570866946e-02       1.898534240984e+04 
       3.168256025093e-02       1.890877852627e+04 
       3.182985934684e-02       1.883220008073e+04 
       3.197761760356e-02       1.875564189332e+04 
       3.212584703463e-02       1.867902645336e+04 
       3.227456003534e-02       1.860246368374e+04 
       3.242376939791e-02       1.852580153512e+04 
       3.257348832749e-02       1.844923044075e+04 
       3.272373045899e-02       1.837259925430e+04 
       3.287450987465e-02       1.829598211218e+04 
       3.302584112270e-02       1.821939601357e+04 
       3.317773923683e-02       1.814286278050e+04 
       3.333021975676e-02       1.806630463300e+04 
       3.348329874987e-02       1.798972470427e+04 
       3.363699283405e-02       1.791323229322e+04 
       3.379131920172e-02       1.783680739131e+04 
       3.394629564520e-02       1.776040442388e+04 
       3.410194058352e-02       1.768395673677e+04 
       3.425827309062e-02       1.760762886489e+04 
       3.441531292533e-02       1.753129093928e+04 
       3.457308056288e-02       1.745502351621e+04 
       3.473159722837e-02       1.737883611363e+04 
       3.489088493217e-02       1.730263778557e+04 
       3.505096650737e-02       1.722648740646e+04 
       3.521186564953e-02       1.715044888741e+04 
       3.537360695885e-02       1.707446789113e+04 
       3.553621598491e-02       1.699846020784e+04 
       3.569971927417e-02       1.692261213359e+04 
       3.586414442053e-02       1.684675045863e+04 
       3.602952011906e-02       1.677096303863e+04 
       3.619587622319e-02       1.669526148139e+04 
       3.636324380571e-02       1.661961226559e+04 
       3.653165522373e-02       1.654396645454e+04 
       3.670114418802e-02       1.646847044745e+04 
       3.687174583710e-02       1.639297428286e+04 
       3.704349681641e-02       1.631759193459e+04 
       3.721643536296e-02       1.624226015976e+04 
       3.739060139604e-02       1.616697466873e+04 
       3.756603661440e-02       1.609171626574e+04 
       3.774278460051e-02       1.601656147188e+04 
       3.792089093245e-02       1.594142952777e+04 
       3.810040330429e-02       1.586633271455e+04 
       3.828137165548e-02       1.579135157182e+04 
       3.846384831029e-02       1.571636257389e+04 
       3.864788812809e-02       1.564144770852e+04 
       3.883354866560e-02       1.556657171362e+04 
       3.902089035218e-02       1.549171046502e+04 
       3.920997667948e-02       1.541697011331e+04 
       3.940087440681e-02       1.534220775630e+04 
       3.959365378390e-02       1.526745264759e+04 
       3.978838879273e-02       1.519277097715e+04 
       3.998515741050e-02       1.511807743752e+04 
       4.018404189582e-02       1.504339110471e+04 
       4.038512910084e-02       1.496875692875e+04 
       4.058851081189e-02       1.489409580993e+04 
       4.079428412199e-02       1.481942441124e+04 
       4.100255183872e-02       1.474475513323e+04 
       4.121342293152e-02       1.467006109809e+04 
       4.142701302308e-02       1.459539168693e+04 
       4.164344493002e-02       1.452066240279e+04 
       4.186284925880e-02       1.444583741480e+04 
       4.208536506383e-02       1.437102885666e+04 
       4.231114057541e-02       1.429611789054e+04 
       4.254033400664e-02       1.422113235809e+04 
       4.277311444947e-02       1.414608730383e+04 
       4.300966287206e-02       1.407097680283e+04 
       4.325017323089e-02       1.399568335645e+04 
       4.349485371395e-02       1.392027255373e+04 
       4.374392813341e-02       1.384473958194e+04 
       4.399763748962e-02       1.376904185082e+04 
       4.425624173174e-02       1.369322617029e+04 
       4.452002174492e-02       1.361716695826e+04 
       4.478928159928e-02       1.354087877257e+04 
       4.506435110203e-02       1.346434908386e+04 
       4.534558870225e-02       1.338758495339e+04 
       4.563338480690e-02       1.331051436932e+04 
       4.592816557817e-02       1.323316418426e+04 
       4.623039729638e-02       1.315546300740e+04 
       4.654059138959e-02       1.307736235269e+04 
       4.685931025230e-02       1.299883668507e+04 
       4.718717400210e-02       1.291992203603e+04 
       4.752486835523e-02       1.284052201993e+04 
       4.787315384305e-02       1.276047668424e+04 
       4.823287664224e-02       1.267991799527e+04 
       4.860498135565e-02       1.259867095522e+04 
       4.899052616195e-02       1.251670459747e+04 
       4.939070085453e-02       1.243392599543e+04 
       4.980684842114e-02       1.235030482693e+04 
       5.024049098157e-02       1.226570364240e+04 
       5.069336111285e-02       1.218000920063e+04 
       5.116743986143e-02       1.209310612065e+04 
       5.166500308450e-02       1.200481637802e+04 
       5.218867819454e-02       1.191503011636e+04 
       5.274151391842e-02       1.182348264137e+04 
       5.332706633343e-02       1.172994818595e+04 
       5.394950519984e-02       1.163407811062e+04 
       5.461374541545e-02       1.153557874174e+04 
       5.532560911936e-02       1.143393970481e+04 
       5.609202420756e-02       1.132855351232e+04 
       5.692126402615e-02       1.121870853632e+04 
       5.782322923913e-02       1.110339938765e+04 
       5.880976339505e-02       1.098133648522e+04 
       5.989497330054e-02       1.085081403021e+04 
       6.109548546288e-02       1.070947744143e+04 
       6.243049930967e-02       1.055428854530e+04 
       6.392138877240e-02       1.038113139340e+04 
       6.559047336263e-02       1.018482435391e+04 
       6.745851893949e-02       9.958909365546e+03 
       6.954075788555e-02       9.696437724686e+03 
       7.184202224558e-02       9.391156757541e+03 
       7.435287385712e-02       9.039663556760e+03 
       7.704930980327e-02       8.643781936814e+03 
       7.989719965710e-02       8.211889618917e+03 
       8.285953673038e-02       7.758248611999e+03 
       8.590288805322e-02       7.300616718567e+03 
       8.900076101152e-02       6.857088191129e+03 
       9.213402023056e-02       6.443401931913e+03 
       9.528968971968e-02       6.071177151902e+03 
       9.845932794857e-02       5.747296413109e+03 
       1.016375871127e-01       5.473899316016e+03 
       1.048211351953e-01       5.249094629449e+03 
       1.080079173338e-01       5.067709083486e+03 
       1.111966741660e-01       4.922250980204e+03 
       1.143866367212e-01       4.803803066625e+03 
       1.175773364460e-01       4.702865808943e+03 
       1.207684881326e-01       4.610158276939e+03 
       1.239599182206e-01       4.517436346700e+03 
       1.271515210505e-01       4.418166540031e+03 
       1.303432322309e-01       4.308002121531e+03 
       1.335350124476e-01       4.185071086180e+03 
       1.367268376261e-01       4.049888550025e+03 
       1.399186929585e-01       3.905002262625e+03 
       1.431105692756e-01       3.754413106227e+03 
       1.463024608452e-01       3.602881289977e+03 
       1.494943640333e-01       3.455253499050e+03 
       1.526862764919e-01       3.315874623158e+03 
       1.558781966641e-01       3.188176897823e+03 
       1.590701234833e-01       3.074443066160e+03 
       1.622620561896e-01       2.975715744598e+03 
       1.654539942175e-01       2.891875139737e+03 
       1.686459371274e-01       2.821774686435e+03 
       1.718378845626e-01       2.763459605917e+03 
       1.750298362235e-01       2.714419727245e+03 
       1.782217918506e-01       2.671844101978e+03 
       1.814137512144e-01       2.632923557976e+03 
       1.846057141080e-01       2.595515555797e+03 
       1.877976803433e-01       2.556709660664e+03 
       1.909896497470e-01       2.514777668978e+03 
       1.941816221592e-01       2.468690715809e+03 
       1.973735974311e-01       2.418217045298e+03 
       2.005655754243e-01       2.363816346846e+03 
       2.037575560093e-01       2.306549225623e+03 
       2.069495390649e-01       2.247817345461e+03 
       2.101415244775e-01       2.189161241310e+03 
       2.133335121403e-01       2.132045076509e+03 
       2.165255019531e-01       2.077723131335e+03 
       2.197174938213e-01       2.027152741918e+03 
       2.229094876561e-01       1.980962787537e+03 
       2.261014833736e-01       1.939460007401e+03 
       2.292934808946e-01       1.902626579348e+03 
       2.324854801443e-01       1.870161759327e+03 
       2.356774810519e-01       1.841514137261e+03 
       2.388694835506e-01       1.815934413596e+03 
       2.420614875770e-01       1.792565975420e+03 
       2.452534930711e-01       1.770511165016e+03 
       2.484454999759e-01       1.748948258930e+03 
       2.516375082374e-01       1.727181104111e+03 
       2.548295178044e-01       1.704701212535e+03 
       2.580215286280e-01       1.681210886318e+03 
       2.612135406619e-01       1.656598752183e+03 
       2.644055538621e-01       1.630952918499e+03 
       2.675975681866e-01       1.604512096907e+03 
       2.707895835952e-01       1.577634472679e+03 
       2.739816000501e-01       1.550752529000e+03 
       2.771736175147e-01       1.524319817798e+03 
       2.803656359544e-01       1.498773745678e+03 
       2.835576553361e-01       1.474470604039e+03 
       2.867496756282e-01       1.451655296821e+03 
       2.899416968004e-01       1.430450658904e+03 
       2.931337188238e-01       1.410861211815e+03 
       2.963257416708e-01       1.392781147520e+03 
       2.995177653149e-01       1.376038028990e+03 
       3.027097897307e-01       1.360400863939e+03 
       3.059018148940e-01       1.345619601768e+03 
       3.090938407815e-01       1.331439723029e+03 
       3.122858673709e-01       1.317616058620e+03 
       3.154778946407e-01       1.303923822927e+03 
       3.186699225704e-01       1.290192624634e+03 
       3.218619511403e-01       1.276301310866e+03 
       3.250539803314e-01       1.262195389083e+03 
       3.282460101255e-01       1.247888209237e+03 
       3.314380405052e-01       1.233443927848e+03 
       3.346300714535e-01       1.218965398910e+03 
       3.378221029543e-01       1.204578084890e+03 
       3.410141349920e-01       1.190403344421e+03 
       3.442061675515e-01       1.176557065961e+03 
       3.473982006185e-01       1.163132794698e+03 
       3.505902341791e-01       1.150208903127e+03 
       3.537822682197e-01       1.137833216677e+03 
       3.569743027274e-01       1.126031309568e+03 
       3.601663376899e-01       1.114791455069e+03 
       3.633583730950e-01       1.104072192452e+03 
       3.665504089311e-01       1.093813584977e+03 
       3.697424451870e-01       1.083933083839e+03 
       3.729344818520e-01       1.074343326535e+03 
       3.761265189154e-01       1.064963433330e+03 
       3.793185563673e-01       1.055728640115e+03 
       3.825105941979e-01       1.046588715848e+03 
       3.857026323977e-01       1.037507570911e+03 
       3.888946709576e-01       1.028466590079e+03 
       3.920867098688e-01       1.019462272120e+03 
       3.952787491227e-01       1.010496430243e+03 
       3.984707887111e-01       1.001590632996e+03 
       4.016628286259e-01       9.927652998286e+02 
       4.048548688594e-01       9.840556256988e+02 
       4.080469094041e-01       9.754954551140e+02 
       4.112389502527e-01       9.671147259082e+02 
       4.144309913982e-01       9.589349066106e+02 
       4.176230328337e-01       9.509704241874e+02 
       4.208150745526e-01       9.432238207341e+02 
       4.240071165485e-01       9.356897432970e+02 
       4.271991588152e-01       9.283606588426e+02 
       4.303912013465e-01       9.212269427705e+02 
       4.335832441367e-01       9.142741307516e+02 
       4.367752871801e-01       9.074864913492e+02 
       4.399673304711e-01       9.008403589140e+02 
       4.431593740043e-01       8.943194670949e+02 
       4.463514177745e-01       8.878977589650e+02 
       4.495434617767e-01       8.815613460448e+02 
       4.527355060059e-01       8.752931408953e+02 
       4.559275504574e-01       8.690892509244e+02 
       4.591195951265e-01       8.629462317694e+02 
       4.623116400086e-01       8.568660210224e+02 
       4.655036850994e-01       8.508516810954e+02 
       4.686957303947e-01       8.449101787635e+02 
       4.718877758901e-01       8.390455112423e+02 
       4.750798215818e-01       8.332642363050e+02 
       4.782718674657e-01       8.275740802645e+02 
       4.814639135380e-01       8.219817481743e+02 
       4.846559597950e-01       8.164950547281e+02 
       4.878480062331e-01       8.111175125037e+02 
       4.910400528486e-01       8.058466524662e+02 
       4.942320996382e-01       8.006807462525e+02 
       4.974241465984e-01       7.956123945553e+02 
       5.006161937261e-01       7.906326861107e+02 
       5.038082410180e-01       7.857325571333e+02 
       5.070002884710e-01       7.809072325758e+02 
       5.101923360821e-01       7.761504648330e+02 
       5.133843838483e-01       7.714563698160e+02 
       5.165764317667e-01       7.668196937201e+02 
       5.197684798346e-01       7.622371469539e+02 
       5.229605280491e-01       7.577051795611e+02 
       5.261525764076e-01       7.532214446889e+02 
       5.293446249075e-01       7.487863913856e+02 
       5.325366735462e-01       7.444023436779e+02 
       5.357287223213e-01       7.400726899772e+02 
       5.389207712303e-01       7.357988157929e+02 
       5.421128202708e-01       7.315837856340e+02 
       5.453048694406e-01       7.274268191659e+02 
       5.484969187373e-01       7.233271013323e+02 
       5.516889681588e-01       7.192831287534e+02 
       5.548810177028e-01       7.152960316788e+02 
       5.580730673674e-01       7.113629285923e+02 
       5.612651171504e-01       7.074848061612e+02 
       5.644571670498e-01       7.036606131699e+02 
       5.676492170636e-01       6.998876163136e+02 
       5.708412671899e-01       6.961630253290e+02 
       5.740333174269e-01       6.924840702116e+02 
       5.772253677726e-01       6.888477224171e+02 
       5.804174182254e-01       6.852524529362e+02 
       5.836094687834e-01       6.816969181541e+02 
       5.868015194448e-01       6.781807389266e+02 
       5.899935702082e-01       6.747035433203e+02 
       5.931856210716e-01       6.712647948360e+02 
       5.963776720337e-01       6.678627408441e+02 
       5.995697230927e-01       6.644972933963e+02 
       6.027617742472e-01       6.611661021264e+02 
       6.059538254956e-01       6.578700477058e+02 
       6.091458768364e-01       6.546105442908e+02 
       6.123379282683e-01       6.513871789971e+02 
       6.155299797897e-01       6.482013980415e+02 
       6.187220313993e-01       6.450515570827e+02 
       6.219140830958e-01       6.419379309481e+02 
       6.251061348777e-01       6.388580513444e+02 
       6.282981867438e-01       6.358120414817e+02 
       6.314902386928e-01       6.327976895334e+02 
       6.346822907235e-01       6.298163096352e+02 
       6.378743428346e-01       6.268660574462e+02 
       6.410663950249e-01       6.239467717249e+02 
       6.442584472933e-01       6.210580379461e+02 
       6.474504996385e-01       6.181976884218e+02 
       6.506425520595e-01       6.153652875685e+02 
       6.538346045552e-01       6.125594857590e+02 
       6.570266571243e-01       6.097797427977e+02 
       6.602187097660e-01       6.070266372771e+02 
       6.634107624791e-01       6.042997739853e+02 
       6.666028152625e-01       6.015998242358e+02 
       6.697948681154e-01       5.989251593461e+02 
       6.729869210367e-01       5.962761232060e+02 
       6.761789740254e-01       5.936518084222e+02 
       6.793710270805e-01       5.910516737756e+02 
       6.825630802013e-01       5.884751637275e+02 
       6.857551333866e-01       5.859226382838e+02 
       6.889471866357e-01       5.833943426612e+02 
       6.921392399476e-01       5.808902130336e+02 
       6.953312933214e-01       5.784088068943e+02 
       6.985233467564e-01       5.759505059457e+02 
       7.017154002517e-01       5.735138027339e+02 
       7.049074538065e-01       5.710982381438e+02 
       7.080995074199e-01       5.687038054342e+02 
       7.112915610911e-01       5.663298719662e+02 
       7.144836148195e-01       5.639771451263e+02 
       7.176756686042e-01       5.616441364973e+02 
       7.208677224445e-01       5.593320330811e+02 
       7.240597763396e-01       5.570385992107e+02 
       7.272518302888e-01       5.547644520235e+02 
       7.304438842914e-01       5.525091595133e+02 
       7.336359383467e-01       5.502714235819e+02 
       7.368279924541e-01       5.480527778130e+02 
       7.400200466128e-01       5.458518366035e+02 
       7.432121008222e-01       5.436697067044e+02 
       7.464041550816e-01       5.415049827902e+02 
       7.495962093904e-01       5.393582821649e+02 
       8.192221488201e-01       4.964007507449e+02 
       9.200575625182e-01       4.446233196670e+02 
       1.080439764736e+00       3.795567897793e+02 
       1.333792774451e+00       3.036299376104e+02 
       1.677021741586e+00       2.316422487034e+02 
       2.111209522821e+00       1.702858635956e+02 
       2.657855202212e+00       1.205538750423e+02 
       3.346041454883e+00       8.239780894930e+01 
       4.212416616468e+00       5.463366495341e+01 
       5.303118323536e+00       3.532741798918e+01 
       6.676230419251e+00       2.238954489276e+01 
       8.404876129788e+00       1.396900859666e+01 
