# Matter power spectrum P(k) at redshift z=0
# for k=9.0192e-06 to 20.5861 h/Mpc,
# number of wavenumbers equal to 855
#    1:k (h/Mpc)              2:P (Mpc/h)^3        
       9.019204976993e-06       7.364108975289e+01 
       2.013438014409e-05       1.597259897983e+02 
       3.127868234905e-05       2.442385653739e+02 
       4.247442557899e-05       3.280296592886e+02 
       5.374419929777e-05       4.115596019821e+02 
       6.511101857491e-05       4.951579657063e+02 
       7.659847783023e-05       5.790957303532e+02 
       8.823090974742e-05       6.636142216372e+02 
       1.000335509225e-04       7.489394844172e+02 
       1.120327158298e-04       8.352905371164e+02 
       1.242559807030e-04       9.228847087689e+02 
       1.367323789378e-04       1.011941473631e+03 
       1.494926096110e-04       1.102685457849e+03 
       1.625692606757e-04       1.195348949641e+03 
       1.759970483069e-04       1.290174184682e+03 
       1.898130737261e-04       1.387415436472e+03 
       2.040570985940e-04       1.487341073703e+03 
       2.187718396958e-04       1.590235557885e+03 
       2.340032831118e-04       1.696401451456e+03 
       2.498010173128e-04       1.806161422015e+03 
       2.662185835800e-04       1.919860241851e+03 
       2.833138407498e-04       2.037866756842e+03 
       3.011493394298e-04       2.160575784274e+03 
       3.197926984326e-04       2.288409889633e+03 
       3.393169731301e-04       2.421820947398e+03 
       3.598010016445e-04       2.561291399062e+03 
       3.813297102150e-04       2.707335037318e+03 
       4.039943536983e-04       2.860497180310e+03 
       4.278926610814e-04       3.021354003212e+03 
       4.531288493575e-04       3.190510782481e+03 
       4.798134626171e-04       3.368598795663e+03 
       5.080629875164e-04       3.556270527737e+03 
       5.379991925169e-04       3.754192950912e+03 
       5.697481379765e-04       3.963038478901e+03 
       6.034388091171e-04       4.183473495516e+03 
       6.392013360914e-04       4.416144242455e+03 
       6.771647865580e-04       4.661660127406e+03 
       7.174545473443e-04       4.920574818093e+03 
       7.601893524407e-04       5.193365552663e+03 
       8.054780621013e-04       5.480411692518e+03 
       8.534163469723e-04       5.781973612698e+03 
       9.040834742503e-04       6.098173513831e+03 
       9.575394207352e-04       6.428979636448e+03 
       1.013822541642e-03       6.774195610133e+03 
       1.072947998486e-03       7.133455945589e+03 
       1.134907093856e-03       7.506228792526e+03 
       1.199667581565e-03       7.891825592241e+03 
       1.237686565779e-03       8.116288379518e+03 
       1.267174929296e-03       8.289417522643e+03 
       1.337354422516e-03       8.698057029092e+03 
       1.410113927546e-03       9.116702731090e+03 
       1.485347088335e-03       9.544246437004e+03 
       1.562936719724e-03       9.979539621485e+03 
       1.642758176941e-03       1.042141901370e+04 
       1.724682519414e-03       1.086872937939e+04 
       1.808579336922e-03       1.132034288778e+04 
       1.894319158360e-03       1.177517573326e+04 
       1.981775410681e-03       1.223219943058e+04 
       2.070825933598e-03       1.269044936097e+04 
       2.161354082699e-03       1.314902961084e+04 
       2.253249470150e-03       1.360711559504e+04 
       2.346408399903e-03       1.406395482382e+04 
       2.440734055354e-03       1.451886334127e+04 
       2.536136493966e-03       1.497122643810e+04 
       2.632532497351e-03       1.542049178339e+04 
       2.729845318075e-03       1.586616895120e+04 
       2.828004357063e-03       1.630782005697e+04 
       2.926944798562e-03       1.674506233499e+04 
       3.026607223423e-03       1.717755587394e+04 
       3.126937216290e-03       1.760500947617e+04 
       3.227884977962e-03       1.802716455875e+04 
       3.329404950766e-03       1.844380272577e+04 
       3.431455462131e-03       1.885473671617e+04 
       3.533998389475e-03       1.925980572572e+04 
       3.636998848055e-03       1.965888009558e+04 
       3.740424902280e-03       2.005184578862e+04 
       3.844247300247e-03       2.043861854146e+04 
       3.948439230710e-03       2.081912484798e+04 
       4.052976101368e-03       2.119331433375e+04 
       4.157835337154e-03       2.156114196709e+04 
       4.262996197086e-03       2.192258465740e+04 
       4.368439608254e-03       2.227762962887e+04 
       4.474148015489e-03       2.262626839614e+04 
       4.580105245354e-03       2.296850231801e+04 
       4.686296383141e-03       2.330435014284e+04 
       4.792707661659e-03       2.363382713584e+04 
       4.899326360693e-03       2.395695826581e+04 
       5.006140716081e-03       2.427377798315e+04 
       5.113139837481e-03       2.458432340246e+04 
       5.220313633959e-03       2.488863543715e+04 
       5.327652746615e-03       2.518675353044e+04 
       5.435148487557e-03       2.547872804314e+04 
       5.542792784574e-03       2.576461757391e+04 
       5.650578130955e-03       2.604446273079e+04 
       5.758497539923e-03       2.631832650965e+04 
       5.866544503242e-03       2.658626469860e+04 
       5.974712953570e-03       2.684833239558e+04 
       6.082997230198e-03       2.710459165853e+04 
       6.191392047843e-03       2.735511032764e+04 
       6.299892468190e-03       2.759992687160e+04 
       6.408493873925e-03       2.783912541826e+04 
       6.517191945017e-03       2.807276796317e+04 
       6.625982637031e-03       2.830091105661e+04 
       6.734862161292e-03       2.852361590117e+04 
       6.843826966702e-03       2.874094945655e+04 
       6.952873723089e-03       2.895297531698e+04 
       7.061999305920e-03       2.915975581595e+04 
       7.171200782259e-03       2.936135899254e+04 
       7.280475397874e-03       2.955785096933e+04 
       7.389820565363e-03       2.974926898184e+04 
       7.499233853231e-03       2.993570424157e+04 
       7.608712975823e-03       3.011721825639e+04 
       7.718255784036e-03       3.029386719368e+04 
       7.827860256754e-03       3.046570668728e+04 
       7.937524492937e-03       3.063280270792e+04 
       8.047246704300e-03       3.079521643208e+04 
       8.157025208554e-03       3.095300687122e+04 
       8.266858423138e-03       3.110622525427e+04 
       8.376744859423e-03       3.125493934912e+04 
       8.486683117332e-03       3.139921223304e+04 
       8.596671880356e-03       3.153909856883e+04 
       8.706709910922e-03       3.167465070155e+04 
       8.816796046100e-03       3.180592813634e+04 
       8.926929193607e-03       3.193298835026e+04 
       9.037108328096e-03       3.205588321163e+04 
       9.147332487703e-03       3.217467482282e+04 
       9.257600770835e-03       3.228941519393e+04 
       9.367912333175e-03       3.240015605351e+04 
       9.478266384901e-03       3.250695084645e+04 
       9.588662188089e-03       3.260984533622e+04 
       9.699099054289e-03       3.270891580394e+04 
       9.809576342276e-03       3.280418516795e+04 
       9.920093455941e-03       3.289571409860e+04 
       1.003064984233e-02       3.298355905130e+04 
       1.014124498982e-02       3.306775928695e+04 
       1.025187842639e-02       3.314837947636e+04 
       1.036254971807e-02       3.322545963591e+04 
       1.047325846738e-02       3.329903596053e+04 
       1.058400431202e-02       3.336917888463e+04 
       1.069478692353e-02       3.343592547207e+04 
       1.080560600610e-02       3.349932432716e+04 
       1.091646129541e-02       3.355942488418e+04 
       1.102735255764e-02       3.361626653356e+04 
       1.113827958843e-02       3.366989064944e+04 
       1.124924221198e-02       3.372034666470e+04 
       1.136024028026e-02       3.376767369050e+04 
       1.147127367212e-02       3.381192174152e+04 
       1.158234229264e-02       3.385312738843e+04 
       1.169344607241e-02       3.389133348478e+04 
       1.180458496692e-02       3.392659709241e+04 
       1.191575895592e-02       3.395895681687e+04 
       1.202696804297e-02       3.398843107609e+04 
       1.213821225488e-02       3.401508140042e+04 
       1.224949164123e-02       3.403894010781e+04 
       1.236080627403e-02       3.406004889565e+04 
       1.237686565779e-02       3.406286909550e+04 
       1.247215624726e-02       3.407844988956e+04 
       1.258354167657e-02       3.409419378117e+04 
       1.269496269891e-02       3.410728937527e+04 
       1.280641947230e-02       3.411780280396e+04 
       1.291791217553e-02       3.412575965343e+04 
       1.302944100795e-02       3.413120153494e+04 
       1.314100618926e-02       3.413415708665e+04 
       1.325260795934e-02       3.413468417586e+04 
       1.336424657811e-02       3.413279270079e+04 
       1.347592232535e-02       3.412853694936e+04 
       1.358763550066e-02       3.412194806237e+04 
       1.369938642337e-02       3.411305415895e+04 
       1.381117543241e-02       3.410190852612e+04 
       1.392300288638e-02       3.408851736706e+04 
       1.403486916343e-02       3.407293698710e+04 
       1.414677466132e-02       3.405519181936e+04 
       1.425871979743e-02       3.403533888901e+04 
       1.437070500878e-02       3.401338788474e+04 
       1.448273075210e-02       3.398935110017e+04 
       1.459479750391e-02       3.396332162317e+04 
       1.470690576060e-02       3.393528114222e+04 
       1.481905603853e-02       3.390528632235e+04 
       1.493124887419e-02       3.387335098742e+04 
       1.504348482432e-02       3.383951961929e+04 
       1.515576446605e-02       3.380382662462e+04 
       1.526808839712e-02       3.376629289426e+04 
       1.538045723605e-02       3.372694262338e+04 
       1.549287162231e-02       3.368583349844e+04 
       1.560533221661e-02       3.364297053590e+04 
       1.571783970111e-02       3.359838026434e+04 
       1.583039477966e-02       3.355211341626e+04 
       1.594299817808e-02       3.350419812976e+04 
       1.605565064445e-02       3.345466320443e+04 
       1.616835294943e-02       3.340351374455e+04 
       1.628110588654e-02       3.335075385996e+04 
       1.639391027253e-02       3.329648702619e+04 
       1.650676694770e-02       3.324073006390e+04 
       1.661967677629e-02       3.318345216946e+04 
       1.673264064685e-02       3.312476697597e+04 
       1.684565947265e-02       3.306458640230e+04 
       1.695873419209e-02       3.300301202362e+04 
       1.707186576913e-02       3.294006831167e+04 
       1.718505519375e-02       3.287577583151e+04 
       1.729830348240e-02       3.281013748751e+04 
       1.741161167851e-02       3.274321388711e+04 
       1.752498085296e-02       3.267500355715e+04 
       1.763841210467e-02       3.260555141307e+04 
       1.775190656104e-02       3.253484428488e+04 
       1.786546537859e-02       3.246296031944e+04 
       1.797908974354e-02       3.238993290987e+04 
       1.809278087233e-02       3.231573758343e+04 
       1.820654001235e-02       3.224035844379e+04 
       1.832036844249e-02       3.216395761093e+04 
       1.843426747385e-02       3.208642122842e+04 
       1.854823845043e-02       3.200787083903e+04 
       1.866228274980e-02       3.192824104470e+04 
       1.877640178386e-02       3.184759319295e+04 
       1.889059699960e-02       3.176606650963e+04 
       1.900486987984e-02       3.168342837596e+04 
       1.911922194409e-02       3.159992194234e+04 
       1.923365474933e-02       3.151545266262e+04 
       1.934816989090e-02       3.143011838600e+04 
       1.946276900336e-02       3.134391242311e+04 
       1.957745376143e-02       3.125679602658e+04 
       1.969222588090e-02       3.116893641669e+04 
       1.980708711962e-02       3.108018695729e+04 
       1.992203927853e-02       3.099065687114e+04 
       2.003708420262e-02       3.090037025480e+04 
       2.015222378209e-02       3.080931957381e+04 
       2.026745995336e-02       3.071750796015e+04 
       2.038279470029e-02       3.062501509361e+04 
       2.049823005531e-02       3.053178565231e+04 
       2.061376810063e-02       3.043792001485e+04 
       2.072941096952e-02       3.034338806973e+04 
       2.084516084756e-02       3.024822656218e+04 
       2.096101997401e-02       3.015242024607e+04 
       2.107699064319e-02       3.005603445521e+04 
       2.119307520585e-02       2.995904440468e+04 
       2.130927607069e-02       2.986144257835e+04 
       2.142559570588e-02       2.976337147726e+04 
       2.154203664058e-02       2.966477155552e+04 
       2.165860146659e-02       2.956560829928e+04 
       2.177529284004e-02       2.946596850501e+04 
       2.189211348307e-02       2.936583639785e+04 
       2.200906618568e-02       2.926525958296e+04 
       2.212615380752e-02       2.916423413152e+04 
       2.224337927981e-02       2.906276848987e+04 
       2.236074560737e-02       2.896086673460e+04 
       2.247825587059e-02       2.885858518351e+04 
       2.259591322759e-02       2.875591383561e+04 
       2.271372091639e-02       2.865285966571e+04 
       2.283168225720e-02       2.854944875668e+04 
       2.294980065471e-02       2.844574313307e+04 
       2.306807960058e-02       2.834165170636e+04 
       2.318652267590e-02       2.823733335338e+04 
       2.330513355385e-02       2.813261043867e+04 
       2.342391600233e-02       2.802768612709e+04 
       2.354287388681e-02       2.792243794679e+04 
       2.366201117321e-02       2.781701122300e+04 
       2.378133193090e-02       2.771123400967e+04 
       2.390084033581e-02       2.760524790181e+04 
       2.402054067368e-02       2.749909732710e+04 
       2.414043734340e-02       2.739277165637e+04 
       2.426053486050e-02       2.728616896563e+04 
       2.438083786074e-02       2.717933571840e+04 
       2.450135110391e-02       2.707239836688e+04 
       2.462207947767e-02       2.696533728767e+04 
       2.474302800163e-02       2.685819868350e+04 
       2.486420183157e-02       2.675080031419e+04 
       2.498560626377e-02       2.664326340751e+04 
       2.510724673963e-02       2.653571252343e+04 
       2.522912885032e-02       2.642798170033e+04 
       2.535125834177e-02       2.632015193521e+04 
       2.547364111977e-02       2.621229314493e+04 
       2.559628325528e-02       2.610432417834e+04 
       2.571919099005e-02       2.599633967017e+04 
       2.584237074235e-02       2.588827435431e+04 
       2.596582911306e-02       2.578017913788e+04 
       2.608957289192e-02       2.567198306036e+04 
       2.621360906409e-02       2.556383917626e+04 
       2.633794481706e-02       2.545564748292e+04 
       2.646258754770e-02       2.534739576060e+04 
       2.658754486982e-02       2.523927365687e+04 
       2.671282462188e-02       2.513109751613e+04 
       2.683843487519e-02       2.502290028624e+04 
       2.696438394240e-02       2.491469904553e+04 
       2.709068038640e-02       2.480661782017e+04 
       2.721733302963e-02       2.469862111512e+04 
       2.734435096384e-02       2.459056313236e+04 
       2.747174356025e-02       2.448264543584e+04 
       2.759952048029e-02       2.437466098467e+04 
       2.772769168677e-02       2.426685652000e+04 
       2.785626745561e-02       2.415903160079e+04 
       2.798525838815e-02       2.405133389395e+04 
       2.811467542409e-02       2.394370475129e+04 
       2.824452985504e-02       2.383616735191e+04 
       2.837483333874e-02       2.372876176864e+04 
       2.850559791405e-02       2.362146683980e+04 
       2.863683601668e-02       2.351419359323e+04 
       2.876856049569e-02       2.340708590572e+04 
       2.890078463099e-02       2.330008082398e+04 
       2.903352215158e-02       2.319317968668e+04 
       2.916678725490e-02       2.308641485634e+04 
       2.930059462722e-02       2.297977855593e+04 
       2.943495946502e-02       2.287326107796e+04 
       2.956989749774e-02       2.276691520758e+04 
       2.970542501160e-02       2.266066918114e+04 
       2.984155887494e-02       2.255458033422e+04 
       2.997831656485e-02       2.244864104696e+04 
       3.011571619548e-02       2.234278843680e+04 
       3.025377654788e-02       2.223709876944e+04 
       3.039251710168e-02       2.213162179771e+04 
       3.053195806861e-02       2.202623497906e+04 
       3.067212042809e-02       2.192101204365e+04 
       3.081302596498e-02       2.181601109834e+04 
       3.095469730961e-02       2.171110132788e+04 
       3.109715798043e-02       2.160636440199e+04 
       3.124043242923e-02       2.150173199637e+04 
       3.138454608939e-02       2.139734562170e+04 
       3.152952542717e-02       2.129307706092e+04 
       3.167539799640e-02       2.118896893975e+04 
       3.182219249684e-02       2.108498131249e+04 
       3.196993883649e-02       2.098115475115e+04 
       3.211866819806e-02       2.087752046401e+04 
       3.226841311024e-02       2.077404123702e+04 
       3.241920752373e-02       2.067068757028e+04 
       3.257108689295e-02       2.056751347293e+04 
       3.272408826341e-02       2.046440514257e+04 
       3.287825036567e-02       2.036152025311e+04 
       3.303361371614e-02       2.025880330725e+04 
       3.319022072556e-02       2.015614328577e+04 
       3.334811581576e-02       2.005371102639e+04 
       3.350734554541e-02       1.995133143073e+04 
       3.366795874578e-02       1.984913479264e+04 
       3.383000666727e-02       1.974701570233e+04 
       3.399354313788e-02       1.964510754937e+04 
       3.415862473469e-02       1.954325500740e+04 
       3.432531096980e-02       1.944146642773e+04 
       3.449366449200e-02       1.933986052506e+04 
       3.466375130591e-02       1.923832617498e+04 
       3.483564101045e-02       1.913684452925e+04 
       3.500940705852e-02       1.903545909710e+04 
       3.518512704044e-02       1.893417429266e+04 
       3.536288299344e-02       1.883294187726e+04 
       3.554276174051e-02       1.873182995059e+04 
       3.572485526150e-02       1.863061678869e+04 
       3.590926110062e-02       1.852952892833e+04 
       3.609608281435e-02       1.842845436212e+04 
       3.628543046475e-02       1.832746982513e+04 
       3.647742116368e-02       1.822639040352e+04 
       3.667217967428e-02       1.812530929794e+04 
       3.686983907705e-02       1.802421456423e+04 
       3.707054150876e-02       1.792306301938e+04 
       3.727443898398e-02       1.782191384707e+04 
       3.748169431035e-02       1.772065855133e+04 
       3.769248211037e-02       1.761929336558e+04 
       3.790698996486e-02       1.751774495702e+04 
       3.812541969549e-02       1.741619641828e+04 
       3.834798880680e-02       1.731443024792e+04 
       3.857493211170e-02       1.721247234045e+04 
       3.880650356848e-02       1.711027967434e+04 
       3.904297836273e-02       1.700795266505e+04 
       3.928465527338e-02       1.690523781638e+04 
       3.953185936961e-02       1.680226209242e+04 
       3.978494509441e-02       1.669897130169e+04 
       4.004429980157e-02       1.659529705249e+04 
       4.031034782614e-02       1.649121805029e+04 
       4.058355518528e-02       1.638665412446e+04 
       4.086443502661e-02       1.628159848844e+04 
       4.115355396680e-02       1.617598173422e+04 
       4.145153949443e-02       1.606970884887e+04 
       4.175908865113e-02       1.596275943414e+04 
       4.207697825440e-02       1.585500251777e+04 
       4.240607698821e-02       1.574641882798e+04 
       4.274735976692e-02       1.563691558182e+04 
       4.310192487843e-02       1.552635189582e+04 
       4.347101454085e-02       1.541457655468e+04 
       4.385603966988e-02       1.530147840422e+04 
       4.425860986236e-02       1.518691141723e+04 
       4.468056986599e-02       1.507071350173e+04 
       4.512404414025e-02       1.495260297201e+04 
       4.559149153307e-02       1.483234467881e+04 
       4.608577261420e-02       1.470962093706e+04 
       4.661023282062e-02       1.458409221427e+04 
       4.716880525875e-02       1.445529018813e+04 
       4.776613768737e-02       1.432255716410e+04 
       4.840774866699e-02       1.418528086621e+04 
       4.910021764266e-02       1.404247129160e+04 
       4.985141187647e-02       1.389294755330e+04 
       5.067074780136e-02       1.373514714176e+04 
       5.156947208660e-02       1.356703784164e+04 
       5.256092259167e-02       1.338583704540e+04 
       5.366068262143e-02       1.318787445157e+04 
       5.488646392364e-02       1.296826421891e+04 
       5.625744517354e-02       1.272069263906e+04 
       5.779269361434e-02       1.243723091237e+04 
       5.950833998540e-02       1.210882377438e+04 
       6.141360279966e-02       1.172651753412e+04 
       6.350672343544e-02       1.128394743213e+04 
       6.577291022785e-02       1.078043443823e+04 
       6.818618202328e-02       1.022361628655e+04 
       7.071481377673e-02       9.629695842663e+03 
       7.332765984723e-02       9.020999612466e+03 
       7.599851852025e-02       8.421960472924e+03 
       7.870765451559e-02       7.855063941466e+03 
       8.144130127947e-02       7.338015077249e+03 
       8.419033619292e-02       6.882313205407e+03 
       8.694891164947e-02       6.493081204042e+03 
       8.971335728359e-02       6.169596623160e+03 
       9.248139918627e-02       5.906517911695e+03 
       9.525163978606e-02       5.694926619919e+03 
       9.802322420633e-02       5.523625980803e+03 
       1.007956309583e-01       5.380258451684e+03 
       1.035685423708e-01       5.252441146556e+03 
       1.063417650187e-01       5.128785334590e+03 
       1.091151810915e-01       4.999885725195e+03 
       1.118887187569e-01       4.859015961108e+03 
       1.146623341303e-01       4.702585742432e+03 
       1.174360003170e-01       4.530148210359e+03 
       1.202097007559e-01       4.344076517820e+03 
       1.229834251763e-01       4.148894454973e+03 
       1.237686565779e-01       4.092765173527e+03 
       1.257571671429e-01       3.950400624261e+03 
       1.285309225641e-01       3.754828332062e+03 
       1.313046887852e-01       3.568010292595e+03 
       1.340784640370e-01       3.394829024360e+03 
       1.368522471001e-01       3.238770555906e+03 
       1.396260370994e-01       3.101775824919e+03 
       1.423998333793e-01       2.984248678485e+03 
       1.451736354266e-01       2.885201197679e+03 
       1.479474428224e-01       2.802483701090e+03 
       1.507212552133e-01       2.733125164985e+03 
       1.534950722924e-01       2.673639154596e+03 
       1.562688937871e-01       2.620353914813e+03 
       1.590427194521e-01       2.570417784050e+03 
       1.618165490634e-01       2.520033470821e+03 
       1.645903824153e-01       2.466608812467e+03 
       1.673642193173e-01       2.408601287589e+03 
       1.701380595928e-01       2.345396666861e+03 
       1.729119030771e-01       2.277269656512e+03 
       1.756857496164e-01       2.205214307835e+03 
       1.784595990668e-01       2.130752151114e+03 
       1.812334512933e-01       2.055675100930e+03 
       1.840073061693e-01       1.981827913627e+03 
       1.867811635758e-01       1.910914589212e+03 
       1.895550234010e-01       1.844318369423e+03 
       1.923288855393e-01       1.783059605274e+03 
       1.951027498913e-01       1.727687782585e+03 
       1.978766163634e-01       1.678343320300e+03 
       2.006504848670e-01       1.634772794799e+03 
       2.034243553184e-01       1.596376843124e+03 
       2.061982276385e-01       1.562299151306e+03 
       2.089721017524e-01       1.531524569401e+03 
       2.117459775891e-01       1.502967144793e+03 
       2.145198550814e-01       1.475571403147e+03 
       2.172937341654e-01       1.448391512041e+03 
       2.200676147807e-01       1.420674104892e+03 
       2.228414968696e-01       1.391897578296e+03 
       2.256153803775e-01       1.361805343602e+03 
       2.283892652523e-01       1.330403904155e+03 
       2.311631514447e-01       1.297915343474e+03 
       2.339370389073e-01       1.264746714676e+03 
       2.367109275954e-01       1.231424498010e+03 
       2.394848174660e-01       1.198496019889e+03 
       2.422587084784e-01       1.166504970673e+03 
       2.450326005935e-01       1.135921532711e+03 
       2.478064937741e-01       1.107093823955e+03 
       2.505803879847e-01       1.080239782682e+03 
       2.533542831911e-01       1.055434314446e+03 
       2.561281793609e-01       1.032621705661e+03 
       2.589020764630e-01       1.011634840837e+03 
       2.616759744675e-01       9.922174643031e+02 
       2.644498733459e-01       9.740617422688e+02 
       2.672237730709e-01       9.568317013238e+02 
       2.699976736162e-01       9.402043232234e+02 
       2.727715749566e-01       9.238828183398e+02 
       2.755454770681e-01       9.076268781208e+02 
       2.783193799274e-01       8.912708290578e+02 
       2.810932835124e-01       8.747125874344e+02 
       2.838671878016e-01       8.579244808581e+02 
       2.866410927745e-01       8.409537461045e+02 
       2.894149984113e-01       8.238951287118e+02 
       2.921889046931e-01       8.068825147418e+02 
       2.949628116016e-01       7.900682712568e+02 
       2.977367191191e-01       7.736100801942e+02 
       3.005106272287e-01       7.576478325192e+02 
       3.032845359142e-01       7.422990858258e+02 
       3.060584451597e-01       7.276414098920e+02 
       3.088323549502e-01       7.137120061847e+02 
       3.116062652709e-01       7.005119482440e+02 
       3.143801761079e-01       6.880006640667e+02 
       3.171540874475e-01       6.761107397800e+02 
       3.199279992765e-01       6.647536017655e+02 
       3.227019115823e-01       6.538284716459e+02 
       3.254758243527e-01       6.432358327479e+02 
       3.282497375758e-01       6.328820178639e+02 
       3.310236512402e-01       6.226904898211e+02 
       3.337975653349e-01       6.126009285055e+02 
       3.365714798491e-01       6.025750421720e+02 
       3.393453947725e-01       5.925971048158e+02 
       3.421193100953e-01       5.826706970332e+02 
       3.448932258075e-01       5.728117175860e+02 
       3.476671419000e-01       5.630514150839e+02 
       3.504410583636e-01       5.534250922733e+02 
       3.532149751896e-01       5.439704172319e+02 
       3.559888923695e-01       5.347218901566e+02 
       3.587628098950e-01       5.257103395011e+02 
       3.615367277581e-01       5.169600533441e+02 
       3.643106459511e-01       5.084837712668e+02 
       3.670845644665e-01       5.002888933377e+02 
       3.698584832971e-01       4.923709464800e+02 
       3.726324024356e-01       4.847177799554e+02 
       3.754063218754e-01       4.773117517765e+02 
       3.781802416097e-01       4.701317474806e+02 
       3.809541616320e-01       4.631486896021e+02 
       3.837280819362e-01       4.563364546139e+02 
       3.865020025162e-01       4.496683920180e+02 
       3.892759233659e-01       4.431201619503e+02 
       3.920498444797e-01       4.366711306201e+02 
       3.948237658519e-01       4.303096670752e+02 
       3.975976874772e-01       4.240225648774e+02 
       4.003716093503e-01       4.178115331027e+02 
       4.031455314660e-01       4.116734475441e+02 
       4.059194538194e-01       4.056172459480e+02 
       4.086933764055e-01       3.996525048390e+02 
       4.114672992198e-01       3.937901910556e+02 
       4.142412222575e-01       3.880401650180e+02 
       4.170151455141e-01       3.824159673522e+02 
       4.197890689855e-01       3.769219099861e+02 
       4.225629926672e-01       3.715663847337e+02 
       4.253369165552e-01       3.663470238100e+02 
       4.281108406454e-01       3.612616122635e+02 
       4.308847649340e-01       3.563057602903e+02 
       4.336586894171e-01       3.514705110274e+02 
       4.364326140910e-01       3.467453452757e+02 
       4.392065389520e-01       3.421190536267e+02 
       4.419804639967e-01       3.375823366305e+02 
       4.447543892215e-01       3.331273032364e+02 
       4.475283146232e-01       3.287448317167e+02 
       4.503022401984e-01       3.244278144042e+02 
       4.530761659440e-01       3.201746575730e+02 
       4.558500918568e-01       3.159831328654e+02 
       4.586240179337e-01       3.118512787237e+02 
       4.613979441719e-01       3.077849207414e+02 
       4.641718705684e-01       3.037807342470e+02 
       4.669457971204e-01       2.998439256026e+02 
       4.697197238251e-01       2.959759166025e+02 
       4.724936506798e-01       2.921776365344e+02 
       4.752675776820e-01       2.884498222724e+02 
       4.780415048289e-01       2.847941323296e+02 
       4.808154321181e-01       2.812097951106e+02 
       4.835893595472e-01       2.776955665187e+02 
       4.863632871138e-01       2.742497827908e+02 
       4.891372148154e-01       2.708699030021e+02 
       4.919111426499e-01       2.675546335126e+02 
       4.946850706149e-01       2.643013179315e+02 
       4.974589987083e-01       2.611047006339e+02 
       5.002329269279e-01       2.579641432030e+02 
       5.030068552717e-01       2.548746208338e+02 
       5.057807837376e-01       2.518367840783e+02 
       5.085547123236e-01       2.488450008686e+02 
       5.113286410277e-01       2.458996087635e+02 
       5.141025698480e-01       2.429978886039e+02 
       5.168764987827e-01       2.401397661281e+02 
       5.196504278298e-01       2.373239758476e+02 
       5.224243569877e-01       2.345512984130e+02 
       5.251982862545e-01       2.318215378524e+02 
       5.279722156286e-01       2.291355398258e+02 
       5.307461451082e-01       2.264928343244e+02 
       5.335200746916e-01       2.238928711278e+02 
       5.362940043774e-01       2.213355900033e+02 
       5.390679341638e-01       2.188221289144e+02 
       5.418418640494e-01       2.163504125862e+02 
       5.446157940326e-01       2.139199259345e+02 
       5.473897241120e-01       2.115291410128e+02 
       5.501636542860e-01       2.091779392422e+02 
       5.529375845532e-01       2.068631817807e+02 
       5.557115149123e-01       2.045862175863e+02 
       5.584854453619e-01       2.023438736499e+02 
       5.612593759007e-01       2.001359273563e+02 
       5.640333065272e-01       1.979600260546e+02 
       5.668072372402e-01       1.958168034506e+02 
       5.695811680385e-01       1.937047474215e+02 
       5.723550989209e-01       1.916228589537e+02 
       5.751290298860e-01       1.895715258376e+02 
       5.779029609327e-01       1.875496600284e+02 
       5.806768920598e-01       1.855572624598e+02 
       5.834508232662e-01       1.835932520225e+02 
       5.862247545508e-01       1.816587608801e+02 
       5.889986859124e-01       1.797523886310e+02 
       5.917726173499e-01       1.778723589866e+02 
       5.945465488624e-01       1.760230924427e+02 
       5.973204804486e-01       1.741995466156e+02 
       6.000944121077e-01       1.724025668670e+02 
       6.028683438387e-01       1.706322115259e+02 
       6.056422756404e-01       1.688885830769e+02 
       6.084162075120e-01       1.671693730003e+02 
       6.111901394524e-01       1.654752068219e+02 
       6.139640714609e-01       1.638055580854e+02 
       6.167380035363e-01       1.621581600354e+02 
       6.195119356780e-01       1.605352179111e+02 
       6.222858678848e-01       1.589336040255e+02 
       6.250598001561e-01       1.573541733662e+02 
       6.278337324909e-01       1.557965003467e+02 
       6.306076648883e-01       1.542603480326e+02 
       6.333815973476e-01       1.527448744096e+02 
       6.361555298680e-01       1.512501847607e+02 
       6.389294624487e-01       1.497751489156e+02 
       6.417033950887e-01       1.483204738286e+02 
       6.444773277875e-01       1.468848660647e+02 
       6.472512605443e-01       1.454692013207e+02 
       6.500251933582e-01       1.440717105453e+02 
       6.527991262286e-01       1.426934457369e+02 
       6.555730591548e-01       1.413343733483e+02 
       6.583469921360e-01       1.399923902505e+02 
       6.611209251716e-01       1.386690063692e+02 
       6.638948582608e-01       1.373628986006e+02 
       6.666687914030e-01       1.360739990300e+02 
       6.694427245976e-01       1.348018370679e+02 
       6.722166578439e-01       1.335463758605e+02 
       6.749905911412e-01       1.323070872028e+02 
       6.777645244889e-01       1.310841856984e+02 
       6.805384578864e-01       1.298767350584e+02 
       6.833123913331e-01       1.286846469596e+02 
       6.860863248284e-01       1.275078476659e+02 
       6.888602583718e-01       1.263454471487e+02 
       6.916341919625e-01       1.251984026527e+02 
       6.944081256001e-01       1.240645454061e+02 
       6.971820592841e-01       1.229465418005e+02 
       6.999559930137e-01       1.218410745338e+02 
       7.027299267886e-01       1.207504908407e+02 
       7.055038606082e-01       1.196732376823e+02 
       7.082777944719e-01       1.186087082788e+02 
       7.110517283792e-01       1.175579863929e+02 
       7.138256623296e-01       1.165199563358e+02 
       7.165995963227e-01       1.154947408817e+02 
       7.193735303578e-01       1.144817542747e+02 
       7.221474644347e-01       1.134817117689e+02 
       7.249213985526e-01       1.124939398271e+02 
       7.276953327113e-01       1.115175214400e+02 
       7.304692669102e-01       1.105534471288e+02 
       7.332432011488e-01       1.096009165258e+02 
       7.360171354268e-01       1.086595133966e+02 
       7.387910697436e-01       1.077294074417e+02 
       7.415650040989e-01       1.068106100110e+02 
       7.443389384922e-01       1.059020419837e+02 
       7.471128729230e-01       1.050052908348e+02 
       7.498868073910e-01       1.041179950345e+02 
       7.526607418958e-01       1.032419750857e+02 
       7.554346764369e-01       1.023751494823e+02 
       7.582086110139e-01       1.015184990204e+02 
       7.609825456265e-01       1.006722024810e+02 
       7.637564802743e-01       9.983631026464e+01 
       7.665304149568e-01       9.900950987037e+01 
       7.693043496738e-01       9.819186971528e+01 
       7.720782844247e-01       9.738407150295e+01 
       7.748522192094e-01       9.658583714553e+01 
       7.776261540273e-01       9.579625655888e+01 
       7.804000888782e-01       9.501590983984e+01 
       7.831740237617e-01       9.424383584383e+01 
       7.859479586774e-01       9.348107462234e+01 
       7.887218936251e-01       9.272672251363e+01 
       7.914958286043e-01       9.198053754723e+01 
       7.942697636148e-01       9.124351938326e+01 
       7.970436986562e-01       9.051380736768e+01 
       7.998176337282e-01       8.979212444114e+01 
       8.025915688304e-01       8.907905588261e+01 
       8.053655039626e-01       8.837439967718e+01 
       8.081394391245e-01       8.767650209952e+01 
       8.109133743158e-01       8.698678042936e+01 
       8.136873095360e-01       8.630449166541e+01 
       8.164612447851e-01       8.562918145589e+01 
       8.192351800626e-01       8.496192581475e+01 
       8.220091153682e-01       8.430135351053e+01 
       8.247830507018e-01       8.364803419554e+01 
       8.275569860629e-01       8.300166126959e+01 
       8.303309214514e-01       8.236221594583e+01 
       8.331048568669e-01       8.173009993724e+01 
       8.358787923093e-01       8.110432088193e+01 
       8.386527277781e-01       8.048533061346e+01 
       8.414266632732e-01       7.987278499399e+01 
       8.442005987943e-01       7.926723354872e+01 
       8.469745343411e-01       7.866765022323e+01 
       8.497484699135e-01       7.807456013523e+01 
       8.525224055110e-01       7.748702618446e+01 
       8.552963411336e-01       7.690633919136e+01 
       8.580702767809e-01       7.633137972939e+01 
       8.608442124527e-01       7.576226187402e+01 
       8.636181481488e-01       7.519931558963e+01 
       8.663920838690e-01       7.464194661004e+01 
       8.691660196129e-01       7.409047412421e+01 
       8.719399553804e-01       7.354503057571e+01 
       8.747138911713e-01       7.300490686637e+01 
       8.774878269854e-01       7.246964830179e+01 
       8.802617628223e-01       7.194009295694e+01 
       8.830356986819e-01       7.141626853423e+01 
       8.858096345641e-01       7.089784042640e+01 
       8.885835704685e-01       7.038470630599e+01 
       8.913575063950e-01       6.987634524221e+01 
       8.941314423433e-01       6.937324971103e+01 
       8.969053783133e-01       6.887496667489e+01 
       8.996793143047e-01       6.838185014176e+01 
       9.024532503175e-01       6.789387119256e+01 
       9.052271863512e-01       6.741008692958e+01 
       9.080011224059e-01       6.693151431830e+01 
       9.107750584812e-01       6.645736632784e+01 
       9.135489945771e-01       6.598827186187e+01 
       9.163229306932e-01       6.552401283417e+01 
       9.190968668294e-01       6.506377425631e+01 
       9.218708029856e-01       6.460799759842e+01 
       9.246447391616e-01       6.415685523283e+01 
       9.274186753571e-01       6.370965389177e+01 
       9.301926115720e-01       6.326718135693e+01 
       9.329665478062e-01       6.282856492394e+01 
       9.357404840594e-01       6.239476476864e+01 
       9.385144203316e-01       6.196523878696e+01 
       9.412883566224e-01       6.153936386818e+01 
       9.440622929318e-01       6.111718745135e+01 
       9.468362292596e-01       6.069963599165e+01 
       9.496101656057e-01       6.028550391766e+01 
       9.523841019698e-01       5.987587027967e+01 
       9.551580383518e-01       5.946993446870e+01 
       9.579319747516e-01       5.906764266069e+01 
       9.607059111691e-01       5.866956179848e+01 
       9.634798476039e-01       5.827438851039e+01 
       9.662537840561e-01       5.788312338094e+01 
       9.690277205254e-01       5.749590613239e+01 
       9.718016570117e-01       5.711184739911e+01 
       9.745755935149e-01       5.673237429784e+01 
       9.773495300349e-01       5.635517328550e+01 
       9.801234665713e-01       5.598205742199e+01 
       9.828974031243e-01       5.561269352062e+01 
       9.856713396935e-01       5.524596273034e+01 
       9.884452762789e-01       5.488282714002e+01 
       9.912192128803e-01       5.452319502582e+01 
       9.939931494976e-01       5.416697659614e+01 
       9.967670861307e-01       5.381389783567e+01 
       9.995410227794e-01       5.346352977110e+01 
       1.002314959444e+00       5.311658185163e+01 
       1.005088896123e+00       5.277246854781e+01 
       1.007862832818e+00       5.243202747351e+01 
       1.010636769528e+00       5.209455694555e+01 
       1.013410706253e+00       5.175972666001e+01 
       1.016184642992e+00       5.142867749837e+01 
       1.018958579747e+00       5.109984995555e+01 
       1.021732516516e+00       5.077368850054e+01 
       1.024506453300e+00       5.045128348734e+01 
       1.027280390098e+00       5.013100647526e+01 
       1.030054326910e+00       4.981363306701e+01 
       1.032828263737e+00       4.949932600151e+01 
       1.035602200577e+00       4.918770952608e+01 
       1.038376137432e+00       4.887889657345e+01 
       1.041150074300e+00       4.857271037044e+01 
       1.043924011182e+00       4.826883241289e+01 
       1.046697948077e+00       4.796805294453e+01 
       1.049471884986e+00       4.767005862835e+01 
       1.052245821909e+00       4.737403984854e+01 
       1.055019758845e+00       4.708087383658e+01 
       1.057793695794e+00       4.678993706486e+01 
       1.060567632756e+00       4.650210311368e+01 
       1.063341569730e+00       4.621606562034e+01 
       1.066115506718e+00       4.593278697664e+01 
       1.068889443719e+00       4.565235370964e+01 
       1.071663380732e+00       4.537365867764e+01 
       1.074437317758e+00       4.509737395307e+01 
       1.077211254796e+00       4.482356378756e+01 
       1.079985191847e+00       4.455192706768e+01 
       1.082759128910e+00       4.428238664215e+01 
       1.085533065985e+00       4.401564451789e+01 
       1.088307003072e+00       4.375089212967e+01 
       1.091080940172e+00       4.348822063340e+01 
       1.093854877283e+00       4.322773859803e+01 
       1.096628814406e+00       4.296962805542e+01 
       1.099402751540e+00       4.271408225450e+01 
       1.102176688687e+00       4.245932732196e+01 
       1.104950625845e+00       4.220774144717e+01 
       1.107724563014e+00       4.195803361853e+01 
       1.110498500195e+00       4.170996671840e+01 
       1.113272437387e+00       4.146448267554e+01 
       1.116046374590e+00       4.122078667590e+01 
       1.118820311804e+00       4.097903426107e+01 
       1.121594249030e+00       4.073934508394e+01 
       1.124368186266e+00       4.050149665898e+01 
       1.127142123513e+00       4.026552484416e+01 
       1.129916060771e+00       4.003146995375e+01 
       1.132689998040e+00       3.979920994561e+01 
       1.135463935320e+00       3.956894667344e+01 
       1.138237872610e+00       3.934043154494e+01 
       1.141011809910e+00       3.911391011608e+01 
       1.143785747221e+00       3.888935999129e+01 
       1.146559684542e+00       3.866631660460e+01 
       1.149333621874e+00       3.844515031452e+01 
       1.152107559215e+00       3.822558639372e+01 
       1.154881496567e+00       3.800790832083e+01 
       1.157655433929e+00       3.779178259671e+01 
       1.160429371301e+00       3.757740376565e+01 
       1.163203308683e+00       3.736497216281e+01 
       1.165977246074e+00       3.715374556909e+01 
       1.168751183475e+00       3.694471565917e+01 
       1.171525120886e+00       3.673690555322e+01 
       1.174299058307e+00       3.653082293808e+01 
       1.177072995737e+00       3.632635253553e+01 
       1.179846933177e+00       3.612355382844e+01 
       1.182620870626e+00       3.592217580219e+01 
       1.185394808084e+00       3.572253573477e+01 
       1.188168745552e+00       3.552423380698e+01 
       1.190942683029e+00       3.532769318545e+01 
       1.193716620515e+00       3.513247871390e+01 
       1.196490558010e+00       3.493891987216e+01 
       1.199264495514e+00       3.474661621468e+01 
       1.202038433027e+00       3.455573062796e+01 
       1.204812370549e+00       3.436660189207e+01 
       1.207586308080e+00       3.417853387706e+01 
       1.210360245620e+00       3.399234434754e+01 
       1.213134183168e+00       3.380725717103e+01 
       1.215908120725e+00       3.362345953542e+01 
       1.218682058291e+00       3.344124409014e+01 
       1.221455995865e+00       3.326079608510e+01 
       1.224229933448e+00       3.308110721441e+01 
       1.227003871039e+00       3.290300563622e+01 
       1.229777808638e+00       3.272587908825e+01 
       1.232551746246e+00       3.255047018221e+01 
       1.235325683862e+00       3.237636711829e+01 
       1.237686565779e+00       3.222908035216e+01 
       1.238099621486e+00       3.220341094175e+01 
       1.240873559119e+00       3.203172205291e+01 
       1.243647496759e+00       3.186121290462e+01 
       1.246421434408e+00       3.169227441057e+01 
       1.249195372064e+00       3.152441023768e+01 
       1.251969309729e+00       3.135796236735e+01 
       1.254743247401e+00       3.119238259105e+01 
       1.257517185081e+00       3.102837238104e+01 
       1.260291122769e+00       3.086522988436e+01 
       1.263065060465e+00       3.070338075509e+01 
       1.265838998168e+00       3.054265938598e+01 
       1.268612935879e+00       3.038302380033e+01 
       1.271386873598e+00       3.022468391628e+01 
       1.274160811324e+00       3.006744499565e+01 
       1.276934749057e+00       2.991149852980e+01 
       1.279708686798e+00       2.975658495742e+01 
       1.282482624546e+00       2.960271162157e+01 
       1.285256562302e+00       2.945015908954e+01 
       1.288030500065e+00       2.929845249979e+01 
       1.290804437835e+00       2.914805720139e+01 
       1.293578375613e+00       2.899862986572e+01 
       1.296352313397e+00       2.884979906304e+01 
       1.299126251189e+00       2.870277569006e+01 
       1.635213388522e+00       1.646578610443e+01 
       2.058609476712e+00       9.364617403394e+00 
       2.591635780417e+00       5.286410249086e+00 
       3.262676142081e+00       2.964166954297e+00 
       4.107465905721e+00       1.651847718718e+00 
       5.170993206790e+00       9.152877224378e-01 
       6.509894752243e+00       5.046113930285e-01 
       8.195471931704e+00       2.768405055403e-01 
       1.031748787647e+01       1.512417957610e-01 
       1.298894767356e+01       8.227246694968e-02 
       1.635211629871e+01       4.458479971266e-02 
       2.058609474507e+01       2.407329265797e-02 
