# Matter power spectrum P(k) at redshift z=0
# for k=1.03775e-05 to 8.40488 h/Mpc,
# number of wavenumbers equal to 612
#    1:k (h/Mpc)              2:P (Mpc/h)^3        
       1.037753586731e-05       4.882309718595e+01 
       2.317084389199e-05       1.062689901697e+02 
       3.600852977297e-05       1.628511553367e+02 
       4.892466487517e-05       2.191192107770e+02 
       6.195387649860e-05       2.753938990336e+02 
       7.513165246877e-05       3.319203777532e+02 
       8.849465533977e-05       3.889113720803e+02 
       1.020810503369e-04       4.465649518500e+02 
       1.159308511973e-04       5.050737197476e+02 
       1.300862881004e-04       5.646304369613e+02 
       1.445922018884e-04       6.254319977637e+02 
       1.594964687252e-04       6.876082334881e+02 
       1.748504591816e-04       7.515072282496e+02 
       1.907095353996e-04       8.172941442270e+02 
       2.071335893865e-04       8.852103226244e+02 
       2.241876245035e-04       9.555144063272e+02 
       2.419423806885e-04       1.028484769162e+03 
       2.604750016839e-04       1.104421982271e+03 
       2.798697392814e-04       1.183651293284e+03 
       3.002186850388e-04       1.266525078623e+03 
       3.216225137223e-04       1.353425213350e+03 
       3.441912144981e-04       1.444765209966e+03 
       3.680447752850e-04       1.540992010910e+03 
       3.933137724189e-04       1.642587216475e+03 
       4.201398018510e-04       1.750067458286e+03 
       4.486756699230e-04       1.863983608516e+03 
       4.790852424646e-04       1.984918415860e+03 
       5.115428327527e-04       2.113482068256e+03 
       5.462319953644e-04       2.250305271805e+03 
       5.833435893700e-04       2.396029280736e+03 
       6.230729874019e-04       2.551292558287e+03 
       6.656163443373e-04       2.716713844758e+03 
       7.111659071666e-04       2.892871756431e+03 
       7.599044488025e-04       3.080281439151e+03 
       8.119990386827e-04       3.279369428345e+03 
       8.675945072541e-04       3.490448210112e+03 
       9.268070938714e-04       3.713692737518e+03 
       9.897188545055e-04       3.949121166975e+03 
       1.056373413717e-03       4.196582180164e+03 
       1.126773553971e-03       4.455750679236e+03 
       1.200880947458e-03       4.726132913874e+03 
       1.278618081858e-03       5.007080615164e+03 
       1.359872163689e-03       5.297813345716e+03 
       1.444500558420e-03       5.597446180240e+03 
       1.532337189112e-03       5.905020542411e+03 
       1.623199283010e-03       6.219534858270e+03 
       1.716893917763e-03       6.539973403696e+03 
       1.813223945475e-03       6.865331254633e+03 
       1.911993026160e-03       7.194634735531e+03 
       2.013009649711e-03       7.526957112814e+03 
       2.116090145617e-03       7.861429931579e+03 
       2.221060763528e-03       8.197249582219e+03 
       2.327758955800e-03       8.533681475311e+03 
       2.436034012077e-03       8.870059164652e+03 
       2.545747194051e-03       9.205784033191e+03 
       2.656771504097e-03       9.540322956689e+03 
       2.768991200935e-03       9.873200605670e+03 
       2.882301153343e-03       1.020400053183e+04 
       2.996606102145e-03       1.053235528585e+04 
       3.111819882448e-03       1.085794549840e+04 
       3.227864643160e-03       1.118049151709e+04 
       3.344670088914e-03       1.149975412058e+04 
       3.462172760496e-03       1.181552336466e+04 
       3.580315363164e-03       1.212762236763e+04 
       3.699046147441e-03       1.243589821979e+04 
       3.818318343619e-03       1.274022274532e+04 
       3.938089648986e-03       1.304048741871e+04 
       4.058321765366e-03       1.333660306084e+04 
       4.178979983719e-03       1.362849465107e+04 
       4.300032812148e-03       1.391610483751e+04 
       4.421451643496e-03       1.419938619079e+04 
       4.543210458773e-03       1.447830435756e+04 
       4.665285562809e-03       1.475283538603e+04 
       4.787655348759e-03       1.502292881186e+04 
       4.910300088357e-03       1.528863900187e+04 
       5.033201745074e-03       1.554995423862e+04 
       5.156343807636e-03       1.580680052864e+04 
       5.279711141591e-03       1.605929101741e+04 
       5.403289856894e-03       1.630736048259e+04 
       5.527067189672e-03       1.655107855071e+04 
       5.651031396558e-03       1.679047202227e+04 
       5.775171660174e-03       1.702552874462e+04 
       5.899478004477e-03       1.725627201640e+04 
       6.023941218876e-03       1.748271652380e+04 
       6.148552790116e-03       1.770491088404e+04 
       6.273304841075e-03       1.792291093398e+04 
       6.398190075697e-03       1.813672611383e+04 
       6.523201729393e-03       1.834639632911e+04 
       6.648333524304e-03       1.855195072550e+04 
       6.773579628916e-03       1.875345593738e+04 
       6.898934621535e-03       1.895092135981e+04 
       7.024393457243e-03       1.914438059908e+04 
       7.149951437938e-03       1.933388800850e+04 
       7.275604185160e-03       1.951946928732e+04 
       7.401347615404e-03       1.970120886968e+04 
       7.527177917669e-03       1.987909089370e+04 
       7.653091533021e-03       2.005318660202e+04 
       7.779085135954e-03       2.022353736637e+04 
       7.905155617401e-03       2.039016779950e+04 
       8.031300069197e-03       2.055313678327e+04 
       8.157515769880e-03       2.071246508144e+04 
       8.283800171699e-03       2.086821143275e+04 
       8.410150888697e-03       2.102041585169e+04 
       8.536565685789e-03       2.116910666110e+04 
       8.663042468739e-03       2.131431362225e+04 
       8.789579274937e-03       2.145608702169e+04 
       8.916174264926e-03       2.159449649145e+04 
       9.042825714603e-03       2.172955763476e+04 
       9.169532008023e-03       2.186130184238e+04 
       9.296291630779e-03       2.198977687406e+04 
       9.423103163876e-03       2.211502018326e+04 
       9.549965278086e-03       2.223707230947e+04 
       9.676876728728e-03       2.235595690432e+04 
       9.803836350835e-03       2.247172417583e+04 
       9.930843054686e-03       2.258440294108e+04 
       1.005789582167e-02       2.269403958888e+04 
       1.018499370044e-02       2.280066202511e+04 
       1.031213580338e-02       2.290429787368e+04 
       1.043932130328e-02       2.300500645936e+04 
       1.056654943028e-02       2.310280082430e+04 
       1.069381946905e-02       2.319772459274e+04 
       1.082113075611e-02       2.328980822538e+04 
       1.094848267742e-02       2.337909099503e+04 
       1.107587466605e-02       2.346559870725e+04 
       1.120330620011e-02       2.354938446698e+04 
       1.133077680074e-02       2.363045702495e+04 
       1.145828603027e-02       2.370886069574e+04 
       1.158583349056e-02       2.378463078983e+04 
       1.171341882136e-02       2.385779643770e+04 
       1.184104169885e-02       2.392838724222e+04 
       1.196870183429e-02       2.399643441277e+04 
       1.209639897269e-02       2.406197033908e+04 
       1.222413289166e-02       2.412502271070e+04 
       1.235190340032e-02       2.418562818624e+04 
       1.247971033822e-02       2.424381040934e+04 
       1.260755357441e-02       2.429960713573e+04 
       1.273543300660e-02       2.435303213174e+04 
       1.286334856026e-02       2.440412899844e+04 
       1.299130018793e-02       2.445292149870e+04 
       1.311928786847e-02       2.449944096520e+04 
       1.324731160645e-02       2.454371476606e+04 
       1.337537143153e-02       2.458577101909e+04 
       1.350346739789e-02       2.462564426656e+04 
       1.363159958379e-02       2.466335982016e+04 
       1.375976809101e-02       2.469894387596e+04 
       1.388797304454e-02       2.473241987985e+04 
       1.401621459210e-02       2.476380220692e+04 
       1.414449290385e-02       2.479314608009e+04 
       1.427280817204e-02       2.482045693188e+04 
       1.440116061077e-02       2.484576659390e+04 
       1.452955045569e-02       2.486910547225e+04 
       1.465797796384e-02       2.489049987450e+04 
       1.478644341340e-02       2.490996363176e+04 
       1.491494710358e-02       2.492752295050e+04 
       1.504348935445e-02       2.494322582884e+04 
       1.517207050682e-02       2.495706335401e+04 
       1.530069092219e-02       2.496908453671e+04 
       1.542935098266e-02       2.497931292648e+04 
       1.555805109091e-02       2.498776376797e+04 
       1.568679167014e-02       2.499446211667e+04 
       1.581557316411e-02       2.499943904040e+04 
       1.594439603715e-02       2.500270971770e+04 
       1.607326077421e-02       2.500430643475e+04 
       1.620216788092e-02       2.500424538570e+04 
       1.633111788364e-02       2.500255330694e+04 
       1.646011132963e-02       2.499925470317e+04 
       1.658914878708e-02       2.499437224177e+04 
       1.671823084532e-02       2.498791980391e+04 
       1.684735811496e-02       2.497993950646e+04 
       1.697653122801e-02       2.497042933337e+04 
       1.710575083814e-02       2.495942734568e+04 
       1.723501762082e-02       2.494695246410e+04 
       1.736433227362e-02       2.493301590172e+04 
       1.749369551637e-02       2.491765815799e+04 
       1.762310809145e-02       2.490089499067e+04 
       1.775257076409e-02       2.488271230594e+04 
       1.788208432261e-02       2.486321872803e+04 
       1.801164957875e-02       2.484235195129e+04 
       1.814126736801e-02       2.482015501802e+04 
       1.827093854994e-02       2.479666671644e+04 
       1.840066400855e-02       2.477187777833e+04 
       1.853044465265e-02       2.474584265623e+04 
       1.866028141625e-02       2.471854661533e+04 
       1.879017525896e-02       2.469003889767e+04 
       1.892012716642e-02       2.466033688358e+04 
       1.905013815075e-02       2.462942612480e+04 
       1.918020925098e-02       2.459736341819e+04 
       1.931034153355e-02       2.456415763392e+04 
       1.944053609281e-02       2.452982811012e+04 
       1.957079405152e-02       2.449440033188e+04 
       1.970111656137e-02       2.445788005661e+04 
       1.983150480357e-02       2.442028551571e+04 
       1.996195998938e-02       2.438167429675e+04 
       2.009248336072e-02       2.434200489351e+04 
       2.022307619079e-02       2.430130914976e+04 
       2.035373978468e-02       2.425964612335e+04 
       2.048447548003e-02       2.421699295908e+04 
       2.061528464772e-02       2.417339308420e+04 
       2.074616869253e-02       2.412883983482e+04 
       2.087712905390e-02       2.408336712083e+04 
       2.100816720665e-02       2.403699453675e+04 
       2.113928466175e-02       2.398974346762e+04 
       2.127048296710e-02       2.394163143406e+04 
       2.140176370838e-02       2.389262339765e+04 
       2.153312850985e-02       2.384279462650e+04 
       2.166457903523e-02       2.379216036199e+04 
       2.179611698861e-02       2.374070104558e+04 
       2.192774411538e-02       2.368845611301e+04 
       2.205946220314e-02       2.363541369119e+04 
       2.219127308273e-02       2.358169454740e+04 
       2.232317862922e-02       2.352716212699e+04 
       2.245518076294e-02       2.347193006566e+04 
       2.258728145060e-02       2.341598772002e+04 
       2.271948270637e-02       2.335934047957e+04 
       2.285178659302e-02       2.330203314717e+04 
       2.298419522313e-02       2.324407552045e+04 
       2.311671076028e-02       2.318542647099e+04 
       2.324933542034e-02       2.312616091338e+04 
       2.338207147273e-02       2.306624262974e+04 
       2.351492124179e-02       2.300575377802e+04 
       2.364788710815e-02       2.294470855337e+04 
       2.378097151015e-02       2.288298126629e+04 
       2.391417694530e-02       2.282082164990e+04 
       2.404750597184e-02       2.275806916336e+04 
       2.418096121025e-02       2.269476392863e+04 
       2.431454534491e-02       2.263096908363e+04 
       2.444826112575e-02       2.256660039204e+04 
       2.458211136999e-02       2.250175413873e+04 
       2.471609896389e-02       2.243648630033e+04 
       2.485022686461e-02       2.237069235143e+04 
       2.498449810213e-02       2.230446101061e+04 
       2.511891578116e-02       2.223777346288e+04 
       2.525348308322e-02       2.217061967206e+04 
       2.538820326870e-02       2.210310472540e+04 
       2.552307967905e-02       2.203519438404e+04 
       2.565811573900e-02       2.196682748538e+04 
       2.579331495892e-02       2.189812833425e+04 
       2.592868093716e-02       2.182899590167e+04 
       2.606421736255e-02       2.175956884366e+04 
       2.619992801699e-02       2.168969524483e+04 
       2.633581677808e-02       2.161958659891e+04 
       2.647188762187e-02       2.154911152683e+04 
       2.660814462573e-02       2.147832402283e+04 
       2.674459197124e-02       2.140721411864e+04 
       2.688123394733e-02       2.133576938177e+04 
       2.701807495336e-02       2.126409876152e+04 
       2.715511950246e-02       2.119215431640e+04 
       2.729237222486e-02       2.111987909965e+04 
       2.742983787152e-02       2.104742438422e+04 
       2.756752131765e-02       2.097465211474e+04 
       2.770542756664e-02       2.090172703690e+04 
       2.784356175388e-02       2.082851010513e+04 
       2.798192915090e-02       2.075506702435e+04 
       2.812053516960e-02       2.068146920103e+04 
       2.825938536667e-02       2.060760678816e+04 
       2.839848544813e-02       2.053364700818e+04 
       2.853784127408e-02       2.045937938024e+04 
       2.867745886370e-02       2.038503548285e+04 
       2.881734440030e-02       2.031049629724e+04 
       2.895750423673e-02       2.023581030274e+04 
       2.909794490090e-02       2.016094064101e+04 
       2.923867310159e-02       2.008595971786e+04 
       2.937969573444e-02       2.001084333952e+04 
       2.952101988823e-02       1.993554086242e+04 
       2.966265285143e-02       1.986019699868e+04 
       2.980460211896e-02       1.978471035136e+04 
       2.994687539935e-02       1.970913409453e+04 
       3.008948062206e-02       1.963345288473e+04 
       3.023242594525e-02       1.955768700174e+04 
       3.037571976380e-02       1.948186603306e+04 
       3.051937071775e-02       1.940589424537e+04 
       3.066338770103e-02       1.932990360910e+04 
       3.080777987064e-02       1.925383913444e+04 
       3.095255665627e-02       1.917772823147e+04 
       3.109772777027e-02       1.910158221943e+04 
       3.124330321812e-02       1.902536288509e+04 
       3.138929330946e-02       1.894912287413e+04 
       3.153570866946e-02       1.887283589223e+04 
       3.168256025093e-02       1.879650528622e+04 
       3.182985934684e-02       1.872016243145e+04 
       3.197761760356e-02       1.864384206438e+04 
       3.212584703463e-02       1.856746724949e+04 
       3.227456003534e-02       1.849114752087e+04 
       3.242376939791e-02       1.841473174539e+04 
       3.257348832749e-02       1.833840945421e+04 
       3.272373045899e-02       1.826203049730e+04 
       3.287450987465e-02       1.818566874550e+04 
       3.302584112270e-02       1.810934120131e+04 
       3.317773923683e-02       1.803306970843e+04 
       3.333021975676e-02       1.795677707426e+04 
       3.348329874987e-02       1.788046657453e+04 
       3.363699283405e-02       1.780424696364e+04 
       3.379131920172e-02       1.772809847829e+04 
       3.394629564520e-02       1.765197591908e+04 
       3.410194058352e-02       1.757581305941e+04 
       3.425827309062e-02       1.749977392922e+04 
       3.441531292533e-02       1.742372903554e+04 
       3.457308056288e-02       1.734775857880e+04 
       3.473159722837e-02       1.727187224586e+04 
       3.489088493217e-02       1.719597971733e+04 
       3.505096650737e-02       1.712013941419e+04 
       3.521186564953e-02       1.704441497965e+04 
       3.537360695885e-02       1.696875217085e+04 
       3.553621598491e-02       1.689306733568e+04 
       3.569971927417e-02       1.681754561396e+04 
       3.586414442053e-02       1.674201466074e+04 
       3.602952011906e-02       1.666656170828e+04 
       3.619587622319e-02       1.659119819521e+04 
       3.636324380571e-02       1.651589060384e+04 
       3.653165522373e-02       1.644059004992e+04 
       3.670114418802e-02       1.636544192188e+04 
       3.687174583710e-02       1.629029698003e+04 
       3.704349681641e-02       1.621526820866e+04 
       3.721643536296e-02       1.614029253343e+04 
       3.739060139604e-02       1.606536553344e+04 
       3.756603661440e-02       1.599046775557e+04 
       3.774278460051e-02       1.591567502028e+04 
       3.792089093245e-02       1.584090694859e+04 
       3.810040330429e-02       1.576617542693e+04 
       3.828137165548e-02       1.569156021031e+04 
       3.846384831029e-02       1.561693838069e+04 
       3.864788812809e-02       1.554239109818e+04 
       3.883354866560e-02       1.546788324726e+04 
       3.902089035218e-02       1.539339053392e+04 
       3.920997667948e-02       1.531901830306e+04 
       3.940087440681e-02       1.524462435607e+04 
       3.959365378390e-02       1.517023760078e+04 
       3.978838879273e-02       1.509592370174e+04 
       3.998515741050e-02       1.502159772244e+04 
       4.018404189582e-02       1.494727854126e+04 
       4.038512910084e-02       1.487301077340e+04 
       4.058851081189e-02       1.479871573104e+04 
       4.079428412199e-02       1.472441001628e+04 
       4.100255183872e-02       1.465010597979e+04 
       4.121342293152e-02       1.457577697299e+04 
       4.142701302308e-02       1.450147222153e+04 
       4.164344493002e-02       1.442710790951e+04 
       4.186284925880e-02       1.435264863181e+04 
       4.208536506383e-02       1.427820614432e+04 
       4.231114057541e-02       1.420366259891e+04 
       4.254033400664e-02       1.412904610649e+04 
       4.277311444947e-02       1.405437187284e+04 
       4.300966287206e-02       1.397963449864e+04 
       4.325017323089e-02       1.390471758341e+04 
       4.349485371395e-02       1.382968675358e+04 
       4.374392813341e-02       1.375453756818e+04 
       4.399763748962e-02       1.367922813506e+04 
       4.425624173174e-02       1.360380522015e+04 
       4.452002174492e-02       1.352814423749e+04 
       4.478928159928e-02       1.345225980901e+04 
       4.506435110203e-02       1.337613964843e+04 
       4.534558870225e-02       1.329979061966e+04 
       4.563338480690e-02       1.322314111234e+04 
       4.592816557817e-02       1.314621752128e+04 
       4.623039729638e-02       1.306894861005e+04 
       4.654059138959e-02       1.299128577508e+04 
       4.685931025230e-02       1.291320308614e+04 
       4.718717400210e-02       1.283473580930e+04 
       4.752486835523e-02       1.275578763884e+04 
       4.787315384305e-02       1.267619896042e+04 
       4.823287664224e-02       1.259610034134e+04 
       4.860498135565e-02       1.251531750501e+04 
       4.899052616195e-02       1.243381932985e+04 
       4.939070085453e-02       1.235151346054e+04 
       4.980684842114e-02       1.226836999910e+04 
       5.024049098157e-02       1.218425315888e+04 
       5.069336111285e-02       1.209905157387e+04 
       5.116743986143e-02       1.201265244074e+04 
       5.166500308450e-02       1.192488090910e+04 
       5.218867819454e-02       1.183563021464e+04 
       5.274151391842e-02       1.174463928162e+04 
       5.332706633343e-02       1.165168512486e+04 
       5.394950519984e-02       1.155642127577e+04 
       5.461374541545e-02       1.145855467756e+04 
       5.532560911936e-02       1.135757596750e+04 
       5.609202420756e-02       1.125287953742e+04 
       5.692126402615e-02       1.114375850363e+04 
       5.782322923913e-02       1.102921784656e+04 
       5.880976339505e-02       1.090798450521e+04 
       5.989497330054e-02       1.077837382851e+04 
       6.109548546288e-02       1.063805180893e+04 
       6.243049930967e-02       1.048399521409e+04 
       6.392138877240e-02       1.031210850288e+04 
       6.559047336263e-02       1.011725643309e+04 
       6.745851893949e-02       9.893038008225e+03 
       6.954075788555e-02       9.632530370997e+03 
       7.184202224558e-02       9.329513553103e+03 
       7.435287385712e-02       8.980601928103e+03 
       7.704930980327e-02       8.587575765014e+03 
       7.989719965710e-02       8.158750500549e+03 
       8.285953673038e-02       7.708276229075e+03 
       8.590288805322e-02       7.253800174593e+03 
       8.900076101152e-02       6.813303479000e+03 
       9.213402023056e-02       6.402436639706e+03 
       9.528968971968e-02       6.032760229934e+03 
       9.845932794857e-02       5.711124947858e+03 
       1.016375871127e-01       5.439668589958e+03 
       1.048211351953e-01       5.216520797207e+03 
       1.080079173338e-01       5.036545615215e+03 
       1.111966741660e-01       4.892299749949e+03 
       1.143866367212e-01       4.774918730634e+03 
       1.175773364460e-01       4.674953902929e+03 
       1.207684881326e-01       4.583168973618e+03 
       1.239599182206e-01       4.491354562353e+03 
       1.271515210505e-01       4.392999755508e+03 
       1.303432322309e-01       4.283768192357e+03 
       1.335350124476e-01       4.161787635075e+03 
       1.367268376261e-01       4.027564944544e+03 
       1.399186929585e-01       3.883634361413e+03 
       1.431105692756e-01       3.733981013989e+03 
       1.463024608452e-01       3.583349746920e+03 
       1.494943640333e-01       3.436573928733e+03 
       1.526862764919e-01       3.297988237996e+03 
       1.558781966641e-01       3.171018590567e+03 
       1.590701234833e-01       3.057945710081e+03 
       1.622620561896e-01       2.959814279991e+03 
       1.654539942175e-01       2.876509924416e+03 
       1.686459371274e-01       2.806894167757e+03 
       1.718378845626e-01       2.749021963162e+03 
       1.750298362235e-01       2.700393216624e+03 
       1.782217918506e-01       2.658206130055e+03 
       1.814137512144e-01       2.619658854685e+03 
       1.846057141080e-01       2.582613367119e+03 
       1.877976803433e-01       2.544162976711e+03 
       1.909896497470e-01       2.502579915357e+03 
       1.941816221592e-01       2.456834045237e+03 
       1.973735974311e-01       2.406691429632e+03 
       2.005655754243e-01       2.352609416597e+03 
       2.037575560093e-01       2.295646553846e+03 
       2.069495390649e-01       2.237203153245e+03 
       2.101415244775e-01       2.178819271240e+03 
       2.133335121403e-01       2.121959362538e+03 
       2.165255019531e-01       2.067878595234e+03 
       2.197174938213e-01       2.017535618521e+03 
       2.229094876561e-01       1.971560987075e+03 
       2.261014833736e-01       1.930263301956e+03 
       2.292934808946e-01       1.893626614824e+03 
       2.324854801443e-01       1.861351908719e+03 
       2.356774810519e-01       1.832889199046e+03 
       2.388694835506e-01       1.807490170040e+03 
       2.420614875770e-01       1.784298595626e+03 
       2.452534930711e-01       1.762416519498e+03 
       2.484454999759e-01       1.741021414279e+03 
       2.516375082374e-01       1.719415977883e+03 
       2.548295178044e-01       1.697090448891e+03 
       2.580215286280e-01       1.673745950889e+03 
       2.612135406619e-01       1.649270222526e+03 
       2.644055538621e-01       1.623751006186e+03 
       2.675975681866e-01       1.597427165917e+03 
       2.707895835952e-01       1.570657553288e+03 
       2.739816000501e-01       1.543875769037e+03 
       2.771736175147e-01       1.517536835367e+03 
       2.803656359544e-01       1.492079832272e+03 
       2.835576553361e-01       1.467862656051e+03 
       2.867496756282e-01       1.445131610026e+03 
       2.899416968004e-01       1.424010634384e+03 
       2.931337188238e-01       1.404505000270e+03 
       2.963257416708e-01       1.386509211473e+03 
       2.995177653149e-01       1.369850809806e+03 
       3.027097897307e-01       1.354298435183e+03 
       3.059018148940e-01       1.339601452694e+03 
       3.090938407815e-01       1.325504558972e+03 
       3.122858673709e-01       1.311761642848e+03 
       3.154778946407e-01       1.298146918967e+03 
       3.186699225704e-01       1.284489129639e+03 
       3.218619511403e-01       1.270666404567e+03 
       3.250539803314e-01       1.256623816373e+03 
       3.282460101255e-01       1.242374650898e+03 
       3.314380405052e-01       1.227983338508e+03 
       3.346300714535e-01       1.213553296329e+03 
       3.378221029543e-01       1.199210751772e+03 
       3.410141349920e-01       1.185077881887e+03 
       3.442061675515e-01       1.171271453995e+03 
       3.473982006185e-01       1.157885804090e+03 
       3.505902341791e-01       1.145000047678e+03 
       3.537822682197e-01       1.132662579873e+03 
       3.569743027274e-01       1.120899426039e+03 
       3.601663376899e-01       1.109699055485e+03 
       3.633583730950e-01       1.099019966786e+03 
       3.665504089311e-01       1.088802005425e+03 
       3.697424451870e-01       1.078962195134e+03 
       3.729344818520e-01       1.069412652341e+03 
       3.761265189154e-01       1.060071963586e+03 
       3.793185563673e-01       1.050874903344e+03 
       3.825105941979e-01       1.041770863068e+03 
       3.857026323977e-01       1.032723475470e+03 
       3.888946709576e-01       1.023713975372e+03 
       3.920867098688e-01       1.014738835911e+03 
       3.952787491227e-01       1.005799894068e+03 
       3.984707887111e-01       9.969189407106e+02 
       4.016628286259e-01       9.881166247032e+02 
       4.048548688594e-01       9.794285237407e+02 
       4.080469094041e-01       9.708888764030e+02 
       4.112389502527e-01       9.625280038223e+02 
       4.144309913982e-01       9.543676934651e+02 
       4.176230328337e-01       9.464226214001e+02 
       4.208150745526e-01       9.386954605893e+02 
       4.240071165485e-01       9.311809104189e+02 
       4.271991588152e-01       9.238714619693e+02 
       4.303912013465e-01       9.167574863145e+02 
       4.335832441367e-01       9.098244458596e+02 
       4.367752871801e-01       9.030565157126e+02 
       4.399673304711e-01       8.964298352474e+02 
       4.431593740043e-01       8.899280125321e+02 
       4.463514177745e-01       8.835247297848e+02 
       4.495434617767e-01       8.772059699950e+02 
       4.527355060059e-01       8.709544742886e+02 
       4.559275504574e-01       8.647663329321e+02 
       4.591195951265e-01       8.586380835522e+02 
       4.623116400086e-01       8.525717157644e+02 
       4.655036850994e-01       8.465703641313e+02 
       4.686957303947e-01       8.406411256007e+02 
       4.718877758901e-01       8.347880824791e+02 
       4.750798215818e-01       8.290179213870e+02 
       4.782718674657e-01       8.233385205909e+02 
       4.814639135380e-01       8.177567293692e+02 
       4.846559597950e-01       8.122805226925e+02 
       4.878480062331e-01       8.069135163542e+02 
       4.910400528486e-01       8.016532615320e+02 
       4.942320996382e-01       7.964980610036e+02 
       4.974241465984e-01       7.914404562465e+02 
       5.006161937261e-01       7.864714469421e+02 
       5.038082410180e-01       7.815818726827e+02 
       5.070002884710e-01       7.767669258269e+02 
       5.101923360821e-01       7.720202983515e+02 
       5.133843838483e-01       7.673360425993e+02 
       5.165764317667e-01       7.627088489915e+02 
       5.197684798346e-01       7.581354061988e+02 
       5.229605280491e-01       7.536121308465e+02 
       5.261525764076e-01       7.491366608976e+02 
       5.293446249075e-01       7.447094730411e+02 
       5.325366735462e-01       7.403329600623e+02 
       5.357287223213e-01       7.360105956452e+02 
       5.389207712303e-01       7.317438140805e+02 
       5.421128202708e-01       7.275357621148e+02 
       5.453048694406e-01       7.233856761318e+02 
       5.484969187373e-01       7.192927580357e+02 
       5.516889681588e-01       7.152555043859e+02 
       5.548810177028e-01       7.112750932220e+02 
       5.580730673674e-01       7.073486192870e+02 
       5.612651171504e-01       7.034771161111e+02 
       5.644571670498e-01       6.996595411795e+02 
       5.676492170636e-01       6.958931336879e+02 
       5.708412671899e-01       6.921750754724e+02 
       5.740333174269e-01       6.885025684271e+02 
       5.772253677726e-01       6.848725472687e+02 
       5.804174182254e-01       6.812834713788e+02 
       5.836094687834e-01       6.777339907699e+02 
       5.868015194448e-01       6.742237405667e+02 
       5.899935702082e-01       6.707523608798e+02 
       5.931856210716e-01       6.673193221612e+02 
       5.963776720337e-01       6.639228538207e+02 
       5.995697230927e-01       6.605628849499e+02 
       6.027617742472e-01       6.572370357726e+02 
       6.059538254956e-01       6.539462204111e+02 
       6.091458768364e-01       6.506919010437e+02 
       6.123379282683e-01       6.474736743596e+02 
       6.155299797897e-01       6.442930386631e+02 
       6.187220313993e-01       6.411483305988e+02 
       6.219140830958e-01       6.380398480321e+02 
       6.251061348777e-01       6.349650859143e+02 
       6.282981867438e-01       6.319241884205e+02 
       6.314902386928e-01       6.289149091617e+02 
       6.346822907235e-01       6.259386075232e+02 
       6.378743428346e-01       6.229934127550e+02 
       6.410663950249e-01       6.200791762189e+02 
       6.442584472933e-01       6.171954893962e+02 
       6.474504996385e-01       6.143401466601e+02 
       6.506425520595e-01       6.115127154959e+02 
       6.538346045552e-01       6.087118288833e+02 
       6.570266571243e-01       6.059369465614e+02 
       6.602187097660e-01       6.031886727122e+02 
       6.634107624791e-01       6.004666154398e+02 
       6.666028152625e-01       5.977714764333e+02 
       6.697948681154e-01       5.951015998351e+02 
       6.729869210367e-01       5.924573501948e+02 
       6.761789740254e-01       5.898378078853e+02 
       6.793710270805e-01       5.872424312949e+02 
       6.825630802013e-01       5.846706627326e+02 
       6.857551333866e-01       5.821228826153e+02 
       6.889471866357e-01       5.795993530109e+02 
       6.921392399476e-01       5.771000214690e+02 
       6.953312933214e-01       5.746234188449e+02 
       6.985233467564e-01       5.721699482982e+02 
       7.017154002517e-01       5.697380717496e+02 
       7.049074538065e-01       5.673273278346e+02 
       7.080995074199e-01       5.649377211685e+02 
       7.112915610911e-01       5.625686116465e+02 
       7.144836148195e-01       5.602207346230e+02 
       7.176756686042e-01       5.578925708859e+02 
       7.208677224445e-01       5.555853506550e+02 
       7.240597763396e-01       5.532967851125e+02 
       7.272518302888e-01       5.510275172844e+02 
       7.304438842914e-01       5.487771112912e+02 
       7.336359383467e-01       5.465442412459e+02 
       7.368279924541e-01       5.443304937358e+02 
       7.400200466128e-01       5.421344513148e+02 
       7.432121008222e-01       5.399572611192e+02 
       7.464041550816e-01       5.377974852841e+02 
       7.495962093904e-01       5.356557684781e+02 
       8.192221488201e-01       4.928115137397e+02 
       9.200575625182e-01       4.412169070092e+02 
       1.080439764736e+00       3.764789146303e+02 
       1.333792774451e+00       3.010997563511e+02 
       1.677021741586e+00       2.297727084918e+02 
       2.111209522821e+00       1.690238457470e+02 
       2.657855202212e+00       1.197592665859e+02 
       3.346041454883e+00       8.192090060702e+01 
       4.212416616468e+00       5.435615635987e+01 
       5.303118323536e+00       3.516856989607e+01 
       6.676230419251e+00       2.229895789302e+01 
       8.404876129788e+00       1.391704323468e+01 
