# Matter power spectrum P(k) at redshift z=0
# for k=9.60881e-06 to 21.9587 h/Mpc,
# number of wavenumbers equal to 853
#    1:k (h/Mpc)              2:P (Mpc/h)^3        
       9.608806565107e-06       6.158145940145e+01 
       2.145156745703e-05       1.335748772969e+02 
       3.332954735221e-05       2.042784078540e+02 
       4.526975115419e-05       2.744219054897e+02 
       5.729956186539e-05       3.444088695973e+02 
       6.944694710181e-05       4.145339656109e+02 
       8.174067122832e-05       4.850436810094e+02 
       9.421051552855e-05       5.561608301600e+02 
       1.068875088434e-04       6.280968616316e+02 
       1.198041711362e-04       7.010590731587e+02 
       1.329947724596e-04       7.752554066815e+02 
       1.464956097987e-04       8.508980044302e+02 
       1.603453042204e-04       9.282060947093e+02 
       1.745851206528e-04       1.007408514820e+03 
       1.892593124115e-04       1.088746037167e+03 
       2.044154922346e-04       1.172473600166e+03 
       2.201050310352e-04       1.258862514712e+03 
       2.363834847410e-04       1.348202659253e+03 
       2.533110483824e-04       1.440804691460e+03 
       2.709530348823e-04       1.537002258381e+03 
       2.893803736693e-04       1.637154179747e+03 
       3.086701210935e-04       1.741646561415e+03 
       3.289059705157e-04       1.850894746802e+03 
       3.501787446709e-04       1.965345025406e+03 
       3.725868463269e-04       2.085475936612e+03 
       3.962366352877e-04       2.211798998241e+03 
       4.212426904911e-04       2.344858622833e+03 
       4.477279056125e-04       2.485230949693e+03 
       4.758233558858e-04       2.633521272528e+03 
       5.056678639574e-04       2.790359685768e+03 
       5.374071853343e-04       2.956394596247e+03 
       5.711927319294e-04       3.132283708424e+03 
       6.071797585811e-04       3.318682213261e+03 
       6.455249558241e-04       3.516227986219e+03 
       6.863834258880e-04       3.725523855221e+03 
       7.299050697801e-04       3.947117267848e+03 
       7.762304804195e-04       4.181478047731e+03 
       8.254865149471e-04       4.428975374891e+03 
       8.777817983007e-04       4.689855465598e+03 
       9.332024751379e-04       4.964221744167e+03 
       9.918085613878e-04       5.252019411982e+03 
       1.053631235555e-03       5.553026187725e+03 
       1.118671346315e-03       5.866850509113e+03 
       1.186899301353e-03       6.192937669597e+03 
       1.258256359613e-03       6.530583912213e+03 
       1.332657200755e-03       6.878956942091e+03 
       1.340840250952e-03       6.917044996075e+03 
       1.409993519211e-03       7.237121284776e+03 
       1.490138307530e-03       7.604065908363e+03 
       1.572950464739e-03       7.978732806798e+03 
       1.658279387686e-03       8.360043550122e+03 
       1.745969263858e-03       8.746923663448e+03 
       1.835862865565e-03       9.138322905581e+03 
       1.927804730282e-03       9.533231954032e+03 
       2.021643687598e-03       9.930694732062e+03 
       2.117234751992e-03       1.032981717531e+04 
       2.214440440455e-03       1.072977148090e+04 
       2.313131596169e-03       1.112979889093e+04 
       2.413187807521e-03       1.152920857287e+04 
       2.514497509855e-03       1.192737677280e+04 
       2.616957849248e-03       1.232374265578e+04 
       2.720474376409e-03       1.271780630739e+04 
       2.824960626633e-03       1.310912255494e+04 
       2.930337630105e-03       1.349729810096e+04 
       3.036533386399e-03       1.388198538529e+04 
       3.143482328220e-03       1.426288180603e+04 
       3.251124792182e-03       1.463972067076e+04 
       3.359406508800e-03       1.501227325245e+04 
       3.468278119440e-03       1.538033921095e+04 
       3.577694724771e-03       1.574374970075e+04 
       3.687615466840e-03       1.610235935659e+04 
       3.798003145249e-03       1.645604525977e+04 
       3.908823866730e-03       1.680470665335e+04 
       4.020046726690e-03       1.714826039466e+04 
       4.131643520835e-03       1.748663851846e+04 
       4.243588484725e-03       1.781978658407e+04 
       4.355858059030e-03       1.814766698078e+04 
       4.468430678260e-03       1.847024675561e+04 
       4.581286580801e-03       1.878750743701e+04 
       4.694407638220e-03       1.909944132756e+04 
       4.807777201933e-03       1.940604192899e+04 
       4.921379965466e-03       1.970731253964e+04 
       5.035201840715e-03       2.000326338843e+04 
       5.149229846737e-03       2.029391085547e+04 
       5.263452009761e-03       2.057927955254e+04 
       5.377857273226e-03       2.085938758849e+04 
       5.492435416790e-03       2.113426550518e+04 
       5.607176983354e-03       2.140394651595e+04 
       5.722073213252e-03       2.166845460500e+04 
       5.837115984859e-03       2.192785042831e+04 
       5.952297760926e-03       2.218215366255e+04 
       6.067611540054e-03       2.243140671008e+04 
       6.183050812766e-03       2.267566195792e+04 
       6.298609521706e-03       2.291495624386e+04 
       6.414282025528e-03       2.314933420313e+04 
       6.530063066118e-03       2.337884989840e+04 
       6.645947738794e-03       2.360353843328e+04 
       6.761931465189e-03       2.382345320017e+04 
       6.878009968562e-03       2.403864150247e+04 
       6.994179251274e-03       2.424915895367e+04 
       7.110435574241e-03       2.445504326288e+04 
       7.226775438162e-03       2.465634742841e+04 
       7.343195566339e-03       2.485313071040e+04 
       7.459692888970e-03       2.504542535083e+04 
       7.576264528736e-03       2.523329611061e+04 
       7.692907787600e-03       2.541679103115e+04 
       7.809620134675e-03       2.559594896224e+04 
       7.926399195086e-03       2.577081327735e+04 
       8.043242739716e-03       2.594145413132e+04 
       8.160148675780e-03       2.610791944658e+04 
       8.277115038132e-03       2.627024640797e+04 
       8.394139981253e-03       2.642848273771e+04 
       8.511221771859e-03       2.658268121673e+04 
       8.628358782070e-03       2.673288768243e+04 
       8.745549483106e-03       2.687914837727e+04 
       8.862792439445e-03       2.702151672340e+04 
       8.980086303427e-03       2.716002669675e+04 
       9.097429810247e-03       2.729473314328e+04 
       9.214821773323e-03       2.742568079066e+04 
       9.332261079998e-03       2.755291364549e+04 
       9.449746687547e-03       2.767648215572e+04 
       9.567277619478e-03       2.779642526531e+04 
       9.684852962090e-03       2.791278693435e+04 
       9.802471861276e-03       2.802561550143e+04 
       9.920133519552e-03       2.813495089284e+04 
       1.003783719329e-02       2.824083572126e+04 
       1.015558219016e-02       2.834331454750e+04 
       1.027336786669e-02       2.844243311740e+04 
       1.039119362611e-02       2.853821791726e+04 
       1.050905891620e-02       2.863072500689e+04 
       1.062696322741e-02       2.871998874686e+04 
       1.074490609101e-02       2.880605999412e+04 
       1.086288707745e-02       2.888895814977e+04 
       1.098090579479e-02       2.896874441025e+04 
       1.109896188722e-02       2.904544310782e+04 
       1.121705503369e-02       2.911909233819e+04 
       1.133518494670e-02       2.918974339548e+04 
       1.145335137105e-02       2.925743756626e+04 
       1.157155408280e-02       2.932220549343e+04 
       1.168979288821e-02       2.938407658246e+04 
       1.180806762280e-02       2.944309754738e+04 
       1.192637815048e-02       2.949929940537e+04 
       1.204472436269e-02       2.955272308027e+04 
       1.216310617768e-02       2.960340704641e+04 
       1.228152353978e-02       2.965136963200e+04 
       1.239997641876e-02       2.969666423263e+04 
       1.251846480920e-02       2.973932216561e+04 
       1.263698872995e-02       2.977936915217e+04 
       1.275554822362e-02       2.981683968321e+04 
       1.287414335609e-02       2.985179243203e+04 
       1.299277421609e-02       2.988423142657e+04 
       1.311144091480e-02       2.991420019165e+04 
       1.323014358550e-02       2.994173857013e+04 
       1.334888238321e-02       2.996687033504e+04 
       1.340840250952e-02       2.997857474859e+04 
       1.346765748445e-02       2.998963109202e+04 
       1.358646908692e-02       3.001005899808e+04 
       1.370531740931e-02       3.002816867928e+04 
       1.382420269108e-02       3.004401735363e+04 
       1.394312519227e-02       3.005760930364e+04 
       1.406208519336e-02       3.006899569442e+04 
       1.418108299514e-02       3.007820196272e+04 
       1.430011891861e-02       3.008524360523e+04 
       1.441919330488e-02       3.009017840909e+04 
       1.453830651516e-02       3.009301205264e+04 
       1.465745893064e-02       3.009379452586e+04 
       1.477665095257e-02       3.009254028033e+04 
       1.489588300219e-02       3.008927078050e+04 
       1.501515552078e-02       3.008403343102e+04 
       1.513446896973e-02       3.007686267402e+04 
       1.525382383055e-02       3.006776205460e+04 
       1.537322060500e-02       3.005677301995e+04 
       1.549265981514e-02       3.004391685447e+04 
       1.561214200349e-02       3.002923281603e+04 
       1.573166773313e-02       3.001276046873e+04 
       1.585123758789e-02       2.999449426346e+04 
       1.597085217246e-02       2.997445928781e+04 
       1.609051211262e-02       2.995272541705e+04 
       1.621021805544e-02       2.992928536024e+04 
       1.632997066945e-02       2.990416881645e+04 
       1.644977064494e-02       2.987742380124e+04 
       1.656961869415e-02       2.984903195354e+04 
       1.668951555156e-02       2.981906455518e+04 
       1.680946197418e-02       2.978751969893e+04 
       1.692945874185e-02       2.975443704599e+04 
       1.704950665752e-02       2.971980459012e+04 
       1.716960654760e-02       2.968371062479e+04 
       1.728975926234e-02       2.964615543080e+04 
       1.740996567612e-02       2.960711182369e+04 
       1.753022668790e-02       2.956666888406e+04 
       1.765054322158e-02       2.952484712298e+04 
       1.777091622640e-02       2.948167649644e+04 
       1.789134667742e-02       2.943708963511e+04 
       1.801183557591e-02       2.939120586852e+04 
       1.813238394985e-02       2.934402448622e+04 
       1.825299285442e-02       2.929555459225e+04 
       1.837366337244e-02       2.924583416436e+04 
       1.849439661498e-02       2.919486897271e+04 
       1.861519372184e-02       2.914270211625e+04 
       1.873605586209e-02       2.908936020229e+04 
       1.885698423471e-02       2.903482593825e+04 
       1.897798006914e-02       2.897911882303e+04 
       1.909904462590e-02       2.892229186068e+04 
       1.922017919724e-02       2.886442004196e+04 
       1.934138510781e-02       2.880543034168e+04 
       1.946266371531e-02       2.874535941804e+04 
       1.958401641121e-02       2.868431995110e+04 
       1.970544462148e-02       2.862215772957e+04 
       1.982694980735e-02       2.855900475455e+04 
       1.994853346605e-02       2.849494755557e+04 
       2.007019713163e-02       2.842996480582e+04 
       2.019194237580e-02       2.836391580042e+04 
       2.031377080876e-02       2.829700447337e+04 
       2.043568408007e-02       2.822913334841e+04 
       2.055768387959e-02       2.816046337193e+04 
       2.067977193838e-02       2.809092874324e+04 
       2.080195002968e-02       2.802053620352e+04 
       2.092421996990e-02       2.794930684333e+04 
       2.104658361966e-02       2.787722505312e+04 
       2.116904288482e-02       2.780445009432e+04 
       2.129159971762e-02       2.773085624900e+04 
       2.141425611774e-02       2.765649285095e+04 
       2.153701413353e-02       2.758145313972e+04 
       2.165987586316e-02       2.750566956806e+04 
       2.178284345590e-02       2.742911836010e+04 
       2.190591911335e-02       2.735197491662e+04 
       2.202910509081e-02       2.727413984097e+04 
       2.215240369858e-02       2.719563528418e+04 
       2.227581730343e-02       2.711651289796e+04 
       2.239934833002e-02       2.703677217048e+04 
       2.252299926238e-02       2.695642168937e+04 
       2.264677264547e-02       2.687548715855e+04 
       2.277067108681e-02       2.679404019288e+04 
       2.289469725807e-02       2.671198625692e+04 
       2.301885389681e-02       2.662942119290e+04 
       2.314314380825e-02       2.654630780439e+04 
       2.326756986705e-02       2.646266445492e+04 
       2.339213501923e-02       2.637859286217e+04 
       2.351684228407e-02       2.629406611218e+04 
       2.364169475618e-02       2.620899840953e+04 
       2.376669560751e-02       2.612352052844e+04 
       2.389184808955e-02       2.603763105191e+04 
       2.401715553552e-02       2.595128978545e+04 
       2.414262136268e-02       2.586443418895e+04 
       2.426824907472e-02       2.577738674452e+04 
       2.439404226421e-02       2.568977567494e+04 
       2.452000461516e-02       2.560203431576e+04 
       2.464613990562e-02       2.551373976422e+04 
       2.477245201050e-02       2.542516816324e+04 
       2.489894490429e-02       2.533632237128e+04 
       2.502562266411e-02       2.524711341661e+04 
       2.515248947266e-02       2.515758559448e+04 
       2.527954962141e-02       2.506783609270e+04 
       2.540680751389e-02       2.497771075238e+04 
       2.553426766904e-02       2.488739975938e+04 
       2.566193472477e-02       2.479681288640e+04 
       2.578981344156e-02       2.470601534575e+04 
       2.591790870631e-02       2.461487110450e+04 
       2.604622553622e-02       2.452363684340e+04 
       2.617476908292e-02       2.443209259232e+04 
       2.630354463668e-02       2.434036285229e+04 
       2.643255763084e-02       2.424856307109e+04 
       2.656181364641e-02       2.415641136295e+04 
       2.669131841680e-02       2.406418763111e+04 
       2.682107783281e-02       2.397182174617e+04 
       2.695109794777e-02       2.387925183710e+04 
       2.708138498293e-02       2.378657252006e+04 
       2.721194533301e-02       2.369377189388e+04 
       2.734278557209e-02       2.360082428642e+04 
       2.747391245960e-02       2.350775859819e+04 
       2.760533294667e-02       2.341463017289e+04 
       2.773705418273e-02       2.332135049282e+04 
       2.786908352235e-02       2.322804388462e+04 
       2.800142853243e-02       2.313459390687e+04 
       2.813409699967e-02       2.304113022922e+04 
       2.826709693835e-02       2.294762891924e+04 
       2.840043659852e-02       2.285400036056e+04 
       2.853412447450e-02       2.276037779396e+04 
       2.866816931377e-02       2.266669256341e+04 
       2.880258012627e-02       2.257298456179e+04 
       2.893736619415e-02       2.247923038563e+04 
       2.907253708194e-02       2.238543768874e+04 
       2.920810264721e-02       2.229172486106e+04 
       2.934407305175e-02       2.219793037400e+04 
       2.948045877321e-02       2.210418101099e+04 
       2.961727061742e-02       2.201031959915e+04 
       2.975451973121e-02       2.191664609564e+04 
       2.989221761589e-02       2.182287198794e+04 
       3.003037614139e-02       2.172920638487e+04 
       3.016900756117e-02       2.163552049776e+04 
       3.030812452776e-02       2.154181652116e+04 
       3.044774010920e-02       2.144824489852e+04 
       3.058786780630e-02       2.135466932188e+04 
       3.072852157076e-02       2.126113525546e+04 
       3.086971582433e-02       2.116765680949e+04 
       3.101146547885e-02       2.107419994361e+04 
       3.115378595751e-02       2.098091179550e+04 
       3.129669321722e-02       2.088762044226e+04 
       3.144020377212e-02       2.079440857943e+04 
       3.158433471856e-02       2.070121266943e+04 
       3.172910376133e-02       2.060808583992e+04 
       3.187452924144e-02       2.051512114772e+04 
       3.202063016555e-02       2.042222216607e+04 
       3.216742623699e-02       2.032937430489e+04 
       3.231493788869e-02       2.023658964915e+04 
       3.246318631807e-02       2.014397825602e+04 
       3.261219352393e-02       2.005137833756e+04 
       3.276198234571e-02       1.995888473381e+04 
       3.291257650510e-02       1.986650432474e+04 
       3.306400065020e-02       1.977417485162e+04 
       3.321628040257e-02       1.968198947987e+04 
       3.336944240719e-02       1.958987418773e+04 
       3.352351438569e-02       1.949781891791e+04 
       3.367852519309e-02       1.940593644049e+04 
       3.383450487819e-02       1.931405791583e+04 
       3.399148474820e-02       1.922234775873e+04 
       3.414949743755e-02       1.913072235480e+04 
       3.430857698166e-02       1.903918970590e+04 
       3.446875889567e-02       1.894774174395e+04 
       3.463008025889e-02       1.885638030711e+04 
       3.479257980522e-02       1.876506830374e+04 
       3.495629802021e-02       1.867392920553e+04 
       3.512127724527e-02       1.858282451549e+04 
       3.528756178965e-02       1.849185176403e+04 
       3.545519805097e-02       1.840090819684e+04 
       3.562423464504e-02       1.831003968882e+04 
       3.579472254579e-02       1.821928119898e+04 
       3.596671523640e-02       1.812856038750e+04 
       3.614026887252e-02       1.803791161452e+04 
       3.631544245892e-02       1.794739771160e+04 
       3.649229804085e-02       1.785689097734e+04 
       3.667090091150e-02       1.776644675393e+04 
       3.685131983735e-02       1.767602066551e+04 
       3.703362730319e-02       1.758563564432e+04 
       3.721789977886e-02       1.749539454797e+04 
       3.740421801010e-02       1.740514189994e+04 
       3.759266733610e-02       1.731480415315e+04 
       3.778333803674e-02       1.722456318504e+04 
       3.797632571286e-02       1.713429320064e+04 
       3.817173170333e-02       1.704406159556e+04 
       3.836966354332e-02       1.695379282943e+04 
       3.857023546854e-02       1.686351384608e+04 
       3.877356897116e-02       1.677318812384e+04 
       3.897979341371e-02       1.668287864710e+04 
       3.918904670834e-02       1.659242481257e+04 
       3.940147606981e-02       1.650198070426e+04 
       3.961723885185e-02       1.641139943668e+04 
       3.983650347813e-02       1.632070053892e+04 
       4.005945048063e-02       1.622995888532e+04 
       4.028627366054e-02       1.613904900986e+04 
       4.051718138899e-02       1.604795134026e+04 
       4.075239806802e-02       1.595670830837e+04 
       4.099216577565e-02       1.586531292758e+04 
       4.123674612296e-02       1.577361618635e+04 
       4.148642235616e-02       1.568174424298e+04 
       4.174150174270e-02       1.558966429669e+04 
       4.200231828759e-02       1.549712712597e+04 
       4.226923583501e-02       1.540440244793e+04 
       4.254265162110e-02       1.531128332248e+04 
       4.282300035679e-02       1.521773580322e+04 
       4.311075893579e-02       1.512381617761e+04 
       4.340645188291e-02       1.502937371604e+04 
       4.371065768219e-02       1.493441102227e+04 
       4.402401615527e-02       1.483887412151e+04 
       4.434723709877e-02       1.474272502682e+04 
       4.468111043710e-02       1.464585381361e+04 
       4.502651820803e-02       1.454823981045e+04 
       4.538444877439e-02       1.444970587171e+04 
       4.575601375216e-02       1.435030067914e+04 
       4.614246826849e-02       1.424983603878e+04 
       4.654523531967e-02       1.414821487126e+04 
       4.696593519920e-02       1.404532211571e+04 
       4.740642122070e-02       1.394094881108e+04 
       4.786882328322e-02       1.383492430398e+04 
       4.835560123373e-02       1.372712435350e+04 
       4.886961048627e-02       1.361719952556e+04 
       4.941418296853e-02       1.350488822646e+04 
       4.999322717330e-02       1.338979311009e+04 
       5.061135183772e-02       1.327147090614e+04 
       5.127401840452e-02       1.314934965161e+04 
       5.198772758185e-02       1.302270029493e+04 
       5.276024426081e-02       1.289056744614e+04 
       5.360086127365e-02       1.275173603243e+04 
       5.452069313541e-02       1.260458023224e+04 
       5.553297095419e-02       1.244695038297e+04 
       5.665327101943e-02       1.227600799041e+04 
       5.789954167158e-02       1.208783010643e+04 
       5.929168945370e-02       1.187733099213e+04 
       6.085036548254e-02       1.163792436550e+04 
       6.259454825285e-02       1.136172674721e+04 
       6.453776374304e-02       1.104018170358e+04 
       6.668357380004e-02       1.066578425333e+04 
       6.902216485440e-02       1.023479574999e+04 
       7.153040433430e-02       9.750060271279e+03 
       7.417624560955e-02       9.222425290642e+03 
       7.692550204707e-02       8.669791127354e+03 
       7.974764457966e-02       8.113907840731e+03 
       8.261868153359e-02       7.576651387723e+03 
       8.552138302743e-02       7.076777184354e+03 
       8.844410967445e-02       6.627948602401e+03 
       9.137930800212e-02       6.238008847148e+03 
       9.432220011494e-02       5.909154917000e+03 
       9.726981184253e-02       5.638727607010e+03 
       1.002203099888e-01       5.420231050015e+03 
       1.031725713561e-01       5.244404648347e+03 
       1.061259101823e-01       5.100356704308e+03 
       1.090799085955e-01       4.976580501500e+03 
       1.120343121910e-01       4.861951620850e+03 
       1.149889661003e-01       4.746678946794e+03 
       1.179437759917e-01       4.623126265425e+03 
       1.208986843296e-01       4.486355943708e+03 
       1.238536559415e-01       4.334394238806e+03 
       1.268086692497e-01       4.168091567438e+03 
       1.297637109457e-01       3.990660513192e+03 
       1.327187727566e-01       3.806963487875e+03 
       1.340840250952e-01       3.721552317577e+03 
       1.356738494811e-01       3.622707924420e+03 
       1.386289377960e-01       3.443633347070e+03 
       1.415840355311e-01       3.274865853707e+03 
       1.445391412276e-01       3.120419002268e+03 
       1.474942538695e-01       2.982942632617e+03 
       1.504493727191e-01       2.863607356808e+03 
       1.534044972171e-01       2.762195123410e+03 
       1.563596269198e-01       2.677264284485e+03 
       1.593147614621e-01       2.606430764734e+03 
       1.622699005326e-01       2.546645407620e+03 
       1.652250438591e-01       2.494523364936e+03 
       1.681801911989e-01       2.446869763496e+03 
       1.711353423324e-01       2.400788067377e+03 
       1.740904970585e-01       2.352937870398e+03 
       1.770456551924e-01       2.301361622586e+03 
       1.800008165623e-01       2.244995356708e+03 
       1.829559810091e-01       2.183641860503e+03 
       1.859111483839e-01       2.117898597425e+03 
       1.888663185477e-01       2.048971632118e+03 
       1.918214913703e-01       1.978453916385e+03 
       1.947766667297e-01       1.908118025386e+03 
       1.977318445111e-01       1.839663427309e+03 
       2.006870246068e-01       1.774617719077e+03 
       2.036422069151e-01       1.714142606675e+03 
       2.065973913404e-01       1.659011506573e+03 
       2.095525777925e-01       1.609584265141e+03 
       2.125077661863e-01       1.565813412702e+03 
       2.154629564414e-01       1.527293123647e+03 
       2.184181484816e-01       1.493330605708e+03 
       2.213733422350e-01       1.463035334710e+03 
       2.243285376335e-01       1.435396326913e+03 
       2.272837346125e-01       1.409377888694e+03 
       2.302389331107e-01       1.384005468555e+03 
       2.331941330700e-01       1.358455731036e+03 
       2.361493344353e-01       1.332100517526e+03 
       2.391045371539e-01       1.304552594118e+03 
       2.420597411762e-01       1.275680713397e+03 
       2.450149464547e-01       1.245583414395e+03 
       2.479701529441e-01       1.214571299679e+03 
       2.509253606014e-01       1.183087950941e+03 
       2.538805693857e-01       1.151662366976e+03 
       2.568357792577e-01       1.120837320435e+03 
       2.597909901802e-01       1.091108770509e+03 
       2.627462021175e-01       1.062886042599e+03 
       2.657014150356e-01       1.036453168294e+03 
       2.686566289019e-01       1.011963867727e+03 
       2.716118436854e-01       9.894344131769e+02 
       2.745670593561e-01       9.687601218241e+02 
       2.775222758857e-01       9.497371185254e+02 
       2.804774932469e-01       9.320899462771e+02 
       2.834327114135e-01       9.155028970113e+02 
       2.863879303604e-01       8.996515564188e+02 
       2.893431500636e-01       8.842287128412e+02 
       2.922983705001e-01       8.689700940792e+02 
       2.952535916477e-01       8.536703029298e+02 
       2.982088134852e-01       8.381952148107e+02 
       3.011640359922e-01       8.224840866834e+02 
       3.041192591490e-01       8.065407461350e+02 
       3.070744829369e-01       7.904374686812e+02 
       3.100297073377e-01       7.742848262582e+02 
       3.129849323339e-01       7.582246417904e+02 
       3.159401579087e-01       7.424149748495e+02 
       3.188953840461e-01       7.269991897117e+02 
       3.218506107304e-01       7.121152415248e+02 
       3.248058379466e-01       6.978543651661e+02 
       3.277610656803e-01       6.842821700387e+02 
       3.307162939175e-01       6.714178499895e+02 
       3.336715226449e-01       6.592422570435e+02 
       3.366267518494e-01       6.477090919640e+02 
       3.395819815185e-01       6.367380835314e+02 
       3.425372116402e-01       6.262369838193e+02 
       3.454924422028e-01       6.161042914812e+02 
       3.484476731950e-01       6.062451643344e+02 
       3.514029046060e-01       5.965712821672e+02 
       3.543581364252e-01       5.870135308131e+02 
       3.573133686424e-01       5.775228161579e+02 
       3.602686012479e-01       5.680704200886e+02 
       3.632238342321e-01       5.586514318008e+02 
       3.661790675857e-01       5.492766844911e+02 
       3.691343013000e-01       5.399681954055e+02 
       3.720895353662e-01       5.307610015758e+02 
       3.750447697760e-01       5.216948096022e+02 
       3.780000045214e-01       5.128050880074e+02 
       3.809552395944e-01       5.041269537171e+02 
       3.839104749875e-01       4.956890334162e+02 
       3.868657106934e-01       4.875095069250e+02 
       3.898209467048e-01       4.795971032003e+02 
       3.927761830149e-01       4.719578071162e+02 
       3.957314196169e-01       4.645792487896e+02 
       3.986866565043e-01       4.574477755212e+02 
       4.016418936709e-01       4.505468469817e+02 
       4.045971311104e-01       4.438453206700e+02 
       4.075523688169e-01       4.373214975719e+02 
       4.105076067847e-01       4.309456633897e+02 
       4.134628450080e-01       4.246930955158e+02 
       4.164180834815e-01       4.185438099610e+02 
       4.193733221999e-01       4.124786396830e+02 
       4.223285611578e-01       4.064868482527e+02 
       4.252838003505e-01       4.005631432322e+02 
       4.282390397729e-01       3.947045513906e+02 
       4.311942794204e-01       3.889166649111e+02 
       4.341495192883e-01       3.832083304416e+02 
       4.371047593722e-01       3.775893968616e+02 
       4.400599996676e-01       3.720697239447e+02 
       4.430152401704e-01       3.666643922792e+02 
       4.459704808764e-01       3.613797794525e+02 
       4.489257217816e-01       3.562239932085e+02 
       4.518809628820e-01       3.511997183564e+02 
       4.548362041738e-01       3.463065901144e+02 
       4.577914456533e-01       3.415402706631e+02 
       4.607466873170e-01       3.368961307032e+02 
       4.637019291612e-01       3.323627607245e+02 
       4.666571711825e-01       3.279311005463e+02 
       4.696124133776e-01       3.235891737204e+02 
       4.725676557432e-01       3.193270407642e+02 
       4.755228982761e-01       3.151383349700e+02 
       4.784781409731e-01       3.110135128554e+02 
       4.814333838314e-01       3.069476945080e+02 
       4.843886268478e-01       3.029402765303e+02 
       4.873438700196e-01       2.989882644270e+02 
       4.902991133439e-01       2.950937170352e+02 
       4.932543568179e-01       2.912577604833e+02 
       4.962096004390e-01       2.874835222058e+02 
       4.991648442045e-01       2.837721463721e+02 
       5.021200881120e-01       2.801268199548e+02 
       5.050753321588e-01       2.765482317851e+02 
       5.080305763426e-01       2.730396736013e+02 
       5.109858206609e-01       2.695985878316e+02 
       5.139410651115e-01       2.662259736613e+02 
       5.168963096921e-01       2.629193253969e+02 
       5.198515544004e-01       2.596772821871e+02 
       5.228067992342e-01       2.564983148728e+02 
       5.257620441916e-01       2.533787545748e+02 
       5.287172892702e-01       2.503158687046e+02 
       5.316725344683e-01       2.473061206599e+02 
       5.346277797837e-01       2.443476366763e+02 
       5.375830252145e-01       2.414371377169e+02 
       5.405382707588e-01       2.385721828450e+02 
       5.434935164148e-01       2.357520263806e+02 
       5.464487621807e-01       2.329726429205e+02 
       5.494040080546e-01       2.302355538427e+02 
       5.523592540348e-01       2.275378546594e+02 
       5.553145001197e-01       2.248830243568e+02 
       5.582697463075e-01       2.222666178296e+02 
       5.612249925967e-01       2.196904686534e+02 
       5.641802389856e-01       2.171551103440e+02 
       5.671354854727e-01       2.146619408830e+02 
       5.700907320564e-01       2.122087415624e+02 
       5.730459787353e-01       2.097977879084e+02 
       5.760012255078e-01       2.074272320275e+02 
       5.789564723725e-01       2.050963019085e+02 
       5.819117193281e-01       2.028040139364e+02 
       5.848669663732e-01       2.005496488910e+02 
       5.878222135063e-01       1.983308290131e+02 
       5.907774607262e-01       1.961494653410e+02 
       5.937327080316e-01       1.940004771355e+02 
       5.966879554211e-01       1.918843732459e+02 
       5.996432028937e-01       1.897998945041e+02 
       6.025984504479e-01       1.877463336873e+02 
       6.055536980827e-01       1.857216103486e+02 
       6.085089457968e-01       1.837274214036e+02 
       6.114641935891e-01       1.817611736576e+02 
       6.144194414585e-01       1.798248428376e+02 
       6.173746894038e-01       1.779144383478e+02 
       6.203299374240e-01       1.760323686957e+02 
       6.232851855181e-01       1.741774607333e+02 
       6.262404336848e-01       1.723496384425e+02 
       6.291956819233e-01       1.705484596974e+02 
       6.321509302325e-01       1.687741845072e+02 
       6.351061786114e-01       1.670252868793e+02 
       6.380614270591e-01       1.653033684799e+02 
       6.410166755746e-01       1.636061408067e+02 
       6.439719241570e-01       1.619338777263e+02 
       6.469271728053e-01       1.602864317335e+02 
       6.498824215187e-01       1.586619360046e+02 
       6.528376702962e-01       1.570617422464e+02 
       6.557929191370e-01       1.554833965883e+02 
       6.587481680403e-01       1.539273561059e+02 
       6.617034170051e-01       1.523926941807e+02 
       6.646586660308e-01       1.508784714998e+02 
       6.676139151164e-01       1.493866074279e+02 
       6.705691642611e-01       1.479138249876e+02 
       6.735244134643e-01       1.464613753160e+02 
       6.764796627251e-01       1.450279770978e+02 
       6.794349120428e-01       1.436143265592e+02 
       6.823901614166e-01       1.422199967310e+02 
       6.853454108458e-01       1.408440363283e+02 
       6.883006603297e-01       1.394863642148e+02 
       6.912559098676e-01       1.381475582580e+02 
       6.942111594588e-01       1.368265570790e+02 
       6.971664091026e-01       1.355231811360e+02 
       7.001216587983e-01       1.342371508032e+02 
       7.030769085454e-01       1.329684804405e+02 
       7.060321583431e-01       1.317163364561e+02 
       7.089874081908e-01       1.304805511402e+02 
       7.119426580878e-01       1.292605157293e+02 
       7.148979080337e-01       1.280573954992e+02 
       7.178531580277e-01       1.268702284439e+02 
       7.208084080694e-01       1.256971779523e+02 
       7.237636581580e-01       1.245400303267e+02 
       7.267189082930e-01       1.233970839800e+02 
       7.296741584739e-01       1.222689277850e+02 
       7.326294087000e-01       1.211552055528e+02 
       7.355846589710e-01       1.200548520269e+02 
       7.385399092861e-01       1.189692790894e+02 
       7.414951596449e-01       1.178964791143e+02 
       7.444504100469e-01       1.168377411813e+02 
       7.474056604915e-01       1.157918597789e+02 
       7.503609109783e-01       1.147590180911e+02 
       7.533161615067e-01       1.137385526591e+02 
       7.562714120763e-01       1.127313133889e+02 
       7.592266626866e-01       1.117364346905e+02 
       7.621819133370e-01       1.107532708617e+02 
       7.651371640272e-01       1.097830776828e+02 
       7.680924147567e-01       1.088238364920e+02 
       7.710476655250e-01       1.078768179494e+02 
       7.740029163317e-01       1.069407323561e+02 
       7.769581671763e-01       1.060166233779e+02 
       7.799134180584e-01       1.051034319490e+02 
       7.828686689776e-01       1.042011384427e+02 
       7.858239199334e-01       1.033095263138e+02 
       7.887791709255e-01       1.024280770069e+02 
       7.917344219535e-01       1.015580731032e+02 
       7.946896730169e-01       1.006975688230e+02 
       7.976449241153e-01       9.984712469916e+01 
       8.006001752484e-01       9.900700513846e+01 
       8.035554264158e-01       9.817603788327e+01 
       8.065106776171e-01       9.735607887996e+01 
       8.094659288519e-01       9.654511548639e+01 
       8.124211801198e-01       9.574290285858e+01 
       8.153764314206e-01       9.495081175802e+01 
       8.183316827538e-01       9.416700169274e+01 
       8.212869341190e-01       9.339233102007e+01 
       8.242421855161e-01       9.262647232806e+01 
       8.271974369445e-01       9.187033688233e+01 
       8.301526884040e-01       9.112137534000e+01 
       8.331079398943e-01       9.038193182300e+01 
       8.360631914149e-01       8.965031743809e+01 
       8.390184429657e-01       8.892751639729e+01 
       8.419736945462e-01       8.821216150777e+01 
       8.449289461562e-01       8.750582509768e+01 
       8.478841977953e-01       8.680657435996e+01 
       8.508394494633e-01       8.611501749766e+01 
       8.537947011598e-01       8.543073591910e+01 
       8.567499528845e-01       8.475529653444e+01 
       8.597052046373e-01       8.408671133441e+01 
       8.626604564177e-01       8.342453741059e+01 
       8.656157082254e-01       8.277080105319e+01 
       8.685709600603e-01       8.212375318906e+01 
       8.715262119220e-01       8.148386919786e+01 
       8.744814638103e-01       8.085061856774e+01 
       8.774367157249e-01       8.022416084367e+01 
       8.803919676655e-01       7.960525146990e+01 
       8.833472196318e-01       7.899177698222e+01 
       8.863024716237e-01       7.838587657529e+01 
       8.892577236408e-01       7.778572371024e+01 
       8.922129756829e-01       7.719254532285e+01 
       8.951682277497e-01       7.660564061250e+01 
       8.981234798411e-01       7.602448151448e+01 
       9.010787319567e-01       7.544936410361e+01 
       9.040339840964e-01       7.488072705809e+01 
       9.069892362598e-01       7.431801273461e+01 
       9.099444884468e-01       7.376145232050e+01 
       9.128997406571e-01       7.320954656384e+01 
       9.158549928906e-01       7.266437834226e+01 
       9.188102451469e-01       7.212516632029e+01 
       9.217654974258e-01       7.159063283247e+01 
       9.247207497272e-01       7.106188655605e+01 
       9.276760020509e-01       7.053900993939e+01 
       9.306312543965e-01       7.002093501483e+01 
       9.335865067640e-01       6.950837347724e+01 
       9.365417591530e-01       6.900036411048e+01 
       9.394970115635e-01       6.849828711452e+01 
       9.424522639951e-01       6.800109955350e+01 
       9.454075164477e-01       6.750902524903e+01 
       9.483627689212e-01       6.702168175957e+01 
       9.513180214152e-01       6.653924452832e+01 
       9.542732739296e-01       6.606126958765e+01 
       9.572285264643e-01       6.558896003271e+01 
       9.601837790190e-01       6.512077368822e+01 
       9.631390315936e-01       6.465692220918e+01 
       9.660942841878e-01       6.419818420761e+01 
       9.690495368015e-01       6.374383528592e+01 
       9.720047894345e-01       6.329409427902e+01 
       9.749600420866e-01       6.284825589032e+01 
       9.779152947578e-01       6.240723025858e+01 
       9.808705474477e-01       6.197034457243e+01 
       9.838258001562e-01       6.153753566811e+01 
       9.867810528831e-01       6.110966701692e+01 
       9.897363056284e-01       6.068494022588e+01 
       9.926915583918e-01       6.026515935475e+01 
       9.956468111731e-01       5.984818744656e+01 
       9.986020639722e-01       5.943615472493e+01 
       1.001557316789e+00       5.902848448916e+01 
       1.004512569623e+00       5.862393292466e+01 
       1.007467822475e+00       5.822305916013e+01 
       1.010423075344e+00       5.782644346297e+01 
       1.013378328229e+00       5.743369026281e+01 
       1.016333581132e+00       5.704438449126e+01 
       1.019288834052e+00       5.665870107920e+01 
       1.022244086988e+00       5.627662470146e+01 
       1.025199339940e+00       5.589839624566e+01 
       1.028154592909e+00       5.552353587200e+01 
       1.031109845894e+00       5.515223306145e+01 
       1.034065098895e+00       5.478368014873e+01 
       1.037020351912e+00       5.441950239992e+01 
       1.039975604944e+00       5.405845869668e+01 
       1.042930857992e+00       5.370055607463e+01 
       1.045886111056e+00       5.334558760180e+01 
       1.048841364135e+00       5.299508435581e+01 
       1.051796617229e+00       5.264662508628e+01 
       1.054751870339e+00       5.230178161296e+01 
       1.057707123463e+00       5.196004733384e+01 
       1.060662376602e+00       5.162117075668e+01 
       1.063617629756e+00       5.128539887884e+01 
       1.066572882925e+00       5.095300022150e+01 
       1.069528136108e+00       5.062320745752e+01 
       1.072483389305e+00       5.029701059625e+01 
       1.075438642516e+00       4.997302857342e+01 
       1.078393895742e+00       4.965235776779e+01 
       1.081349148982e+00       4.933476661828e+01 
       1.084304402235e+00       4.901898441768e+01 
       1.087259655503e+00       4.870676563241e+01 
       1.090214908784e+00       4.839757023381e+01 
       1.093170162078e+00       4.809069498243e+01 
       1.096125415386e+00       4.778647063900e+01 
       1.099080668708e+00       4.748547398057e+01 
       1.102035922042e+00       4.718632857584e+01 
       1.104991175390e+00       4.688951466947e+01 
       1.107946428751e+00       4.659610171978e+01 
       1.110901682124e+00       4.630534289401e+01 
       1.113856935511e+00       4.601676460362e+01 
       1.116812188910e+00       4.573070125821e+01 
       1.119767442322e+00       4.544722927128e+01 
       1.122722695746e+00       4.516606637169e+01 
       1.125677949183e+00       4.488725610288e+01 
       1.128633202632e+00       4.461109033962e+01 
       1.131588456093e+00       4.433657466564e+01 
       1.134543709566e+00       4.406518305817e+01 
       1.137498963052e+00       4.379590470988e+01 
       1.140454216549e+00       4.352853790355e+01 
       1.143409470058e+00       4.326402492475e+01 
       1.146364723579e+00       4.300127943909e+01 
       1.149319977111e+00       4.274090674664e+01 
       1.152275230655e+00       4.248269204583e+01 
       1.155230484211e+00       4.222667380892e+01 
       1.158185737778e+00       4.197333611238e+01 
       1.161140991356e+00       4.172148009618e+01 
       1.164096244946e+00       4.147161174346e+01 
       1.167051498546e+00       4.122412385662e+01 
       1.170006752158e+00       4.097821647155e+01 
       1.172962005780e+00       4.073481063616e+01 
       1.175917259414e+00       4.049361138616e+01 
       1.178872513058e+00       4.025376758995e+01 
       1.181827766713e+00       4.001635178055e+01 
       1.184783020379e+00       3.978076538355e+01 
       1.187738274055e+00       3.954674180078e+01 
       1.190693527742e+00       3.931489119967e+01 
       1.193648781439e+00       3.908529330868e+01 
       1.196604035146e+00       3.885726780296e+01 
       1.199559288864e+00       3.863106211209e+01 
       1.202514542592e+00       3.840643164451e+01 
       1.205469796329e+00       3.818428107686e+01 
       1.208425050077e+00       3.796301110200e+01 
       1.211380303835e+00       3.774431027393e+01 
       1.214335557603e+00       3.752689903707e+01 
       1.217290811381e+00       3.731123806031e+01 
       1.220246065168e+00       3.709736857212e+01 
       1.223201318965e+00       3.688499434628e+01 
       1.226156572771e+00       3.667519174090e+01 
       1.229111826587e+00       3.646617776558e+01 
       1.232067080413e+00       3.625927349459e+01 
       1.235022334248e+00       3.605337899752e+01 
       1.237977588092e+00       3.584970288591e+01 
       1.240932841945e+00       3.564720504459e+01 
       1.243888095808e+00       3.544663848258e+01 
       1.246843349680e+00       3.524719725427e+01 
       1.249798603561e+00       3.504985318126e+01 
       1.252753857451e+00       3.485369787296e+01 
       1.255709111349e+00       3.465921938504e+01 
       1.258664365257e+00       3.446629431111e+01 
       1.261619619173e+00       3.427466538854e+01 
       1.264574873098e+00       3.408477558409e+01 
       1.267530127032e+00       3.389599393972e+01 
       1.270485380975e+00       3.370850676580e+01 
       1.273440634926e+00       3.352301286414e+01 
       1.276395888885e+00       3.333871978813e+01 
       1.279351142853e+00       3.315594174518e+01 
       1.282306396830e+00       3.297456615730e+01 
       1.285261650814e+00       3.279420877963e+01 
       1.288216904807e+00       3.261522741715e+01 
       1.291172158808e+00       3.243791024259e+01 
       1.294127412818e+00       3.226170788979e+01 
       1.297082666835e+00       3.208722379484e+01 
       1.300037920860e+00       3.191361285056e+01 
       1.302993174894e+00       3.174153541306e+01 
       1.305948428935e+00       3.157072645344e+01 
       1.308903682985e+00       3.140109942388e+01 
       1.311858937042e+00       3.123274078111e+01 
       1.314814191106e+00       3.106560147407e+01 
       1.317769445179e+00       3.090010791687e+01 
       1.320724699259e+00       3.073515481492e+01 
       1.323679953347e+00       3.057178323850e+01 
       1.326635207442e+00       3.040998560374e+01 
       1.329590461545e+00       3.024897027181e+01 
       1.332545715656e+00       3.008900380694e+01 
       1.335500969774e+00       2.993036252443e+01 
       1.338456223899e+00       2.977303108935e+01 
       1.340840250952e+00       2.964656959711e+01 
       1.341411478031e+00       2.961653047281e+01 
       1.344366732171e+00       2.946096936280e+01 
       1.347321986318e+00       2.930719660844e+01 
       1.350277240472e+00       2.915413373409e+01 
       1.353232494634e+00       2.900239418149e+01 
       1.356187748802e+00       2.885174336713e+01 
       1.359143002977e+00       2.870194756895e+01 
       1.362098257160e+00       2.855358932602e+01 
       1.365053511349e+00       2.840595064428e+01 
       1.368008765545e+00       2.825940250984e+01 
       1.370964019748e+00       2.811438794509e+01 
       1.373919273958e+00       2.796995888477e+01 
       1.376874528175e+00       2.782629748157e+01 
       1.379829782398e+00       2.768396901097e+01 
       1.382785036629e+00       2.754271523705e+01 
       1.385740290865e+00       2.740226553647e+01 
       1.744241728620e+00       1.573112146146e+01 
       2.195867951050e+00       8.952342916741e+00 
       2.764433961683e+00       5.056902962733e+00 
       3.480216163589e+00       2.837017069340e+00 
       4.381332566879e+00       1.581782031147e+00 
       5.515770905966e+00       8.769251953413e-01 
       6.943944159155e+00       4.836613467987e-01 
       8.741907760040e+00       2.654763599341e-01 
       1.100540982668e+01       1.450617796086e-01 
       1.385499009801e+01       7.894571135894e-02 
       1.744239911454e+01       4.280234499315e-02 
       2.195867948795e+01       2.310640966778e-02 
