# Matter power spectrum P(k) at redshift z=0
# for k=9.60881e-06 to 21.9587 h/Mpc,
# number of wavenumbers equal to 853
#    1:k (h/Mpc)              2:P (Mpc/h)^3        
       9.608806565107e-06       6.163512374305e+01 
       2.145156745703e-05       1.336910299819e+02 
       3.332954735221e-05       2.044553707184e+02 
       4.526975115419e-05       2.746583363095e+02 
       5.729956186539e-05       3.447034699848e+02 
       6.944694710181e-05       4.148853727503e+02 
       8.174067122832e-05       4.854504067547e+02 
       9.421051552855e-05       5.566212160385e+02 
       1.068875088434e-04       6.286090389686e+02 
       1.198041711362e-04       7.016209236783e+02 
       1.329947724596e-04       7.758645212143e+02 
       1.464956097987e-04       8.515516383901e+02 
       1.603453042204e-04       9.289011195452e+02 
       1.745851206528e-04       1.008141365030e+03 
       1.892593124115e-04       1.089512652785e+03 
       2.044154922346e-04       1.173269365026e+03 
       2.201050310352e-04       1.259682191312e+03 
       2.363834847410e-04       1.349040321636e+03 
       2.533110483824e-04       1.441653658482e+03 
       2.709530348823e-04       1.537855030828e+03 
       2.893803736693e-04       1.638002386265e+03 
       3.086701210935e-04       1.742480920048e+03 
       3.289059705157e-04       1.851705051131e+03 
       3.501787446709e-04       1.966120166708e+03 
       3.725868463269e-04       2.086203975980e+03 
       3.962366352877e-04       2.212467304672e+03 
       4.212426904911e-04       2.345454094268e+03 
       4.477279056125e-04       2.485740332659e+03 
       4.758233558858e-04       2.633931590845e+03 
       5.056678639574e-04       2.790658777761e+03 
       5.374071853343e-04       2.956571741154e+03 
       5.711927319294e-04       3.132330295026e+03 
       6.071797585811e-04       3.318592368376e+03 
       6.455249558241e-04       3.515999043071e+03 
       6.863834258880e-04       3.725156513729e+03 
       7.299050697801e-04       3.946615299804e+03 
       7.762304804195e-04       4.180847453074e+03 
       8.254865149471e-04       4.428223018902e+03 
       8.777817983007e-04       4.688987415574e+03 
       9.332024751379e-04       4.963241729840e+03 
       9.918085613878e-04       5.250927955634e+03 
       1.053631235555e-03       5.551820861394e+03 
       1.118671346315e-03       5.865527397054e+03 
       1.186899301353e-03       6.191493520951e+03 
       1.258256359613e-03       6.529017938700e+03 
       1.332657200755e-03       6.877271157439e+03 
       1.340840250952e-03       6.915346515072e+03 
       1.409993519211e-03       7.235318948088e+03 
       1.490138307530e-03       7.602148821286e+03 
       1.572950464739e-03       7.976699186769e+03 
       1.658279387686e-03       8.357888122781e+03 
       1.745969263858e-03       8.744640248516e+03 
       1.835862865565e-03       9.135907931853e+03 
       1.927804730282e-03       9.530686476645e+03 
       2.021643687598e-03       9.928023515854e+03 
       2.117234751992e-03       1.032702562279e+04 
       2.214440440455e-03       1.072686280170e+04 
       2.313131596169e-03       1.112677349068e+04 
       2.413187807521e-03       1.152606556488e+04 
       2.514497509855e-03       1.192411573999e+04 
       2.616957849248e-03       1.232036398399e+04 
       2.720474376409e-03       1.271431024042e+04 
       2.824960626633e-03       1.310550859228e+04 
       2.930337630105e-03       1.349356588386e+04 
       3.036533386399e-03       1.387813636124e+04 
       3.143482328220e-03       1.425891981724e+04 
       3.251124792182e-03       1.463565052668e+04 
       3.359406508800e-03       1.500809837187e+04 
       3.468278119440e-03       1.537606039785e+04 
       3.577694724771e-03       1.573936599731e+04 
       3.687615466840e-03       1.609786995852e+04 
       3.798003145249e-03       1.645145072765e+04 
       3.908823866730e-03       1.680000873836e+04 
       4.020046726690e-03       1.714346129964e+04 
       4.131643520835e-03       1.748174065238e+04 
       4.243588484725e-03       1.781479280527e+04 
       4.355858059030e-03       1.814258045825e+04 
       4.468430678260e-03       1.846507003837e+04 
       4.581286580801e-03       1.878224148568e+04 
       4.694407638220e-03       1.909408563888e+04 
       4.807777201933e-03       1.940059588807e+04 
       4.921379965466e-03       1.970177875044e+04 
       5.035201840715e-03       1.999768098507e+04 
       5.149229846737e-03       2.028826613599e+04 
       5.263452009761e-03       2.057354855241e+04 
       5.377857273226e-03       2.085354771106e+04 
       5.492435416790e-03       2.112830778271e+04 
       5.607176983354e-03       2.139788108898e+04 
       5.722073213252e-03       2.166230596793e+04 
       5.837115984859e-03       2.192164550708e+04 
       5.952297760926e-03       2.217590973406e+04 
       6.067611540054e-03       2.242512501320e+04 
       6.183050812766e-03       2.266932896616e+04 
       6.298609521706e-03       2.290855093923e+04 
       6.414282025528e-03       2.314283796877e+04 
       6.530063066118e-03       2.337225522218e+04 
       6.645947738794e-03       2.359685288826e+04 
       6.761931465189e-03       2.381669656421e+04 
       6.878009968562e-03       2.403183692296e+04 
       6.994179251274e-03       2.424232238306e+04 
       7.110435574241e-03       2.444817666871e+04 
       7.226775438162e-03       2.464943918026e+04 
       7.343195566339e-03       2.484616249286e+04 
       7.459692888970e-03       2.503838162676e+04 
       7.576264528736e-03       2.522617149142e+04 
       7.692907787600e-03       2.540959264395e+04 
       7.809620134675e-03       2.558869328737e+04 
       7.926399195086e-03       2.576351904359e+04 
       8.043242739716e-03       2.593413426938e+04 
       8.160148675780e-03       2.610057569945e+04 
       8.277115038132e-03       2.626286922387e+04 
       8.394139981253e-03       2.642105669304e+04 
       8.511221771859e-03       2.657519323028e+04 
       8.628358782070e-03       2.672533374943e+04 
       8.745549483106e-03       2.687153550328e+04 
       8.862792439445e-03       2.701385950353e+04 
       8.980086303427e-03       2.715234067119e+04 
       9.097429810247e-03       2.728702819885e+04 
       9.214821773323e-03       2.741795744518e+04 
       9.332261079998e-03       2.754516359489e+04 
       9.449746687547e-03       2.766869277585e+04 
       9.567277619478e-03       2.778858611280e+04 
       9.684852962090e-03       2.790489521000e+04 
       9.802471861276e-03       2.801767774704e+04 
       9.920133519552e-03       2.812698002229e+04 
       1.003783719329e-02       2.823284498717e+04 
       1.015558219016e-02       2.833531164213e+04 
       1.027336786669e-02       2.843441731694e+04 
       1.039119362611e-02       2.853018135421e+04 
       1.050905891620e-02       2.862265708503e+04 
       1.062696322741e-02       2.871188154062e+04 
       1.074490609101e-02       2.879791222482e+04 
       1.086288707745e-02       2.888077607750e+04 
       1.098090579479e-02       2.896053918011e+04 
       1.109896188722e-02       2.903722575579e+04 
       1.121705503369e-02       2.911086883936e+04 
       1.133518494670e-02       2.918151229631e+04 
       1.145335137105e-02       2.924919139179e+04 
       1.157155408280e-02       2.931393504543e+04 
       1.168979288821e-02       2.937577581968e+04 
       1.180806762280e-02       2.943476663603e+04 
       1.192637815048e-02       2.949094470503e+04 
       1.204472436269e-02       2.954435432078e+04 
       1.216310617768e-02       2.959503308235e+04 
       1.228152353978e-02       2.964299467394e+04 
       1.239997641876e-02       2.968828626562e+04 
       1.251846480920e-02       2.973093437182e+04 
       1.263698872995e-02       2.977096370287e+04 
       1.275554822362e-02       2.980841197858e+04 
       1.287414335609e-02       2.984334361012e+04 
       1.299277421609e-02       2.987576792183e+04 
       1.311144091480e-02       2.990573071281e+04 
       1.323014358550e-02       2.993327018690e+04 
       1.334888238321e-02       2.995840556833e+04 
       1.340840250952e-02       2.997011105860e+04 
       1.346765748445e-02       2.998116723795e+04 
       1.358646908692e-02       3.000158986186e+04 
       1.370531740931e-02       3.001968789177e+04 
       1.382420269108e-02       3.003552173437e+04 
       1.394312519227e-02       3.004910070616e+04 
       1.406208519336e-02       3.006048031880e+04 
       1.418108299514e-02       3.006968750721e+04 
       1.430011891861e-02       3.007673571672e+04 
       1.441919330488e-02       3.008167828353e+04 
       1.453830651516e-02       3.008451636684e+04 
       1.465745893064e-02       3.008529752686e+04 
       1.477665095257e-02       3.008403690028e+04 
       1.489588300219e-02       3.008075926955e+04 
       1.501515552078e-02       3.007551635143e+04 
       1.513446896973e-02       3.006834586670e+04 
       1.525382383055e-02       3.005925205228e+04 
       1.537322060500e-02       3.004827408897e+04 
       1.549265981514e-02       3.003542918015e+04 
       1.561214200349e-02       3.002075275033e+04 
       1.573166773313e-02       3.000428273137e+04 
       1.585123758789e-02       2.998601487298e+04 
       1.597085217246e-02       2.996597769714e+04 
       1.609051211262e-02       2.994424484752e+04 
       1.621021805544e-02       2.992081134514e+04 
       1.632997066945e-02       2.989570670785e+04 
       1.644977064494e-02       2.986897644682e+04 
       1.656961869415e-02       2.984059860885e+04 
       1.668951555156e-02       2.981064148886e+04 
       1.680946197418e-02       2.977910231534e+04 
       1.692945874185e-02       2.974602240934e+04 
       1.704950665752e-02       2.971139310473e+04 
       1.716960654760e-02       2.967530593165e+04 
       1.728975926234e-02       2.963776269743e+04 
       1.740996567612e-02       2.959873534043e+04 
       1.753022668790e-02       2.955831018766e+04 
       1.765054322158e-02       2.951650457861e+04 
       1.777091622640e-02       2.947334637882e+04 
       1.789134667742e-02       2.942876819017e+04 
       1.801183557591e-02       2.938289128446e+04 
       1.813238394985e-02       2.933571798724e+04 
       1.825299285442e-02       2.928725998285e+04 
       1.837366337244e-02       2.923755604469e+04 
       1.849439661498e-02       2.918661057060e+04 
       1.861519372184e-02       2.913446385970e+04 
       1.873605586209e-02       2.908113977779e+04 
       1.885698423471e-02       2.902661973974e+04 
       1.897798006914e-02       2.897092394417e+04 
       1.909904462590e-02       2.891410763463e+04 
       1.922017919724e-02       2.885624844504e+04 
       1.934138510781e-02       2.879727515581e+04 
       1.946266371531e-02       2.873722446050e+04 
       1.958401641121e-02       2.867620729083e+04 
       1.970544462148e-02       2.861406686579e+04 
       1.982694980735e-02       2.855093298657e+04 
       1.994853346605e-02       2.848689157666e+04 
       2.007019713163e-02       2.842192258564e+04 
       2.019194237580e-02       2.835588773880e+04 
       2.031377080876e-02       2.828899315713e+04 
       2.043568408007e-02       2.822114237745e+04 
       2.055768387959e-02       2.815249559940e+04 
       2.067977193838e-02       2.808298506273e+04 
       2.080195002968e-02       2.801261524305e+04 
       2.092421996990e-02       2.794140579882e+04 
       2.104658361966e-02       2.786934126662e+04 
       2.116904288482e-02       2.779658250571e+04 
       2.129159971762e-02       2.772300611271e+04 
       2.141425611774e-02       2.764866310275e+04 
       2.153701413353e-02       2.757364691869e+04 
       2.165987586316e-02       2.749788872567e+04 
       2.178284345590e-02       2.742136266478e+04 
       2.190591911335e-02       2.734424230523e+04 
       2.202910509081e-02       2.726642767804e+04 
       2.215240369858e-02       2.718794177362e+04 
       2.227581730343e-02       2.710883807382e+04 
       2.239934833002e-02       2.702911797100e+04 
       2.252299926238e-02       2.694879101839e+04 
       2.264677264547e-02       2.686788242726e+04 
       2.277067108681e-02       2.678646211196e+04 
       2.289469725807e-02       2.670443362364e+04 
       2.301885389681e-02       2.662189162584e+04 
       2.314314380825e-02       2.653879915290e+04 
       2.326756986705e-02       2.645517597724e+04 
       2.339213501923e-02       2.637112561122e+04 
       2.351684228407e-02       2.628662244180e+04 
       2.364169475618e-02       2.620158081541e+04 
       2.376669560751e-02       2.611613035476e+04 
       2.389184808955e-02       2.603026787932e+04 
       2.401715553552e-02       2.594395174293e+04 
       2.414262136268e-02       2.585711906208e+04 
       2.426824907472e-02       2.577009316744e+04 
       2.439404226421e-02       2.568250407955e+04 
       2.452000461516e-02       2.559478649881e+04 
       2.464613990562e-02       2.550651813030e+04 
       2.477245201050e-02       2.541797431455e+04 
       2.489894490429e-02       2.532915639627e+04 
       2.502562266411e-02       2.523997394221e+04 
       2.515248947266e-02       2.515047055956e+04 
       2.527954962141e-02       2.506074390806e+04 
       2.540680751389e-02       2.497064129003e+04 
       2.553426766904e-02       2.488035437755e+04 
       2.566193472477e-02       2.478979375063e+04 
       2.578981344156e-02       2.469902419239e+04 
       2.591790870631e-02       2.460790836746e+04 
       2.604622553622e-02       2.451670140051e+04 
       2.617476908292e-02       2.442518258845e+04 
       2.630354463668e-02       2.433347668988e+04 
       2.643255763084e-02       2.424170031619e+04 
       2.656181364641e-02       2.414957309960e+04 
       2.669131841680e-02       2.405737573808e+04 
       2.682107783281e-02       2.396503793287e+04 
       2.695109794777e-02       2.387249666894e+04 
       2.708138498293e-02       2.377984508712e+04 
       2.721194533301e-02       2.368707042242e+04 
       2.734278557209e-02       2.359414722245e+04 
       2.747391245960e-02       2.350110551072e+04 
       2.760533294667e-02       2.340800197875e+04 
       2.773705418273e-02       2.331474894315e+04 
       2.786908352235e-02       2.322147050819e+04 
       2.800142853243e-02       2.312804919466e+04 
       2.813409699967e-02       2.303461329840e+04 
       2.826709693835e-02       2.294113808794e+04 
       2.840043659852e-02       2.284753420118e+04 
       2.853412447450e-02       2.275393596815e+04 
       2.866816931377e-02       2.266027606839e+04 
       2.880258012627e-02       2.256659506439e+04 
       2.893736619415e-02       2.247286920751e+04 
       2.907253708194e-02       2.237910501852e+04 
       2.920810264721e-02       2.228541963856e+04 
       2.934407305175e-02       2.219165101736e+04 
       2.948045877321e-02       2.209792633048e+04 
       2.961727061742e-02       2.200408961724e+04 
       2.975451973121e-02       2.191044193240e+04 
       2.989221761589e-02       2.181669526378e+04 
       3.003037614139e-02       2.172305803498e+04 
       3.016900756117e-02       2.162940025004e+04 
       3.030812452776e-02       2.153572307051e+04 
       3.044774010920e-02       2.144217674053e+04 
       3.058786780630e-02       2.134862578435e+04 
       3.072852157076e-02       2.125511687114e+04 
       3.086971582433e-02       2.116166496646e+04 
       3.101146547885e-02       2.106823596201e+04 
       3.115378595751e-02       2.097497596987e+04 
       3.129669321722e-02       2.088171188915e+04 
       3.144020377212e-02       2.078852578885e+04 
       3.158433471856e-02       2.069535460224e+04 
       3.172910376133e-02       2.060225260955e+04 
       3.187452924144e-02       2.050931388777e+04 
       3.202063016555e-02       2.041644224236e+04 
       3.216742623699e-02       2.032362231676e+04 
       3.231493788869e-02       2.023086498460e+04 
       3.246318631807e-02       2.013827948253e+04 
       3.261219352393e-02       2.004570430060e+04 
       3.276198234571e-02       1.995323536029e+04 
       3.291257650510e-02       1.986088067797e+04 
       3.306400065020e-02       1.976857829914e+04 
       3.321628040257e-02       1.967642058278e+04 
       3.336944240719e-02       1.958433230501e+04 
       3.352351438569e-02       1.949230267884e+04 
       3.367852519309e-02       1.940044476349e+04 
       3.383450487819e-02       1.930859091446e+04 
       3.399148474820e-02       1.921690657429e+04 
       3.414949743755e-02       1.912530825331e+04 
       3.430857698166e-02       1.903380295861e+04 
       3.446875889567e-02       1.894238138363e+04 
       3.463008025889e-02       1.885104494498e+04 
       3.479257980522e-02       1.875975731201e+04 
       3.495629802021e-02       1.866864319278e+04 
       3.512127724527e-02       1.857756483424e+04 
       3.528756178965e-02       1.848661923854e+04 
       3.545519805097e-02       1.839570237296e+04 
       3.562423464504e-02       1.830485918561e+04 
       3.579472254579e-02       1.821412500407e+04 
       3.596671523640e-02       1.812342883647e+04 
       3.614026887252e-02       1.803280601236e+04 
       3.631544245892e-02       1.794231903044e+04 
       3.649229804085e-02       1.785183890916e+04 
       3.667090091150e-02       1.776141994486e+04 
       3.685131983735e-02       1.767101810749e+04 
       3.703362730319e-02       1.758065774948e+04 
       3.721789977886e-02       1.749044268772e+04 
       3.740421801010e-02       1.740021691422e+04 
       3.759266733610e-02       1.730990538908e+04 
       3.778333803674e-02       1.721968919093e+04 
       3.797632571286e-02       1.712944344449e+04 
       3.817173170333e-02       1.703923708245e+04 
       3.836966354332e-02       1.694899494749e+04 
       3.857023546854e-02       1.685874259497e+04 
       3.877356897116e-02       1.676844210645e+04 
       3.897979341371e-02       1.667815688608e+04 
       3.918904670834e-02       1.658772811255e+04 
       3.940147606981e-02       1.649731055352e+04 
       3.961723885185e-02       1.640675601671e+04 
       3.983650347813e-02       1.631608240290e+04 
       4.005945048063e-02       1.622536512864e+04 
       4.028627366054e-02       1.613448076886e+04 
       4.051718138899e-02       1.604341006847e+04 
       4.075239806802e-02       1.595219350317e+04 
       4.099216577565e-02       1.586082298613e+04 
       4.123674612296e-02       1.576915126841e+04 
       4.148642235616e-02       1.567730614259e+04 
       4.174150174270e-02       1.558525327082e+04 
       4.200231828759e-02       1.549274154404e+04 
       4.226923583501e-02       1.540004206784e+04 
       4.254265162110e-02       1.530695009367e+04 
       4.282300035679e-02       1.521342996057e+04 
       4.311075893579e-02       1.511953588909e+04 
       4.340645188291e-02       1.502511956525e+04 
       4.371065768219e-02       1.493018497800e+04 
       4.402401615527e-02       1.483467506439e+04 
       4.434723709877e-02       1.473855197544e+04 
       4.468111043710e-02       1.464170907989e+04 
       4.502651820803e-02       1.454412309735e+04 
       4.538444877439e-02       1.444561578211e+04 
       4.575601375216e-02       1.434623967861e+04 
       4.614246826849e-02       1.424580348517e+04 
       4.654523531967e-02       1.414421016370e+04 
       4.696593519920e-02       1.404134778481e+04 
       4.740642122070e-02       1.393700287203e+04 
       4.786882328322e-02       1.383100915968e+04 
       4.835560123373e-02       1.372323922919e+04 
       4.886961048627e-02       1.361334582505e+04 
       4.941418296853e-02       1.350106595326e+04 
       4.999322717330e-02       1.338600397413e+04 
       5.061135183772e-02       1.326771437055e+04 
       5.127401840452e-02       1.314562862656e+04 
       5.198772758185e-02       1.301901472556e+04 
       5.276024426081e-02       1.288691871684e+04 
       5.360086127365e-02       1.274812689158e+04 
       5.452069313541e-02       1.260101305975e+04 
       5.553297095419e-02       1.244342788418e+04 
       5.665327101943e-02       1.227253368308e+04 
       5.789954167158e-02       1.208440866783e+04 
       5.929168945370e-02       1.187396946413e+04 
       6.085036548254e-02       1.163463058085e+04 
       6.259454825285e-02       1.135851137593e+04 
       6.453776374304e-02       1.103705710559e+04 
       6.668357380004e-02       1.066276568175e+04 
       6.902216485440e-02       1.023189924311e+04 
       7.153040433430e-02       9.747300543408e+03 
       7.417624560955e-02       9.219815264808e+03 
       7.692550204707e-02       8.667337213515e+03 
       7.974764457966e-02       8.111611305370e+03 
       8.261868153359e-02       7.574507075770e+03 
       8.552138302743e-02       7.074774297262e+03 
       8.844410967445e-02       6.626072625956e+03 
       9.137930800212e-02       6.236243213305e+03 
       9.432220011494e-02       5.907482427776e+03 
       9.726981184253e-02       5.637131718659e+03 
       1.002203099888e-01       5.418696994532e+03 
       1.031725713561e-01       5.242920299755e+03 
       1.061259101823e-01       5.098913083799e+03 
       1.090799085955e-01       4.975171924721e+03 
       1.120343121910e-01       4.860575531461e+03 
       1.149889661003e-01       4.745335510211e+03 
       1.179437759917e-01       4.621817782983e+03 
       1.208986843296e-01       4.485086134684e+03 
       1.238536559415e-01       4.333167420473e+03 
       1.268086692497e-01       4.166911832698e+03 
       1.297637109457e-01       3.989531025991e+03 
       1.327187727566e-01       3.805886005195e+03 
       1.340840250952e-01       3.720498975871e+03 
       1.356738494811e-01       3.621682578190e+03 
       1.386289377960e-01       3.442658662452e+03 
       1.415840355311e-01       3.273938928315e+03 
       1.445391412276e-01       3.119535802976e+03 
       1.474942538695e-01       2.982098361130e+03 
       1.504493727191e-01       2.862796865717e+03 
       1.534044972171e-01       2.761413324357e+03 
       1.563596269198e-01       2.676506510083e+03 
       1.593147614621e-01       2.605693036276e+03 
       1.622699005326e-01       2.545924610456e+03 
       1.652250438591e-01       2.493817331028e+03 
       1.681801911989e-01       2.446177217883e+03 
       1.711353423324e-01       2.400108555165e+03 
       1.740904970585e-01       2.352271892476e+03 
       1.770456551924e-01       2.300710242925e+03 
       1.800008165623e-01       2.244359939091e+03 
       1.829559810091e-01       2.183023815215e+03 
       1.859111483839e-01       2.117299158574e+03 
       1.888663185477e-01       2.048391694594e+03 
       1.918214913703e-01       1.977893932430e+03 
       1.947766667297e-01       1.907577950881e+03 
       1.977318445111e-01       1.839142734488e+03 
       2.006870246068e-01       1.774115440710e+03 
       2.036422069151e-01       1.713657442783e+03 
       2.065973913404e-01       1.658541941128e+03 
       2.095525777925e-01       1.609128686352e+03 
       2.125077661863e-01       1.565370225081e+03 
       2.154629564414e-01       1.526860843641e+03 
       2.184181484816e-01       1.492907940585e+03 
       2.213733422350e-01       1.462621241727e+03 
       2.243285376335e-01       1.434990052431e+03 
       2.272837346125e-01       1.408978976794e+03 
       2.302389331107e-01       1.383613740554e+03 
       2.331941330700e-01       1.358071238325e+03 
       2.361493344353e-01       1.331723485330e+03 
       2.391045371539e-01       1.304183356436e+03 
       2.420597411762e-01       1.275319644300e+03 
       2.450149464547e-01       1.245230863436e+03 
       2.479701529441e-01       1.214227528818e+03 
       2.509253606014e-01       1.182753093781e+03 
       2.538805693857e-01       1.151336404568e+03 
       2.568357792577e-01       1.120520080277e+03 
       2.597909901802e-01       1.090799942377e+03 
       2.627462021175e-01       1.062585202739e+03 
       2.657014150356e-01       1.036159812196e+03 
       2.686566289019e-01       1.011677444907e+03 
       2.716118436854e-01       9.891543666480e+02 
       2.745670593561e-01       9.684859248014e+02 
       2.775222758857e-01       9.494683042043e+02 
       2.804774932469e-01       9.318261273476e+02 
       2.834327114135e-01       9.152437747847e+02 
       2.863879303604e-01       8.993969219350e+02 
       2.893431500636e-01       8.839784428866e+02 
       2.922983705001e-01       8.687241411068e+02 
       2.952535916477e-01       8.534286794420e+02 
       2.982088134852e-01       8.379579721917e+02 
       3.011640359922e-01       8.222512925431e+02 
       3.041192591490e-01       8.063124652639e+02 
       3.070744829369e-01       7.902137447526e+02 
       3.100297073377e-01       7.740656726766e+02 
       3.129849323339e-01       7.580100333707e+02 
       3.159401579087e-01       7.422048421061e+02 
       3.188953840461e-01       7.267934215274e+02 
       3.218506107304e-01       7.119136863713e+02 
       3.248058379466e-01       6.976568454436e+02 
       3.277610656803e-01       6.840884906318e+02 
       3.307162939175e-01       6.712278115382e+02 
       3.336715226449e-01       6.590556656940e+02 
       3.366267518494e-01       6.475257659281e+02 
       3.395819815185e-01       6.365578627165e+02 
       3.425372116402e-01       6.260597342915e+02 
       3.454924422028e-01       6.159299090475e+02 
       3.484476731950e-01       6.060735725219e+02 
       3.514029046060e-01       5.964024293378e+02 
       3.543581364252e-01       5.868473839133e+02 
       3.573133686424e-01       5.773593552959e+02 
       3.602686012479e-01       5.679096337576e+02 
       3.632238342321e-01       5.584933108128e+02 
       3.661790675857e-01       5.491212171933e+02 
       3.691343013000e-01       5.398153635805e+02 
       3.720895353662e-01       5.306107762184e+02 
       3.750447697760e-01       5.215471499917e+02 
       3.780000045214e-01       5.126599437771e+02 
       3.809552395944e-01       5.039842653680e+02 
       3.839104749875e-01       4.955487337094e+02 
       3.868657106934e-01       4.873715230388e+02 
       3.898209467048e-01       4.794613591012e+02 
       3.927761830149e-01       4.718242248157e+02 
       3.957314196169e-01       4.644477542676e+02 
       3.986866565043e-01       4.573182992975e+02 
       4.016418936709e-01       4.504193244275e+02 
       4.045971311104e-01       4.437196954848e+02 
       4.075523688169e-01       4.371977189904e+02 
       4.105076067847e-01       4.308236889665e+02 
       4.134628450080e-01       4.245728902987e+02 
       4.164180834815e-01       4.184253451919e+02 
       4.193733221999e-01       4.123618920466e+02 
       4.223285611578e-01       4.063717969760e+02 
       4.252838003505e-01       4.004497685703e+02 
       4.282390397729e-01       3.945928344860e+02 
       4.311942794204e-01       3.888065858140e+02 
       4.341495192883e-01       3.830998671022e+02 
       4.371047593722e-01       3.774825243423e+02 
       4.400599996676e-01       3.719644140392e+02 
       4.430152401704e-01       3.665606121725e+02 
       4.459704808764e-01       3.612774946696e+02 
       4.489257217816e-01       3.561231674382e+02 
       4.518809628820e-01       3.511003148082e+02 
       4.548362041738e-01       3.462085719181e+02 
       4.577914456533e-01       3.414436017420e+02 
       4.607466873170e-01       3.368007760679e+02 
       4.637019291612e-01       3.322686888276e+02 
       4.666571711825e-01       3.278382828125e+02 
       4.696124133776e-01       3.234975851332e+02 
       4.725676557432e-01       3.192366588831e+02 
       4.755228982761e-01       3.150491387782e+02 
       4.784781409731e-01       3.109254839183e+02 
       4.814333838314e-01       3.068608160271e+02 
       4.843886268478e-01       3.028545322254e+02 
       4.873438700196e-01       2.989036389390e+02 
       4.902991133439e-01       2.950101941555e+02 
       4.932543568179e-01       2.911753233700e+02 
       4.962096004390e-01       2.874021530995e+02 
       4.991648442045e-01       2.836918274623e+02 
       5.021200881120e-01       2.800475328098e+02 
       5.050753321588e-01       2.764699577729e+02 
       5.080305763426e-01       2.729623928837e+02 
       5.109858206609e-01       2.695222810480e+02 
       5.139410651115e-01       2.661506212073e+02 
       5.168963096921e-01       2.628449086495e+02 
       5.198515544004e-01       2.596037831209e+02 
       5.228067992342e-01       2.564257158272e+02 
       5.257620441916e-01       2.533070386606e+02 
       5.287172892702e-01       2.502450196268e+02 
       5.316725344683e-01       2.472361232173e+02 
       5.346277797837e-01       2.442784764561e+02 
       5.375830252145e-01       2.413688013818e+02 
       5.405382707588e-01       2.385046576347e+02 
       5.434935164148e-01       2.356852995000e+02 
       5.464487621807e-01       2.329067025975e+02 
       5.494040080546e-01       2.301703880054e+02 
       5.523592540348e-01       2.274734522900e+02 
       5.553145001197e-01       2.248193735391e+02 
       5.582697463075e-01       2.222037077610e+02 
       5.612249925967e-01       2.196282877961e+02 
       5.641802389856e-01       2.170936469505e+02 
       5.671354854727e-01       2.146011829657e+02 
       5.700907320564e-01       2.121486779606e+02 
       5.730459787353e-01       2.097384068503e+02 
       5.760012255078e-01       2.073685221015e+02 
       5.789564723725e-01       2.050382517410e+02 
       5.819117193281e-01       2.027466124229e+02 
       5.848669663732e-01       2.004928852970e+02 
       5.878222135063e-01       1.982746934387e+02 
       5.907774607262e-01       1.960939473330e+02 
       5.937327080316e-01       1.939455675112e+02 
       5.966879554211e-01       1.918300625363e+02 
       5.996432028937e-01       1.897461736288e+02 
       6.025984504479e-01       1.876931939331e+02 
       6.055536980827e-01       1.856690437131e+02 
       6.085089457968e-01       1.836754193544e+02 
       6.114641935891e-01       1.817097282330e+02 
       6.144194414585e-01       1.797739454138e+02 
       6.173746894038e-01       1.778640814948e+02 
       6.203299374240e-01       1.759825444605e+02 
       6.232851855181e-01       1.741281615786e+02 
       6.262404336848e-01       1.723008567756e+02 
       6.291956819233e-01       1.705001878990e+02 
       6.321509302325e-01       1.687264148196e+02 
       6.351061786114e-01       1.669780120639e+02 
       6.380614270591e-01       1.652565809878e+02 
       6.410166755746e-01       1.635598337839e+02 
       6.439719241570e-01       1.618880441454e+02 
       6.469271728053e-01       1.602410644754e+02 
       6.498824215187e-01       1.586170284487e+02 
       6.528376702962e-01       1.570172874917e+02 
       6.557929191370e-01       1.554393885515e+02 
       6.587481680403e-01       1.538837885882e+02 
       6.617034170051e-01       1.523495611389e+02 
       6.646586660308e-01       1.508357670447e+02 
       6.676139151164e-01       1.493443251278e+02 
       6.705691642611e-01       1.478719594475e+02 
       6.735244134643e-01       1.464199208868e+02 
       6.764796627251e-01       1.449869284787e+02 
       6.794349120428e-01       1.435736781422e+02 
       6.823901614166e-01       1.421797429418e+02 
       6.853454108458e-01       1.408041718883e+02 
       6.883006603297e-01       1.394468839776e+02 
       6.912559098676e-01       1.381084569885e+02 
       6.942111594588e-01       1.367878298050e+02 
       6.971664091026e-01       1.354848228289e+02 
       7.001216587983e-01       1.341991564511e+02 
       7.030769085454e-01       1.329308450743e+02 
       7.060321583431e-01       1.316790554470e+02 
       7.089874081908e-01       1.304436199567e+02 
       7.119426580878e-01       1.292239299573e+02 
       7.148979080337e-01       1.280211502953e+02 
       7.178531580277e-01       1.268343191988e+02 
       7.208084080694e-01       1.256616006382e+02 
       7.237636581580e-01       1.245047805043e+02 
       7.267189082930e-01       1.233621577179e+02 
       7.296741584739e-01       1.222343209178e+02 
       7.326294087000e-01       1.211209139288e+02 
       7.355846589710e-01       1.200208717805e+02 
       7.385399092861e-01       1.189356060268e+02 
       7.414951596449e-01       1.178631096902e+02 
       7.444504100469e-01       1.168046714904e+02 
       7.474056604915e-01       1.157590861828e+02 
       7.503609109783e-01       1.147265368269e+02 
       7.533161615067e-01       1.137063601564e+02 
       7.562714120763e-01       1.126994059126e+02 
       7.592266626866e-01       1.117048088154e+02 
       7.621819133370e-01       1.107219233315e+02 
       7.651371640272e-01       1.097520048094e+02 
       7.680924147567e-01       1.087930351025e+02 
       7.710476655250e-01       1.078462845330e+02 
       7.740029163317e-01       1.069104638428e+02 
       7.769581671763e-01       1.059866164500e+02 
       7.799134180584e-01       1.050736835594e+02 
       7.828686689776e-01       1.041716454758e+02 
       7.858239199334e-01       1.032802856759e+02 
       7.887791709255e-01       1.023990857865e+02 
       7.917344219535e-01       1.015293280979e+02 
       7.946896730169e-01       1.006690674118e+02 
       7.976449241153e-01       9.981886406142e+01 
       8.006001752484e-01       9.897898231037e+01 
       8.035554264158e-01       9.814825020990e+01 
       8.065106776171e-01       9.732852322659e+01 
       8.094659288519e-01       9.651778935246e+01 
       8.124211801198e-01       9.571580382762e+01 
       8.153764314206e-01       9.492393697644e+01 
       8.183316827538e-01       9.414034876809e+01 
       8.212869341190e-01       9.336589730976e+01 
       8.242421855161e-01       9.260025533404e+01 
       8.271974369445e-01       9.184433390346e+01 
       8.301526884040e-01       9.109558439665e+01 
       8.331079398943e-01       9.035635021831e+01 
       8.360631914149e-01       8.962494290377e+01 
       8.390184429657e-01       8.890234639321e+01 
       8.419736945462e-01       8.818719393548e+01 
       8.449289461562e-01       8.748105745750e+01 
       8.478841977953e-01       8.678200468636e+01 
       8.508394494633e-01       8.609064359816e+01 
       8.537947011598e-01       8.540655568181e+01 
       8.567499528845e-01       8.473130742250e+01 
       8.597052046373e-01       8.406291142789e+01 
       8.626604564177e-01       8.340092494670e+01 
       8.656157082254e-01       8.274737367200e+01 
       8.685709600603e-01       8.210050897277e+01 
       8.715262119220e-01       8.146080606837e+01 
       8.744814638103e-01       8.082773462510e+01 
       8.774367157249e-01       8.020145419392e+01 
       8.803919676655e-01       7.958272002504e+01 
       8.833472196318e-01       7.896941922067e+01 
       8.863024716237e-01       7.836369032132e+01 
       8.892577236408e-01       7.776370729114e+01 
       8.922129756829e-01       7.717069675348e+01 
       8.951682277497e-01       7.658395815181e+01 
       8.981234798411e-01       7.600296357905e+01 
       9.010787319567e-01       7.542800898904e+01 
       9.040339840964e-01       7.485953289345e+01 
       9.069892362598e-01       7.429697780415e+01 
       9.099444884468e-01       7.374057488203e+01 
       9.128997406571e-01       7.318882533813e+01 
       9.158549928906e-01       7.264381145806e+01 
       9.188102451469e-01       7.210475208728e+01 
       9.217654974258e-01       7.157036988730e+01 
       9.247207497272e-01       7.104177322889e+01 
       9.276760020509e-01       7.051904457782e+01 
       9.306312543965e-01       7.000111629922e+01 
       9.335865067640e-01       6.948869987479e+01 
       9.365417591530e-01       6.898083431970e+01 
       9.394970115635e-01       6.847889941719e+01 
       9.424522639951e-01       6.798185254232e+01 
       9.454075164477e-01       6.748991749350e+01 
       9.483627689212e-01       6.700271195906e+01 
       9.513180214152e-01       6.652041131320e+01 
       9.542732739296e-01       6.604257167483e+01 
       9.572285264643e-01       6.557039578145e+01 
       9.601837790190e-01       6.510234191682e+01 
       9.631390315936e-01       6.463862171361e+01 
       9.660942841878e-01       6.418001357616e+01 
       9.690495368015e-01       6.372579328678e+01 
       9.720047894345e-01       6.327617958273e+01 
       9.749600420866e-01       6.283046735866e+01 
       9.779152947578e-01       6.238956652304e+01 
       9.808705474477e-01       6.195280448832e+01 
       9.838258001562e-01       6.152011811276e+01 
       9.867810528831e-01       6.109237059435e+01 
       9.897363056284e-01       6.066776401834e+01 
       9.926915583918e-01       6.024810193377e+01 
       9.956468111731e-01       5.983124801864e+01 
       9.986020639722e-01       5.941933192159e+01 
       1.001557316789e+00       5.901177710135e+01 
       1.004512569623e+00       5.860734006453e+01 
       1.007467822475e+00       5.820657975668e+01 
       1.010423075344e+00       5.781007628826e+01 
       1.013378328229e+00       5.741743423204e+01 
       1.016333581132e+00       5.702823865884e+01 
       1.019288834052e+00       5.664266443942e+01 
       1.022244086988e+00       5.626069622196e+01 
       1.025199339940e+00       5.588257480751e+01 
       1.028154592909e+00       5.550782050560e+01 
       1.031109845894e+00       5.513662277402e+01 
       1.034065098895e+00       5.476817419104e+01 
       1.037020351912e+00       5.440409954660e+01 
       1.039975604944e+00       5.404315804411e+01 
       1.042930857992e+00       5.368535670568e+01 
       1.045886111056e+00       5.333048867631e+01 
       1.048841364135e+00       5.298008462859e+01 
       1.051796617229e+00       5.263172400555e+01 
       1.054751870339e+00       5.228697816178e+01 
       1.057707123463e+00       5.194534061186e+01 
       1.060662376602e+00       5.160655992993e+01 
       1.063617629756e+00       5.127088306522e+01 
       1.066572882925e+00       5.093857848787e+01 
       1.069528136108e+00       5.060887908957e+01 
       1.072483389305e+00       5.028277457649e+01 
       1.075438642516e+00       4.995888425238e+01 
       1.078393895742e+00       4.963830418712e+01 
       1.081349148982e+00       4.932080290896e+01 
       1.084304402235e+00       4.900511009092e+01 
       1.087259655503e+00       4.869297969849e+01 
       1.090214908784e+00       4.838387183166e+01 
       1.093170162078e+00       4.807708343182e+01 
       1.096125415386e+00       4.777294517307e+01 
       1.099080668708e+00       4.747203369363e+01 
       1.102035922042e+00       4.717297296740e+01 
       1.104991175390e+00       4.687624309370e+01 
       1.107946428751e+00       4.658291320400e+01 
       1.110901682124e+00       4.629223666382e+01 
       1.113856935511e+00       4.600374003035e+01 
       1.116812188910e+00       4.571775764213e+01 
       1.119767442322e+00       4.543436590142e+01 
       1.122722695746e+00       4.515328260341e+01 
       1.125677949183e+00       4.487455125644e+01 
       1.128633202632e+00       4.459846364487e+01 
       1.131588456093e+00       4.432402564921e+01 
       1.134543709566e+00       4.405271085123e+01 
       1.137498963052e+00       4.378350873480e+01 
       1.140454216549e+00       4.351621762312e+01 
       1.143409470058e+00       4.325177951460e+01 
       1.146364723579e+00       4.298910837977e+01 
       1.149319977111e+00       4.272880936517e+01 
       1.152275230655e+00       4.247066774893e+01 
       1.155230484211e+00       4.221472199255e+01 
       1.158185737778e+00       4.196145601692e+01 
       1.161140991356e+00       4.170967128404e+01 
       1.164096244946e+00       4.145987363614e+01 
       1.167051498546e+00       4.121245578353e+01 
       1.170006752158e+00       4.096661800395e+01 
       1.172962005780e+00       4.072328108011e+01 
       1.175917259414e+00       4.048215011182e+01 
       1.178872513058e+00       4.024237419492e+01 
       1.181827766713e+00       4.000502556542e+01 
       1.184783020379e+00       3.976950583773e+01 
       1.187738274055e+00       3.953554850058e+01 
       1.190693527742e+00       3.930376354027e+01 
       1.193648781439e+00       3.907423064355e+01 
       1.196604035146e+00       3.884626966877e+01 
       1.199559288864e+00       3.862012798560e+01 
       1.202514542592e+00       3.839556109027e+01 
       1.205469796329e+00       3.817347341067e+01 
       1.208425050077e+00       3.795226608074e+01 
       1.211380303835e+00       3.773362715866e+01 
       1.214335557603e+00       3.751627744586e+01 
       1.217290811381e+00       3.730067749373e+01 
       1.220246065168e+00       3.708686853599e+01 
       1.223201318965e+00       3.687455443333e+01 
       1.226156572771e+00       3.666481122533e+01 
       1.229111826587e+00       3.645585641039e+01 
       1.232067080413e+00       3.624901068782e+01 
       1.235022334248e+00       3.604317445321e+01 
       1.237977588092e+00       3.583955599062e+01 
       1.240932841945e+00       3.563711547837e+01 
       1.243888095808e+00       3.543660569712e+01 
       1.246843349680e+00       3.523722091617e+01 
       1.249798603561e+00       3.503993268481e+01 
       1.252753857451e+00       3.484383288511e+01 
       1.255709111349e+00       3.464940944634e+01 
       1.258664365257e+00       3.445653899248e+01 
       1.261619619173e+00       3.426496431806e+01 
       1.264574873098e+00       3.407512825435e+01 
       1.267530127032e+00       3.388640002800e+01 
       1.270485380975e+00       3.369896591228e+01 
       1.273440634926e+00       3.351352451966e+01 
       1.276395888885e+00       3.332928362026e+01 
       1.279351142853e+00       3.314655731722e+01 
       1.282306396830e+00       3.296523305764e+01 
       1.285261650814e+00       3.278492671429e+01 
       1.288216904807e+00       3.260599600570e+01 
       1.291172158808e+00       3.242872902810e+01 
       1.294127412818e+00       3.225257656086e+01 
       1.297082666835e+00       3.207814185509e+01 
       1.300037920860e+00       3.190458003945e+01 
       1.302993174894e+00       3.173255129405e+01 
       1.305948428935e+00       3.156179067841e+01 
       1.308903682985e+00       3.139221167087e+01 
       1.311858937042e+00       3.122390069199e+01 
       1.314814191106e+00       3.105680869215e+01 
       1.317769445179e+00       3.089136196474e+01 
       1.320724699259e+00       3.072645554025e+01 
       1.323679953347e+00       3.056313020572e+01 
       1.326635207442e+00       3.040137837787e+01 
       1.329590461545e+00       3.024040862930e+01 
       1.332545715656e+00       3.008048743861e+01 
       1.335500969774e+00       2.992189104585e+01 
       1.338456223899e+00       2.976460413331e+01 
       1.340840250952e+00       2.963817845108e+01 
       1.341411478031e+00       2.960814781659e+01 
       1.344366732171e+00       2.945263074855e+01 
       1.347321986318e+00       2.929890152519e+01 
       1.350277240472e+00       2.914588196850e+01 
       1.353232494634e+00       2.899418535224e+01 
       1.356187748802e+00       2.884357717204e+01 
       1.359143002977e+00       2.869382377824e+01 
       1.362098257160e+00       2.854550753825e+01 
       1.365053511349e+00       2.839791064877e+01 
       1.368008765545e+00       2.825140398604e+01 
       1.370964019748e+00       2.810643045488e+01 
       1.373919273958e+00       2.796204227031e+01 
       1.376874528175e+00       2.781842153696e+01 
       1.379829782398e+00       2.767613336166e+01 
       1.382785036629e+00       2.753491957017e+01 
       1.385740290865e+00       2.739450961372e+01 
       1.744241728620e+00       1.572666893202e+01 
       2.195867951050e+00       8.949809050643e+00 
       2.764433961683e+00       5.055471659203e+00 
       3.480216163589e+00       2.836214080695e+00 
       4.381332566879e+00       1.581334324034e+00 
       5.515770905966e+00       8.766769909503e-01 
       6.943944159155e+00       4.835244515212e-01 
       8.741907760040e+00       2.654012196126e-01 
       1.100540982668e+01       1.450207213882e-01 
       1.385499009801e+01       7.892336660465e-02 
       1.744239911454e+01       4.279023023829e-02 
       2.195867948795e+01       2.309986963937e-02 
