# Matter power spectrum P(k) at redshift z=0
# for k=1.10732e-05 to 20.1095 h/Mpc,
# number of wavenumbers equal to 847
#    1:k (h/Mpc)              2:P (Mpc/h)^3        
       1.107317772065e-05       4.128044126573e+01 
       2.472387211850e-05       8.955129637350e+01 
       3.842846360950e-05       1.370029477146e+02 
       5.222837606538e-05       1.841583466132e+02 
       6.616580199641e-05       2.313221939068e+02 
       8.028412487584e-05       2.787275141809e+02 
       9.462835654767e-05       3.265769790715e+02 
       1.092455961873e-04       3.750599966237e+02 
       1.241855173283e-04       4.243616620986e+02 
       1.395008895006e-04       4.746683226860e+02 
       1.552481409925e-04       5.261715802398e+02 
       1.714879690707e-04       5.790715286776e+02 
       1.882860035665e-04       6.335796145079e+02 
       2.057135289094e-04       6.899213277960e+02 
       2.238482682627e-04       7.483388492348e+02 
       2.427752311194e-04       8.090936798625e+02 
       2.625876221967e-04       8.724693299014e+02 
       2.833878042717e-04       9.387740076369e+02 
       3.052883001775e-04       1.008343281258e+03 
       3.284128088792e-04       1.081542643593e+03 
       3.528971966689e-04       1.158769814221e+03 
       3.788904064142e-04       1.240456638985e+03 
       4.065552050333e-04       1.327070272221e+03 
       4.360686620715e-04       1.419113327259e+03 
       4.676222215274e-04       1.517122603355e+03 
       5.014211976820e-04       1.621665783188e+03 
       5.376834987030e-04       1.733335632426e+03 
       5.766373673593e-04       1.852741031937e+03 
       6.185179375336e-04       1.980494342795e+03 
       6.635624518613e-04       2.117194738791e+03 
       7.120040827310e-04       2.263407494793e+03 
       7.640644534552e-04       2.419639707789e+03 
       8.199451635708e-04       2.586313635088e+03 
       8.798188576122e-04       2.763739591767e+03 
       9.438205940852e-04       2.952090930622e+03 
       1.012040408795e-03       3.151384267092e+03 
       1.084517963725e-03       3.361467659283e+03 
       1.161239995243e-03       3.582018970177e+03 
       1.242140937371e-03       3.812554946146e+03 
       1.327106664275e-03       4.052449907961e+03 
       1.415980872486e-03       4.300961580710e+03 
       1.508573308148e-03       4.557260539479e+03 
       1.600463238080e-03       4.809000936091e+03 
       1.604668900590e-03       4.820460681388e+03 
       1.704036898571e-03       5.089648519301e+03 
       1.806439278128e-03       5.363910274154e+03 
       1.911637934601e-03       5.642355367496e+03 
       2.019400420676e-03       5.924135093747e+03 
       2.129504201157e-03       6.208455112734e+03 
       2.241739541922e-03       6.494582034600e+03 
       2.355911234221e-03       6.781844996423e+03 
       2.471839387193e-03       7.069636030466e+03 
       2.589359517119e-03       7.357408561822e+03 
       2.708322136466e-03       7.644676078678e+03 
       2.828592010923e-03       7.931008671981e+03 
       2.950047216342e-03       8.216028474794e+03 
       3.072578094223e-03       8.499402915828e+03 
       3.196086176276e-03       8.780840302145e+03 
       3.320483126124e-03       9.060085652517e+03 
       3.445689729029e-03       9.336918097988e+03 
       3.571634947869e-03       9.611147267119e+03 
       3.698255054619e-03       9.882609476490e+03 
       3.825492840360e-03       1.015116229429e+04 
       3.953296902846e-03       1.041668524477e+04 
       4.081621008042e-03       1.067907394592e+04 
       4.210423520647e-03       1.093824254260e+04 
       4.339666897875e-03       1.119411825753e+04 
       4.469317240545e-03       1.144664211613e+04 
       4.599343895654e-03       1.169576542367e+04 
       4.729719104860e-03       1.194144712656e+04 
       4.860417693748e-03       1.218365733055e+04 
       4.991416797156e-03       1.242237503389e+04 
       5.122695616330e-03       1.265758324457e+04 
       5.254235204113e-03       1.288927274212e+04 
       5.386018274793e-03       1.311743437234e+04 
       5.518029035642e-03       1.334206932745e+04 
       5.650253037511e-03       1.356317775364e+04 
       5.782677042191e-03       1.378079949812e+04 
       5.915288904509e-03       1.399489685582e+04 
       6.048077467387e-03       1.420547691157e+04 
       6.181032468331e-03       1.441256890953e+04 
       6.314144455979e-03       1.461621029670e+04 
       6.447404715532e-03       1.481642278216e+04 
       6.580805202027e-03       1.501321539989e+04 
       6.714338480547e-03       1.520660039059e+04 
       6.847997672569e-03       1.539659697148e+04 
       6.981776407759e-03       1.558323836762e+04 
       7.115668780595e-03       1.576655535719e+04 
       7.249669311281e-03       1.594658121523e+04 
       7.383772910491e-03       1.612332238257e+04 
       7.517974847507e-03       1.629680737164e+04 
       7.652270721404e-03       1.646707158762e+04 
       7.786656434946e-03       1.663414463079e+04 
       7.921128170914e-03       1.679805263632e+04 
       8.055682370606e-03       1.695882787718e+04 
       8.190315714296e-03       1.711648505244e+04 
       8.325025103439e-03       1.727106272575e+04 
       8.459807644463e-03       1.742259452486e+04 
       8.594660633974e-03       1.757110236625e+04 
       8.729581545247e-03       1.771661683643e+04 
       8.864568015872e-03       1.785916930378e+04 
       8.999617836449e-03       1.799878397272e+04 
       9.134728940226e-03       1.813548778718e+04 
       9.269899393596e-03       1.826932448413e+04 
       9.405127387376e-03       1.840031148982e+04 
       9.540411228791e-03       1.852847391107e+04 
       9.675749334100e-03       1.865384318705e+04 
       9.811140221810e-03       1.877645204896e+04 
       9.946582506424e-03       1.889632911979e+04 
       1.008207489267e-02       1.901349799885e+04 
       1.021761617020e-02       1.912798732098e+04 
       1.035320520864e-02       1.923983025799e+04 
       1.048884095310e-02       1.934904612617e+04 
       1.062452241992e-02       1.945566886898e+04 
       1.076024869283e-02       1.955972293088e+04 
       1.089601891934e-02       1.966122498169e+04 
       1.103183230741e-02       1.976021678652e+04 
       1.116768812232e-02       1.985671487783e+04 
       1.130358568390e-02       1.995075457662e+04 
       1.143952436377e-02       2.004236226425e+04 
       1.157550358295e-02       2.013155617543e+04 
       1.171152280952e-02       2.021836592724e+04 
       1.184758155654e-02       2.030280533889e+04 
       1.198367938004e-02       2.038492511413e+04 
       1.211981587721e-02       2.046473126340e+04 
       1.225599068467e-02       2.054224940378e+04 
       1.239220347693e-02       2.061751259792e+04 
       1.252845396487e-02       2.069053687674e+04 
       1.266474189442e-02       2.076134871986e+04 
       1.280106704526e-02       2.082996911862e+04 
       1.293742922964e-02       2.089643111183e+04 
       1.307382829133e-02       2.096075336422e+04 
       1.321026410455e-02       2.102296260070e+04 
       1.334673657309e-02       2.108307376336e+04 
       1.348324562937e-02       2.114112120184e+04 
       1.361979123370e-02       2.119712124125e+04 
       1.375637337352e-02       2.125109806833e+04 
       1.389299206268e-02       2.130307829382e+04 
       1.402964734084e-02       2.135308068225e+04 
       1.416633927290e-02       2.140113129153e+04 
       1.430306794843e-02       2.144724355019e+04 
       1.443983348120e-02       2.149144704805e+04 
       1.457663600876e-02       2.153374858050e+04 
       1.471347569197e-02       2.157418709440e+04 
       1.485035271472e-02       2.161278363592e+04 
       1.498726728353e-02       2.164955310269e+04 
       1.512421962729e-02       2.168450887118e+04 
       1.526120999698e-02       2.171768951695e+04 
       1.539823866546e-02       2.174910315897e+04 
       1.553530592725e-02       2.177878137313e+04 
       1.567241209837e-02       2.180674070588e+04 
       1.580955751621e-02       2.183299187920e+04 
       1.594674253936e-02       2.185756452347e+04 
       1.600463238080e-02       2.186743810261e+04 
       1.608396754759e-02       2.188047551852e+04 
       1.622123294172e-02       2.190175431952e+04 
       1.635853914361e-02       2.192140914707e+04 
       1.649588659614e-02       2.193946836555e+04 
       1.663327576319e-02       2.195593274153e+04 
       1.677070712968e-02       2.197084298131e+04 
       1.690818120160e-02       2.198420263198e+04 
       1.704569850609e-02       2.199606348121e+04 
       1.718325959150e-02       2.200640768293e+04 
       1.732086502751e-02       2.201525883226e+04 
       1.745851540526e-02       2.202264958585e+04 
       1.759621133746e-02       2.202860473287e+04 
       1.773395345858e-02       2.203311833154e+04 
       1.787174242498e-02       2.203622219419e+04 
       1.800957891517e-02       2.203794190384e+04 
       1.814746362997e-02       2.203828675983e+04 
       1.828539729275e-02       2.203727946330e+04 
       1.842338064968e-02       2.203491824453e+04 
       1.856141447000e-02       2.203124985274e+04 
       1.869949954629e-02       2.202629181957e+04 
       1.883763669475e-02       2.202003333063e+04 
       1.897582675557e-02       2.201252129789e+04 
       1.911407059319e-02       2.200375626506e+04 
       1.925236909670e-02       2.199376341409e+04 
       1.939072318016e-02       2.198255026162e+04 
       1.952913378303e-02       2.197012108416e+04 
       1.966760187054e-02       2.195653914429e+04 
       1.980612843412e-02       2.194179593892e+04 
       1.994471449180e-02       2.192589759679e+04 
       2.008336108871e-02       2.190888280137e+04 
       2.022206929753e-02       2.189071819753e+04 
       2.036084021897e-02       2.187149124826e+04 
       2.049967498227e-02       2.185117883479e+04 
       2.063857474574e-02       2.182980134538e+04 
       2.077754069732e-02       2.180735407110e+04 
       2.091657405511e-02       2.178390694165e+04 
       2.105567606795e-02       2.175942366237e+04 
       2.119484801608e-02       2.173394307085e+04 
       2.133409121170e-02       2.170749267619e+04 
       2.147340699963e-02       2.168006134262e+04 
       2.161279675800e-02       2.165167536025e+04 
       2.175226189892e-02       2.162236124265e+04 
       2.189180386919e-02       2.159212001540e+04 
       2.203142415105e-02       2.156096902248e+04 
       2.217112426292e-02       2.152892251512e+04 
       2.231090576016e-02       2.149599452651e+04 
       2.245077023592e-02       2.146221654231e+04 
       2.259071932197e-02       2.142758864588e+04 
       2.273075468952e-02       2.139211360628e+04 
       2.287087805011e-02       2.135580954037e+04 
       2.301109115655e-02       2.131873898508e+04 
       2.315139580386e-02       2.128084810392e+04 
       2.329179383020e-02       2.124219407362e+04 
       2.343228711791e-02       2.120275250276e+04 
       2.357287759450e-02       2.116257542350e+04 
       2.371356723378e-02       2.112168431439e+04 
       2.385435805686e-02       2.108004130523e+04 
       2.399525213337e-02       2.103772853403e+04 
       2.413625158257e-02       2.099469432975e+04 
       2.427735857457e-02       2.095096146132e+04 
       2.441857533156e-02       2.090656876603e+04 
       2.455990412908e-02       2.086158667577e+04 
       2.470134729737e-02       2.081590666904e+04 
       2.484290722268e-02       2.076958973836e+04 
       2.498458634871e-02       2.072262689910e+04 
       2.512638717804e-02       2.067512614550e+04 
       2.526831227360e-02       2.062699645789e+04 
       2.541036426024e-02       2.057829808615e+04 
       2.555254582630e-02       2.052905464173e+04 
       2.569485972526e-02       2.047921402079e+04 
       2.583730877739e-02       2.042884510328e+04 
       2.597989587155e-02       2.037796415408e+04 
       2.612262396695e-02       2.032656534816e+04 
       2.626549609502e-02       2.027464801859e+04 
       2.640851536136e-02       2.022222164716e+04 
       2.655168494765e-02       2.016935866550e+04 
       2.669500811377e-02       2.011595442670e+04 
       2.683848819990e-02       2.006210851445e+04 
       2.698212862868e-02       2.000783663520e+04 
       2.712593290747e-02       1.995309466297e+04 
       2.726990463075e-02       1.989794550613e+04 
       2.741404748246e-02       1.984239077333e+04 
       2.755836523852e-02       1.978640297525e+04 
       2.770286176945e-02       1.973001583329e+04 
       2.784754104298e-02       1.967324085663e+04 
       2.799240712690e-02       1.961615177975e+04 
       2.813746419182e-02       1.955859419831e+04 
       2.828271651424e-02       1.950074542539e+04 
       2.842816847953e-02       1.944256517800e+04 
       2.857382458518e-02       1.938399473586e+04 
       2.871968944402e-02       1.932505836574e+04 
       2.886576778771e-02       1.926596308925e+04 
       2.901206447022e-02       1.920643493370e+04 
       2.915858447149e-02       1.914666339383e+04 
       2.930533290130e-02       1.908657582520e+04 
       2.945231500313e-02       1.902619484092e+04 
       2.959953615829e-02       1.896556452503e+04 
       2.974700189017e-02       1.890462785307e+04 
       2.989471786863e-02       1.884347422774e+04 
       3.004268991456e-02       1.878201845497e+04 
       3.019092400468e-02       1.872043178936e+04 
       3.033942627642e-02       1.865855395669e+04 
       3.048820303308e-02       1.859641705798e+04 
       3.063726074914e-02       1.853413622005e+04 
       3.078660607584e-02       1.847158821691e+04 
       3.093624584689e-02       1.840890473943e+04 
       3.108618708453e-02       1.834595434769e+04 
       3.123643700572e-02       1.828287222628e+04 
       3.138700302866e-02       1.821955595030e+04 
       3.153789277956e-02       1.815614140773e+04 
       3.168911409971e-02       1.809255445065e+04 
       3.184067505277e-02       1.802879122685e+04 
       3.199258393251e-02       1.796488180449e+04 
       3.214484927073e-02       1.790074946536e+04 
       3.229747984561e-02       1.783659598313e+04 
       3.245048469046e-02       1.777229679683e+04 
       3.260387310271e-02       1.770787190574e+04 
       3.275765465346e-02       1.764327806317e+04 
       3.291183919736e-02       1.757862053532e+04 
       3.306643688299e-02       1.751381316403e+04 
       3.322145816363e-02       1.744896113457e+04 
       3.337691380865e-02       1.738400491353e+04 
       3.353281491530e-02       1.731894051131e+04 
       3.368917292117e-02       1.725379975658e+04 
       3.384599961714e-02       1.718855460501e+04 
       3.400330716100e-02       1.712327841423e+04 
       3.416110809176e-02       1.705791335891e+04 
       3.431941534453e-02       1.699249312531e+04 
       3.447824226630e-02       1.692701947589e+04 
       3.463760263236e-02       1.686149835376e+04 
       3.479751066364e-02       1.679586990320e+04 
       3.495798104488e-02       1.673027923572e+04 
       3.511902894371e-02       1.666455453746e+04 
       3.528067003079e-02       1.659885748043e+04 
       3.544292050094e-02       1.653315486432e+04 
       3.560579709538e-02       1.646732365386e+04 
       3.576931712521e-02       1.640156877134e+04 
       3.593349849610e-02       1.633570529097e+04 
       3.609835973434e-02       1.626982200709e+04 
       3.626392001438e-02       1.620396769807e+04 
       3.643019918777e-02       1.613813770413e+04 
       3.659721781390e-02       1.607223754858e+04 
       3.676499719231e-02       1.600630388170e+04 
       3.693355939703e-02       1.594039302195e+04 
       3.710292731278e-02       1.587451244727e+04 
       3.727312467338e-02       1.580854991731e+04 
       3.744417610244e-02       1.574265680950e+04 
       3.761610715645e-02       1.567671293278e+04 
       3.778894437053e-02       1.561083052113e+04 
       3.796271530706e-02       1.554492932961e+04 
       3.813744860722e-02       1.547901667133e+04 
       3.831317404592e-02       1.541311921513e+04 
       3.848992259014e-02       1.534726106974e+04 
       3.866772646112e-02       1.528134874806e+04 
       3.884661920058e-02       1.521550315519e+04 
       3.902663574140e-02       1.514968984407e+04 
       3.920781248301e-02       1.508382982048e+04 
       3.939018737192e-02       1.501796998569e+04 
       3.957379998788e-02       1.495212496422e+04 
       3.975869163598e-02       1.488631231026e+04 
       3.994490544540e-02       1.482053886066e+04 
       4.013248647518e-02       1.475477790361e+04 
       4.032148182773e-02       1.468895447557e+04 
       4.051194077080e-02       1.462315323646e+04 
       4.070391486858e-02       1.455738986068e+04 
       4.089745812272e-02       1.449159609969e+04 
       4.109262712441e-02       1.442575074745e+04 
       4.128948121822e-02       1.436001981181e+04 
       4.148808267916e-02       1.429423896303e+04 
       4.168849690394e-02       1.422845643261e+04 
       4.189079261800e-02       1.416267493462e+04 
       4.209504209985e-02       1.409689001614e+04 
       4.230132142437e-02       1.403107421069e+04 
       4.250971072715e-02       1.396517547268e+04 
       4.272029449193e-02       1.389932093946e+04 
       4.293316186369e-02       1.383343926673e+04 
       4.314840699012e-02       1.376747496493e+04 
       4.336612939455e-02       1.370156333343e+04 
       4.358643438384e-02       1.363550890201e+04 
       4.380943349526e-02       1.356943298042e+04 
       4.403524498684e-02       1.350334300510e+04 
       4.426399437615e-02       1.343712120956e+04 
       4.449581503361e-02       1.337087275425e+04 
       4.473084883661e-02       1.330450738541e+04 
       4.496924689232e-02       1.323806157672e+04 
       4.521117033770e-02       1.317155959682e+04 
       4.545679122665e-02       1.310490909395e+04 
       4.570629351598e-02       1.303814964750e+04 
       4.595987416321e-02       1.297123873614e+04 
       4.621774435180e-02       1.290419773272e+04 
       4.648013086143e-02       1.283700316927e+04 
       4.674727760418e-02       1.276964238301e+04 
       4.701944735093e-02       1.270207834877e+04 
       4.729692367624e-02       1.263432530749e+04 
       4.758001315515e-02       1.256635741896e+04 
       4.786904785134e-02       1.249812905593e+04 
       4.816438814309e-02       1.242967360115e+04 
       4.846642594243e-02       1.236089128901e+04 
       4.877558837334e-02       1.229181854400e+04 
       4.909234198787e-02       1.222243791478e+04 
       4.941719761473e-02       1.215264636078e+04 
       4.975071595453e-02       1.208250397423e+04 
       5.009351405979e-02       1.201191621178e+04 
       5.044627286743e-02       1.194087102858e+04 
       5.080974598894e-02       1.186934701053e+04 
       5.118477000903e-02       1.179721846880e+04 
       5.157227660253e-02       1.172452784226e+04 
       5.197330685162e-02       1.165116256209e+04 
       5.238902823867e-02       1.157709497121e+04 
       5.282075490715e-02       1.150220763275e+04 
       5.326997193232e-02       1.142646493366e+04 
       5.373836453384e-02       1.134975396979e+04 
       5.422785340506e-02       1.127197953975e+04 
       5.474063764241e-02       1.119305476299e+04 
       5.527924714999e-02       1.111271142127e+04 
       5.584660688577e-02       1.103088419001e+04 
       5.644611592423e-02       1.094739948116e+04 
       5.708174503981e-02       1.086191696703e+04 
       5.775815734792e-02       1.077420598162e+04 
       5.848085739220e-02       1.068392900147e+04 
       5.925637472473e-02       1.059053730385e+04 
       6.009248800817e-02       1.049348099740e+04 
       6.099849396892e-02       1.039204081341e+04 
       6.198552015712e-02       1.028520388645e+04 
       6.306686769668e-02       1.017165069162e+04 
       6.425834352238e-02       1.004969498565e+04 
       6.557849089498e-02       9.916959229490e+03 
       6.704854011932e-02       9.770306373705e+03 
       6.869177425692e-02       9.605585852104e+03 
       7.053187166073e-02       9.417520997612e+03 
       7.258978092124e-02       9.199780582391e+03 
       7.487907928647e-02       8.945621675958e+03 
       7.740082036488e-02       8.649408807144e+03 
       8.014024125560e-02       8.308699698287e+03 
       8.306791649305e-02       7.926398977669e+03 
       8.614571141503e-02       7.511602701134e+03 
       8.933466084775e-02       7.078596426710e+03 
       9.260102822203e-02       6.644343488865e+03 
       9.591888025989e-02       6.225596310841e+03 
       9.926987411757e-02       5.836572477114e+03 
       1.026417433750e-01       5.487528843174e+03 
       1.060265795510e-01       5.184223950339e+03 
       1.094194009110e-01       4.928139715797e+03 
       1.128171144856e-01       4.716964483061e+03 
       1.162178169980e-01       4.545487399575e+03 
       1.196203435575e-01       4.406352590889e+03 
       1.230239834675e-01       4.290959419997e+03 
       1.264283039060e-01       4.190270332069e+03 
       1.298330415007e-01       4.095606310202e+03 
       1.332380360140e-01       3.999426235362e+03 
       1.366431899115e-01       3.895918585198e+03 
       1.400484437617e-01       3.781475297756e+03 
       1.434537612823e-01       3.654807335699e+03 
       1.468591202589e-01       3.516873659627e+03 
       1.502645070298e-01       3.370428872374e+03 
       1.536699131374e-01       3.219490843529e+03 
       1.570753332956e-01       3.068672149221e+03 
       1.600463238080e-01       2.940785020257e+03 
       1.604807641548e-01       2.922556761915e+03 
       1.638862035515e-01       2.785203999286e+03 
       1.672916500520e-01       2.659755238797e+03 
       1.706971026746e-01       2.548229006156e+03 
       1.741025607205e-01       2.451459399445e+03 
       1.775080236701e-01       2.369158385110e+03 
       1.809134911192e-01       2.300054710202e+03 
       1.843189627405e-01       2.242140067614e+03 
       1.877244382588e-01       2.192861113105e+03 
       1.911299174359e-01       2.149435899992e+03 
       1.945354000609e-01       2.109260465175e+03 
       1.979408859440e-01       2.070031678749e+03 
       2.013463749122e-01       2.029028565468e+03 
       2.047518668065e-01       1.984721558868e+03 
       2.081573614796e-01       1.936321296394e+03 
       2.115628587951e-01       1.883763187311e+03 
       2.149683586254e-01       1.827627254552e+03 
       2.183738608514e-01       1.768978861345e+03 
       2.217793653616e-01       1.709199885647e+03 
       2.251848720515e-01       1.649773236220e+03 
       2.285903808227e-01       1.592144182782e+03 
       2.319958915829e-01       1.537543354598e+03 
       2.354014042451e-01       1.486915769832e+03 
       2.388069187273e-01       1.440861229055e+03 
       2.422124349522e-01       1.399635492331e+03 
       2.456179528468e-01       1.363143146759e+03 
       2.490234723421e-01       1.331002451321e+03 
       2.524289933729e-01       1.302594056476e+03 
       2.558345158775e-01       1.277142906550e+03 
       2.592400397975e-01       1.253780405575e+03 
       2.626455650773e-01       1.231631205742e+03 
       2.660510916645e-01       1.209888107115e+03 
       2.694566195091e-01       1.187864626235e+03 
       2.728621485639e-01       1.165060242680e+03 
       2.762676787837e-01       1.141177084811e+03 
       2.796732101258e-01       1.116132650438e+03 
       2.830787425494e-01       1.090047149729e+03 
       2.864842760157e-01       1.063203422559e+03 
       2.898898104877e-01       1.036002357618e+03 
       2.932953459303e-01       1.008908132667e+03 
       2.967008823098e-01       9.823911232954e+02 
       3.001064195941e-01       9.568759400619e+02 
       3.035119577526e-01       9.327060720218e+02 
       3.069174967560e-01       9.101189366922e+02 
       3.103230365765e-01       8.892286438538e+02 
       3.137285771871e-01       8.700384261622e+02 
       3.171341185624e-01       8.524384227461e+02 
       3.205396606778e-01       8.362376041796e+02 
       3.239452035099e-01       8.211852469676e+02 
       3.273507470362e-01       8.070031085241e+02 
       3.307562912351e-01       7.933965831454e+02 
       3.341618360859e-01       7.801048539270e+02 
       3.375673815689e-01       7.668976697674e+02 
       3.409729276650e-01       7.536051041719e+02 
       3.443784743559e-01       7.401220777197e+02 
       3.477840216241e-01       7.264027188339e+02 
       3.511895694526e-01       7.124665535542e+02 
       3.545951178253e-01       6.983860196094e+02 
       3.580006667266e-01       6.842677017544e+02 
       3.614062161415e-01       6.702443015052e+02 
       3.648117660554e-01       6.564535575147e+02 
       3.682173164545e-01       6.430311311560e+02 
       3.716228673254e-01       6.300896182414e+02 
       3.750284186552e-01       6.177120935120e+02 
       3.784339704314e-01       6.059477469462e+02 
       3.818395226420e-01       5.948139422331e+02 
       3.852450752755e-01       5.842866020349e+02 
       3.886506283208e-01       5.743191540715e+02 
       3.920561817669e-01       5.648347841383e+02 
       3.954617356035e-01       5.557491701315e+02 
       3.988672898207e-01       5.469697007346e+02 
       4.022728444086e-01       5.384102817788e+02 
       4.056783993579e-01       5.299919893452e+02 
       4.090839546595e-01       5.216508996542e+02 
       4.124895103047e-01       5.133461958370e+02 
       4.158950662850e-01       5.050621126502e+02 
       4.193006225922e-01       4.967885539694e+02 
       4.227061792184e-01       4.885443356724e+02 
       4.261117361559e-01       4.803527300030e+02 
       4.295172933972e-01       4.722505156104e+02 
       4.329228509351e-01       4.642738266300e+02 
       4.363284087628e-01       4.564591377475e+02 
       4.397339668734e-01       4.488397821898e+02 
       4.431395252603e-01       4.414391541870e+02 
       4.465450839173e-01       4.342744761282e+02 
       4.499506428381e-01       4.273526584611e+02 
       4.533562020169e-01       4.206753663987e+02 
       4.567617614478e-01       4.142285221873e+02 
       4.601673211252e-01       4.080003466379e+02 
       4.635728810436e-01       4.019691747580e+02 
       4.669784411978e-01       3.961065475547e+02 
       4.703840015825e-01       3.903948430121e+02 
       4.737895621930e-01       3.848049857767e+02 
       4.771951230242e-01       3.793158859345e+02 
       4.806006840714e-01       3.739079072855e+02 
       4.840062453302e-01       3.685670178340e+02 
       4.874118067959e-01       3.632853571274e+02 
       4.908173684645e-01       3.580567911298e+02 
       4.942229303315e-01       3.528842683445e+02 
       4.976284923929e-01       3.477709368148e+02 
       5.010340546448e-01       3.427267459546e+02 
       5.044396170832e-01       3.377605369852e+02 
       5.078451797045e-01       3.328863191972e+02 
       5.112507425049e-01       3.281112403094e+02 
       5.146563054809e-01       3.234455328522e+02 
       5.180618686290e-01       3.188948716581e+02 
       5.214674319458e-01       3.144642803911e+02 
       5.248729954280e-01       3.101500807598e+02 
       5.282785590724e-01       3.059489253647e+02 
       5.316841228759e-01       3.018570570043e+02 
       5.350896868355e-01       2.978616421053e+02 
       5.384952509481e-01       2.939548602232e+02 
       5.419008152109e-01       2.901260947173e+02 
       5.453063796211e-01       2.863667556446e+02 
       5.487119441758e-01       2.826670998189e+02 
       5.521175088725e-01       2.790211696404e+02 
       5.555230737085e-01       2.754237193160e+02 
       5.589286386812e-01       2.718737449047e+02 
       5.623342037882e-01       2.683710379048e+02 
       5.657397690270e-01       2.649159252749e+02 
       5.691453343952e-01       2.615119335115e+02 
       5.725508998906e-01       2.581611226163e+02 
       5.759564655108e-01       2.548664551397e+02 
       5.793620312537e-01       2.516304999218e+02 
       5.827675971171e-01       2.484550215822e+02 
       5.861731630989e-01       2.453417262755e+02 
       5.895787291970e-01       2.422903045673e+02 
       5.929842954095e-01       2.392996201279e+02 
       5.963898617343e-01       2.363687962512e+02 
       5.997954281696e-01       2.334962996874e+02 
       6.032009947135e-01       2.306773284692e+02 
       6.066065613640e-01       2.279115128505e+02 
       6.100121281196e-01       2.251942942556e+02 
       6.134176949783e-01       2.225250030545e+02 
       6.168232619385e-01       2.198985483503e+02 
       6.202288289985e-01       2.173133825634e+02 
       6.236343961566e-01       2.147679539396e+02 
       6.270399634113e-01       2.122603138347e+02 
       6.304455307611e-01       2.097885832805e+02 
       6.338510982042e-01       2.073535026992e+02 
       6.372566657393e-01       2.049519832869e+02 
       6.406622333649e-01       2.025871644317e+02 
       6.440678010795e-01       2.002580710594e+02 
       6.474733688818e-01       1.979632968897e+02 
       6.508789367703e-01       1.957059799519e+02 
       6.542845047438e-01       1.934834330908e+02 
       6.576900728008e-01       1.912995403129e+02 
       6.610956409401e-01       1.891519416118e+02 
       6.645012091604e-01       1.870403305163e+02 
       6.679067774605e-01       1.849635328901e+02 
       6.713123458391e-01       1.829214662676e+02 
       6.747179142951e-01       1.809140968775e+02 
       6.781234828273e-01       1.789382185813e+02 
       6.815290514346e-01       1.769933780454e+02 
       6.849346201158e-01       1.750789032268e+02 
       6.883401888698e-01       1.731927329481e+02 
       6.917457576956e-01       1.713338756138e+02 
       6.951513265920e-01       1.695025484275e+02 
       6.985568955581e-01       1.676961934446e+02 
       7.019624645929e-01       1.659157718235e+02 
       7.053680336953e-01       1.641601136429e+02 
       7.087736028644e-01       1.624297951107e+02 
       7.121791720992e-01       1.607238442146e+02 
       7.155847413988e-01       1.590424951067e+02 
       7.189903107622e-01       1.573848173426e+02 
       7.223958801885e-01       1.557521849706e+02 
       7.258014496769e-01       1.541422907475e+02 
       7.292070192265e-01       1.525565523630e+02 
       7.326125888364e-01       1.509939251796e+02 
       7.360181585058e-01       1.494539781275e+02 
       7.394237282338e-01       1.479372706099e+02 
       7.428292980197e-01       1.464421998134e+02 
       7.462348678627e-01       1.449687070468e+02 
       7.496404377620e-01       1.435166502112e+02 
       7.530460077167e-01       1.420850103484e+02 
       7.564515777263e-01       1.406737313168e+02 
       7.598571477898e-01       1.392809576423e+02 
       7.632627179067e-01       1.379078948394e+02 
       7.666682880761e-01       1.365537765672e+02 
       7.700738582975e-01       1.352174659331e+02 
       7.734794285700e-01       1.338986380558e+02 
       7.768849988931e-01       1.325976727264e+02 
       7.802905692660e-01       1.313140139497e+02 
       7.836961396882e-01       1.300479756299e+02 
       7.871017101589e-01       1.287975680749e+02 
       7.905072806776e-01       1.275649490339e+02 
       7.939128512436e-01       1.263484839246e+02 
       7.973184218563e-01       1.251471366415e+02 
       8.007239925152e-01       1.239641478218e+02 
       8.041295632195e-01       1.227951178930e+02 
       8.075351339689e-01       1.216419164637e+02 
       8.109407047626e-01       1.205041519027e+02 
       8.143462756002e-01       1.193805943074e+02 
       8.177518464810e-01       1.182727216444e+02 
       8.211574174046e-01       1.171791735946e+02 
       8.245629883704e-01       1.160998361799e+02 
       8.279685593778e-01       1.150335291029e+02 
       8.313741304265e-01       1.139819022023e+02 
       8.347797015158e-01       1.129427029339e+02 
       8.381852726453e-01       1.119167215182e+02 
       8.415908438145e-01       1.109040323874e+02 
       8.449964150229e-01       1.099039549704e+02 
       8.484019862701e-01       1.089163962531e+02 
       8.518075575555e-01       1.079406538718e+02 
       8.552131288787e-01       1.069773276280e+02 
       8.586187002392e-01       1.060258419709e+02 
       8.620242716367e-01       1.050861182758e+02 
       8.654298430707e-01       1.041583551864e+02 
       8.688354145407e-01       1.032414564711e+02 
       8.722409860463e-01       1.023359391629e+02 
       8.756465575871e-01       1.014417394702e+02 
       8.790521291628e-01       1.005579956593e+02 
       8.824577007728e-01       9.968559523203e+01 
       8.858632724168e-01       9.882369623804e+01 
       8.892688440945e-01       9.797204482718e+01 
       8.926744158053e-01       9.713038772186e+01 
       8.960799875490e-01       9.629876944664e+01 
       8.994855593252e-01       9.547768818742e+01 
       9.028911311335e-01       9.466532054957e+01 
       9.062967029735e-01       9.386347861913e+01 
       9.097022748449e-01       9.307035712947e+01 
       9.131078467473e-01       9.228681443319e+01 
       9.165134186804e-01       9.151290864616e+01 
       9.199189906438e-01       9.074782032562e+01 
       9.233245626373e-01       8.999139404463e+01 
       9.267301346604e-01       8.924425952120e+01 
       9.301357067128e-01       8.850474130544e+01 
       9.335412787943e-01       8.777425226587e+01 
       9.369468509045e-01       8.705221819502e+01 
       9.403524230431e-01       8.633809738300e+01 
       9.437579952097e-01       8.563225314974e+01 
       9.471635674042e-01       8.493521070965e+01 
       9.505691396261e-01       8.424499019738e+01 
       9.539747118753e-01       8.356313795271e+01 
       9.573802841513e-01       8.288890563989e+01 
       9.607858564539e-01       8.222216436622e+01 
       9.641914287829e-01       8.156334966777e+01 
       9.675970011379e-01       8.091132323832e+01 
       9.710025735187e-01       8.026749174026e+01 
       9.744081459250e-01       7.962955988123e+01 
       9.778137183566e-01       7.899937458411e+01 
       9.812192908131e-01       7.837571305499e+01 
       9.846248632943e-01       7.775917527792e+01 
       9.880304358000e-01       7.714982793794e+01 
       9.914360083299e-01       7.654667545773e+01 
       9.948415808838e-01       7.594951911701e+01 
       9.982471534613e-01       7.535946522775e+01 
       1.001652726062e+00       7.477580005429e+01 
       1.005058298687e+00       7.419807774383e+01 
       1.008463871334e+00       7.362678141556e+01 
       1.011869444004e+00       7.306152154726e+01 
       1.015275016697e+00       7.250227876391e+01 
       1.018680589411e+00       7.194920450108e+01 
       1.022086162148e+00       7.140235319929e+01 
       1.025491734907e+00       7.086066574129e+01 
       1.028897307688e+00       7.032456804385e+01 
       1.032302880490e+00       6.979458063851e+01 
       1.035708453313e+00       6.927003867777e+01 
       1.039114026157e+00       6.875037535004e+01 
       1.042519599022e+00       6.823690553941e+01 
       1.045925171907e+00       6.772854995182e+01 
       1.049330744813e+00       6.722547104899e+01 
       1.052736317739e+00       6.672759527966e+01 
       1.056141890685e+00       6.623473474997e+01 
       1.059547463651e+00       6.574693572292e+01 
       1.062953036637e+00       6.526440906791e+01 
       1.066358609642e+00       6.478614075574e+01 
       1.069764182666e+00       6.431300935330e+01 
       1.073169755710e+00       6.384477368546e+01 
       1.076575328772e+00       6.338148946198e+01 
       1.079980901853e+00       6.292305439559e+01 
       1.083386474952e+00       6.246862365912e+01 
       1.086792048070e+00       6.201901321311e+01 
       1.090197621206e+00       6.157391063961e+01 
       1.093603194360e+00       6.113366138763e+01 
       1.097008767532e+00       6.069682871789e+01 
       1.100414340721e+00       6.026469439570e+01 
       1.103819913928e+00       5.983713572342e+01 
       1.107225487153e+00       5.941362431990e+01 
       1.110631060394e+00       5.899393198724e+01 
       1.114036633653e+00       5.857895926521e+01 
       1.117442206928e+00       5.816829115010e+01 
       1.120847780220e+00       5.776065097537e+01 
       1.124253353529e+00       5.735733106024e+01 
       1.127658926854e+00       5.695861252796e+01 
       1.131064500196e+00       5.656308726856e+01 
       1.134470073553e+00       5.617104148548e+01 
       1.137875646927e+00       5.578313271923e+01 
       1.141281220316e+00       5.539939306026e+01 
       1.144686793722e+00       5.501858027291e+01 
       1.148092367142e+00       5.464169048748e+01 
       1.151497940578e+00       5.426828768797e+01 
       1.154903514030e+00       5.389908078188e+01 
       1.158309087496e+00       5.353239460637e+01 
       1.161714660978e+00       5.316978091857e+01 
       1.165120234474e+00       5.281028185665e+01 
       1.168525807985e+00       5.245453941199e+01 
       1.171931381511e+00       5.210168743294e+01 
       1.175336955051e+00       5.175238593738e+01 
       1.178742528606e+00       5.140652195870e+01 
       1.182148102175e+00       5.106374705558e+01 
       1.185553675758e+00       5.072360460210e+01 
       1.188959249355e+00       5.038725606176e+01 
       1.192364822966e+00       5.005364014758e+01 
       1.195770396590e+00       4.972346733360e+01 
       1.199175970228e+00       4.939600488478e+01 
       1.202581543880e+00       4.907164547567e+01 
       1.205987117545e+00       4.875055221129e+01 
       1.209392691224e+00       4.843185437035e+01 
       1.212798264916e+00       4.811634375977e+01 
       1.216203838620e+00       4.780313372963e+01 
       1.219609412338e+00       4.749338328170e+01 
       1.223014986069e+00       4.718655789715e+01 
       1.226420559812e+00       4.688193681859e+01 
       1.229826133568e+00       4.658028963476e+01 
       1.233231707337e+00       4.628168980219e+01 
       1.236637281118e+00       4.598525722645e+01 
       1.240042854911e+00       4.569139333088e+01 
       1.243448428717e+00       4.540046582454e+01 
       1.246854002534e+00       4.511202837336e+01 
       1.250259576364e+00       4.482606401285e+01 
       1.253665150206e+00       4.454270073121e+01 
       1.257070724059e+00       4.426176039819e+01 
       1.260476297924e+00       4.398312494391e+01 
       1.263881871801e+00       4.370728010508e+01 
       1.267287445689e+00       4.343367277296e+01 
       1.270693019589e+00       4.316254862117e+01 
       1.274098593501e+00       4.289372659444e+01 
       1.277504167423e+00       4.262698149292e+01 
       1.280909741357e+00       4.236263667001e+01 
       1.284315315302e+00       4.210076297485e+01 
       1.287720889257e+00       4.184107902640e+01 
       1.291126463224e+00       4.158355373892e+01 
       1.294532037202e+00       4.132816932253e+01 
       1.297937611190e+00       4.107519587866e+01 
       1.301343185189e+00       4.082412197269e+01 
       1.304748759199e+00       4.057544194991e+01 
       1.308154333219e+00       4.032853042380e+01 
       1.311559907249e+00       4.008394144839e+01 
       1.314965481290e+00       3.984122580171e+01 
       1.318371055341e+00       3.960053006901e+01 
       1.321776629402e+00       3.936204563537e+01 
       1.325182203474e+00       3.912606856896e+01 
       1.328587777555e+00       3.889099800000e+01 
       1.331993351646e+00       3.865798557655e+01 
       1.335398925747e+00       3.842755871953e+01 
       1.338804499858e+00       3.819920009890e+01 
       1.342210073979e+00       3.797172544135e+01 
       1.345615648109e+00       3.774715033627e+01 
       1.349021222249e+00       3.752331059369e+01 
       1.352426796399e+00       3.730193009494e+01 
       1.355832370557e+00       3.708261602584e+01 
       1.359237944726e+00       3.686483961322e+01 
       1.362643518903e+00       3.664866092286e+01 
       1.366049093090e+00       3.643444838785e+01 
       1.369454667285e+00       3.622224873954e+01 
       1.372860241490e+00       3.601119402985e+01 
       1.376265815704e+00       3.580214713059e+01 
       1.379671389927e+00       3.559467490951e+01 
       1.383076964159e+00       3.538896280866e+01 
       1.386482538399e+00       3.518500437877e+01 
       1.389888112649e+00       3.498264850233e+01 
       1.393293686907e+00       3.478155291679e+01 
       1.396699261173e+00       3.458252156293e+01 
       1.400104835448e+00       3.438479312812e+01 
       1.403510409732e+00       3.418873665390e+01 
       1.406915984024e+00       3.399414001626e+01 
       1.410321558324e+00       3.380153752045e+01 
       1.413727132633e+00       3.360988728857e+01 
       1.417132706950e+00       3.341971056242e+01 
       1.420538281275e+00       3.323152174747e+01 
       1.423943855609e+00       3.304398552913e+01 
       1.427349429950e+00       3.285889356904e+01 
       1.430755004300e+00       3.267466438273e+01 
       1.434160578657e+00       3.249175451545e+01 
       1.437566153022e+00       3.231056705558e+01 
       1.440971727395e+00       3.213085045363e+01 
       1.444377301776e+00       3.195225624850e+01 
       1.447782876165e+00       3.177520393068e+01 
       1.451188450561e+00       3.159949452982e+01 
       1.454594024965e+00       3.142491239516e+01 
       1.457999599377e+00       3.125187878079e+01 
       1.461405173796e+00       3.108013552682e+01 
       1.464810748222e+00       3.090982130677e+01 
       1.468216322656e+00       3.074072661449e+01 
       1.471621897097e+00       3.057291141032e+01 
       1.475027471546e+00       3.040652334509e+01 
       1.478433046002e+00       3.024069093939e+01 
       1.481838620465e+00       3.007704774400e+01 
       1.485244194935e+00       2.991419705340e+01 
       1.488649769413e+00       2.975244518810e+01 
       1.492055343897e+00       2.959197623640e+01 
       1.495460918389e+00       2.943295112785e+01 
       1.498866492887e+00       2.927509599150e+01 
       1.502272067392e+00       2.911824283402e+01 
       1.505677641905e+00       2.896257950623e+01 
       1.509083216424e+00       2.880782956860e+01 
       1.512488790949e+00       2.865460526074e+01 
       1.515894365482e+00       2.850246714126e+01 
       1.519299940021e+00       2.835119834173e+01 
       1.522705514567e+00       2.820110033624e+01 
       1.526111089120e+00       2.805257998194e+01 
       1.529516663679e+00       2.790466169328e+01 
       1.532922238244e+00       2.775776132189e+01 
       1.536327812816e+00       2.761253075046e+01 
       1.539733387395e+00       2.746762579350e+01 
       1.543138961980e+00       2.732420968951e+01 
       1.546544536571e+00       2.718142284260e+01 
       1.549950111168e+00       2.704012007433e+01 
       1.553355685772e+00       2.689955787104e+01 
       1.556761260382e+00       2.676010512997e+01 
       1.560166834998e+00       2.662165282268e+01 
       1.563572409620e+00       2.648446189672e+01 
       1.566977984249e+00       2.634790959417e+01 
       1.570383558883e+00       2.621234062861e+01 
       1.573789133524e+00       2.607793565548e+01 
       1.577194708170e+00       2.594415861842e+01 
       1.580600282822e+00       2.581165175181e+01 
       1.584005857481e+00       2.567984649129e+01 
       1.587411432145e+00       2.554910015092e+01 
       1.590817006815e+00       2.541920665703e+01 
       1.594222581491e+00       2.529063733860e+01 
       1.597628156172e+00       2.516202148776e+01 
       1.600463238080e+00       2.505647945394e+01 
       2.010949557455e+00       1.449024061385e+01 
       2.531632895909e+00       8.269265955346e+00 
       3.187136982773e+00       4.682242683975e+00 
       4.012367738482e+00       2.632421976653e+00 
       5.051271707438e+00       1.470587638173e+00 
       6.359174314370e+00       8.166409066758e-01 
       8.005726142389e+00       4.510426330157e-01 
       1.007861208052e+01       2.479181111416e-01 
       1.268822086378e+01       1.356767896299e-01 
       1.597352367587e+01       7.389898429573e-02 
       2.010947487145e+01       4.011228115728e-02 
