# Matter power spectrum P(k) at redshift z=0
# for k=1.10732e-05 to 20.1095 h/Mpc,
# number of wavenumbers equal to 847
#    1:k (h/Mpc)              2:P (Mpc/h)^3        
       1.107317772065e-05       4.125671691264e+01 
       2.472387211850e-05       8.949994834724e+01 
       3.842846360950e-05       1.369247102505e+02 
       5.222837606538e-05       1.840537978729e+02 
       6.616580199641e-05       2.311918876049e+02 
       8.028412487584e-05       2.785720308599e+02 
       9.462835654767e-05       3.263969574871e+02 
       1.092455961873e-04       3.748561593473e+02 
       1.241855173283e-04       4.241348403136e+02 
       1.395008895006e-04       4.744194825186e+02 
       1.552481409925e-04       5.259018519611e+02 
       1.714879690707e-04       5.787822396976e+02 
       1.882860035665e-04       6.332723268303e+02 
       2.057135289094e-04       6.895978804100e+02 
       2.238482682627e-04       7.480014056523e+02 
       2.427752311194e-04       8.087447806512e+02 
       2.625876221967e-04       8.721119494779e+02 
       2.833878042717e-04       9.384116137408e+02 
       3.052883001775e-04       1.007979894283e+03 
       3.284128088792e-04       1.081182891199e+03 
       3.528971966689e-04       1.158418974325e+03 
       3.788904064142e-04       1.240120661215e+03 
       4.065552050333e-04       1.326755764421e+03 
       4.360686620715e-04       1.418827489928e+03 
       4.676222215274e-04       1.516873091914e+03 
       5.014211976820e-04       1.621460477273e+03 
       5.376834987030e-04       1.733182295511e+03 
       5.766373673593e-04       1.852646856943e+03 
       6.185179375336e-04       1.980465403641e+03 
       6.635624518613e-04       2.117235406287e+03 
       7.120040827310e-04       2.263519925070e+03 
       7.640644534552e-04       2.419823560231e+03 
       8.199451635708e-04       2.586566198639e+03 
       8.798188576122e-04       2.764056456357e+03 
       9.438205940852e-04       2.952467201245e+03 
       1.012040408795e-03       3.151816084254e+03 
       1.084517963725e-03       3.361953536109e+03 
       1.161239995243e-03       3.582560338805e+03 
       1.242140937371e-03       3.813155496916e+03 
       1.327106664275e-03       4.053113848493e+03 
       1.415980872486e-03       4.301691617610e+03 
       1.508573308148e-03       4.558056732252e+03 
       1.600463238080e-03       4.809858483632e+03 
       1.604668900590e-03       4.821320931145e+03 
       1.704036898571e-03       5.090570406655e+03 
       1.806439278128e-03       5.364892942747e+03 
       1.911637934601e-03       5.643400039505e+03 
       2.019400420676e-03       5.925243855629e+03 
       2.129504201157e-03       6.209629049068e+03 
       2.241739541922e-03       6.495820337794e+03 
       2.355911234221e-03       6.783145769726e+03 
       2.471839387193e-03       7.070997925319e+03 
       2.589359517119e-03       7.358831653125e+03 
       2.708322136466e-03       7.646161215280e+03 
       2.828592010923e-03       7.932556090248e+03 
       2.950047216342e-03       8.217637140470e+03 
       3.072578094223e-03       8.501071197452e+03 
       3.196086176276e-03       8.782567148566e+03 
       3.320483126124e-03       9.061870987651e+03 
       3.445689729029e-03       9.338762096806e+03 
       3.571634947869e-03       9.613049415598e+03 
       3.698255054619e-03       9.884568471177e+03 
       3.825492840360e-03       1.015317681067e+04 
       3.953296902846e-03       1.041875463135e+04 
       4.081621008042e-03       1.068119806820e+04 
       4.210423520647e-03       1.094042103804e+04 
       4.339666897875e-03       1.119635011086e+04 
       4.469317240545e-03       1.144892601546e+04 
       4.599343895654e-03       1.169810041217e+04 
       4.729719104860e-03       1.194383276670e+04 
       4.860417693748e-03       1.218609324219e+04 
       4.991416797156e-03       1.242486041833e+04 
       5.122695616330e-03       1.266011696812e+04 
       5.254235204113e-03       1.289185383222e+04 
       5.386018274793e-03       1.312006228724e+04 
       5.518029035642e-03       1.334474368469e+04 
       5.650253037511e-03       1.356590161116e+04 
       5.782677042191e-03       1.378354164697e+04 
       5.915288904509e-03       1.399767385240e+04 
       6.048077467387e-03       1.420830961845e+04 
       6.181032468331e-03       1.441546392462e+04 
       6.314144455979e-03       1.461915648990e+04 
       6.447404715532e-03       1.481940449150e+04 
       6.580805202027e-03       1.501622715352e+04 
       6.714338480547e-03       1.520964859792e+04 
       6.847997672569e-03       1.539968946967e+04 
       6.981776407759e-03       1.558637497756e+04 
       7.115668780595e-03       1.576972912871e+04 
       7.249669311281e-03       1.594978685292e+04 
       7.383772910491e-03       1.612656116971e+04 
       7.517974847507e-03       1.630008371924e+04 
       7.652270721404e-03       1.647038659270e+04 
       7.786656434946e-03       1.663749456357e+04 
       7.921128170914e-03       1.680143333315e+04 
       8.055682370606e-03       1.696223898650e+04 
       8.190315714296e-03       1.711992913026e+04 
       8.325025103439e-03       1.727454098785e+04 
       8.459807644463e-03       1.742610477915e+04 
       8.594660633974e-03       1.757464131990e+04 
       8.729581545247e-03       1.772018342595e+04 
       8.864568015872e-03       1.786276486594e+04 
       8.999617836449e-03       1.800240942619e+04 
       9.134728940226e-03       1.813914164741e+04 
       9.269899393596e-03       1.827300412987e+04 
       9.405127387376e-03       1.840401587302e+04 
       9.540411228791e-03       1.853220432892e+04 
       9.675749334100e-03       1.865760138159e+04 
       9.811140221810e-03       1.878023812238e+04 
       9.946582506424e-03       1.890014155094e+04 
       1.008207489267e-02       1.901733513486e+04 
       1.021761617020e-02       1.913184808095e+04 
       1.035320520864e-02       1.924371334821e+04 
       1.048884095310e-02       1.935294942819e+04 
       1.062452241992e-02       1.945959053087e+04 
       1.076024869283e-02       1.956366319907e+04 
       1.089601891934e-02       1.966518635809e+04 
       1.103183230741e-02       1.976420173405e+04 
       1.116768812232e-02       1.986072316206e+04 
       1.130358568390e-02       1.995478301450e+04 
       1.143952436377e-02       2.004640718221e+04 
       1.157550358295e-02       2.013561613687e+04 
       1.171152280952e-02       2.022244219718e+04 
       1.184758155654e-02       2.030689997649e+04 
       1.198367938004e-02       2.038903878291e+04 
       1.211981587721e-02       2.046886264037e+04 
       1.225599068467e-02       2.054639629032e+04 
       1.239220347693e-02       2.062167341083e+04 
       1.252845396487e-02       2.069471133826e+04 
       1.266474189442e-02       2.076553752115e+04 
       1.280106704526e-02       2.083417299543e+04 
       1.293742922964e-02       2.090064996584e+04 
       1.307382829133e-02       2.096498599361e+04 
       1.321026410455e-02       2.102720732243e+04 
       1.334673657309e-02       2.108732951691e+04 
       1.348324562937e-02       2.114538814135e+04 
       1.361979123370e-02       2.120140010174e+04 
       1.375637337352e-02       2.125538884387e+04 
       1.389299206268e-02       2.130737964459e+04 
       1.402964734084e-02       2.135739085630e+04 
       1.416633927290e-02       2.140544967214e+04 
       1.430306794843e-02       2.145157110334e+04 
       1.443983348120e-02       2.149578509020e+04 
       1.457663600876e-02       2.153809715697e+04 
       1.471347569197e-02       2.157854473787e+04 
       1.485035271472e-02       2.161714866418e+04 
       1.498726728353e-02       2.165392490066e+04 
       1.512421962729e-02       2.168888773235e+04 
       1.526120999698e-02       2.172207544376e+04 
       1.539823866546e-02       2.175349524364e+04 
       1.553530592725e-02       2.178317858301e+04 
       1.567241209837e-02       2.181114302199e+04 
       1.580955751621e-02       2.183740024205e+04 
       1.594674253936e-02       2.186197949124e+04 
       1.600463238080e-02       2.187185566904e+04 
       1.608396754759e-02       2.188489616846e+04 
       1.622123294172e-02       2.190617874074e+04 
       1.635853914361e-02       2.192583602628e+04 
       1.649588659614e-02       2.194389793332e+04 
       1.663327576319e-02       2.196036608254e+04 
       1.677070712968e-02       2.197528058174e+04 
       1.690818120160e-02       2.198864373134e+04 
       1.704569850609e-02       2.200050678095e+04 
       1.718325959150e-02       2.201085240105e+04 
       1.732086502751e-02       2.201970498782e+04 
       1.745851540526e-02       2.202709743116e+04 
       1.759621133746e-02       2.203305420068e+04 
       1.773395345858e-02       2.203756907426e+04 
       1.787174242498e-02       2.204067391592e+04 
       1.800957891517e-02       2.204239437725e+04 
       1.814746362997e-02       2.204273954396e+04 
       1.828539729275e-02       2.204173185447e+04 
       1.842338064968e-02       2.203936966101e+04 
       1.856141447000e-02       2.203570020812e+04 
       1.869949954629e-02       2.203074132358e+04 
       1.883763669475e-02       2.202448190518e+04 
       1.897582675557e-02       2.201696834882e+04 
       1.911407059319e-02       2.200820112417e+04 
       1.925236909670e-02       2.199820596587e+04 
       1.939072318016e-02       2.198699093927e+04 
       1.952913378303e-02       2.197456016842e+04 
       1.966760187054e-02       2.196097615080e+04 
       1.980612843412e-02       2.194622978600e+04 
       1.994471449180e-02       2.193032742399e+04 
       2.008336108871e-02       2.191330855074e+04 
       2.022206929753e-02       2.189514035555e+04 
       2.036084021897e-02       2.187591013756e+04 
       2.049967498227e-02       2.185559416579e+04 
       2.063857474574e-02       2.183421246604e+04 
       2.077754069732e-02       2.181176048052e+04 
       2.091657405511e-02       2.178830850604e+04 
       2.105567606795e-02       2.176382035275e+04 
       2.119484801608e-02       2.173833468402e+04 
       2.133409121170e-02       2.171187885054e+04 
       2.147340699963e-02       2.168444180683e+04 
       2.161279675800e-02       2.165605007770e+04 
       2.175226189892e-02       2.162673024672e+04 
       2.189180386919e-02       2.159648313334e+04 
       2.203142415105e-02       2.156532582320e+04 
       2.217112426292e-02       2.153327254801e+04 
       2.231090576016e-02       2.150033761550e+04 
       2.245077023592e-02       2.146655283793e+04 
       2.259071932197e-02       2.143191836249e+04 
       2.273075468952e-02       2.139643669137e+04 
       2.287087805011e-02       2.136012557181e+04 
       2.301109115655e-02       2.132304739533e+04 
       2.315139580386e-02       2.128514849860e+04 
       2.329179383020e-02       2.124648641416e+04 
       2.343228711791e-02       2.120703693026e+04 
       2.357287759450e-02       2.116685196189e+04 
       2.371356723378e-02       2.112595271287e+04 
       2.385435805686e-02       2.108430118100e+04 
       2.399525213337e-02       2.104197968141e+04 
       2.413625158257e-02       2.099893679421e+04 
       2.427735857457e-02       2.095519535801e+04 
       2.441857533156e-02       2.091079400026e+04 
       2.455990412908e-02       2.086580288634e+04 
       2.470134729737e-02       2.082011341578e+04 
       2.484290722268e-02       2.077378681201e+04 
       2.498458634871e-02       2.072681436252e+04 
       2.512638717804e-02       2.067930416624e+04 
       2.526831227360e-02       2.063116504322e+04 
       2.541036426024e-02       2.058245705533e+04 
       2.555254582630e-02       2.053320372501e+04 
       2.569485972526e-02       2.048335297302e+04 
       2.583730877739e-02       2.043297378023e+04 
       2.597989587155e-02       2.038208249028e+04 
       2.612262396695e-02       2.033067332321e+04 
       2.626549609502e-02       2.027874561289e+04 
       2.640851536136e-02       2.022630877662e+04 
       2.655168494765e-02       2.017343515353e+04 
       2.669500811377e-02       2.012002001926e+04 
       2.683848819990e-02       2.006616304363e+04 
       2.698212862868e-02       2.001188007995e+04 
       2.712593290747e-02       1.995712708355e+04 
       2.726990463075e-02       1.990196693374e+04 
       2.741404748246e-02       1.984640112464e+04 
       2.755836523852e-02       1.979040209356e+04 
       2.770286176945e-02       1.973400358756e+04 
       2.784754104298e-02       1.967721715390e+04 
       2.799240712690e-02       1.962011652783e+04 
       2.813746419182e-02       1.956254724299e+04 
       2.828271651424e-02       1.950468668198e+04 
       2.842816847953e-02       1.944649465073e+04 
       2.857382458518e-02       1.938791247012e+04 
       2.871968944402e-02       1.932896433859e+04 
       2.886576778771e-02       1.926985718559e+04 
       2.901206447022e-02       1.921031694092e+04 
       2.915858447149e-02       1.915053324006e+04 
       2.930533290130e-02       1.909043354388e+04 
       2.945231500313e-02       1.903004044877e+04 
       2.959953615829e-02       1.896939790169e+04 
       2.974700189017e-02       1.890844878650e+04 
       2.989471786863e-02       1.884728264093e+04 
       3.004268991456e-02       1.878581445430e+04 
       3.019092400468e-02       1.872421555539e+04 
       3.033942627642e-02       1.866232544026e+04 
       3.048820303308e-02       1.860017599341e+04 
       3.063726074914e-02       1.853788237824e+04 
       3.078660607584e-02       1.847532158662e+04 
       3.093624584689e-02       1.841262552707e+04 
       3.108618708453e-02       1.834966265037e+04 
       3.123643700572e-02       1.828656791492e+04 
       3.138700302866e-02       1.822323874731e+04 
       3.153789277956e-02       1.815981118923e+04 
       3.168911409971e-02       1.809621128371e+04 
       3.184067505277e-02       1.803243522937e+04 
       3.199258393251e-02       1.796851298899e+04 
       3.214484927073e-02       1.790436773448e+04 
       3.229747984561e-02       1.784020130408e+04 
       3.245048469046e-02       1.777588916322e+04 
       3.260387310271e-02       1.771145128601e+04 
       3.275765465346e-02       1.764684435402e+04 
       3.291183919736e-02       1.758217367573e+04 
       3.306643688299e-02       1.751735317288e+04 
       3.322145816363e-02       1.745248809519e+04 
       3.337691380865e-02       1.738751882958e+04 
       3.353281491530e-02       1.732244130834e+04 
       3.368917292117e-02       1.725728738166e+04 
       3.384599961714e-02       1.719202906004e+04 
       3.400330716100e-02       1.712673971351e+04 
       3.416110809176e-02       1.706136144597e+04 
       3.431941534453e-02       1.699592793823e+04 
       3.447824226630e-02       1.693044101351e+04 
       3.463760263236e-02       1.686490665680e+04 
       3.479751066364e-02       1.679926496620e+04 
       3.495798104488e-02       1.673366104327e+04 
       3.511902894371e-02       1.666792306219e+04 
       3.528067003079e-02       1.660221275900e+04 
       3.544292050094e-02       1.653649689346e+04 
       3.560579709538e-02       1.647065235952e+04 
       3.576931712521e-02       1.640488415943e+04 
       3.593349849610e-02       1.633900740999e+04 
       3.609835973434e-02       1.627311090358e+04 
       3.626392001438e-02       1.620724330490e+04 
       3.643019918777e-02       1.614139990118e+04 
       3.659721781390e-02       1.607548631350e+04 
       3.676499719231e-02       1.600953934085e+04 
       3.693355939703e-02       1.594361529110e+04 
       3.710292731278e-02       1.587772149218e+04 
       3.727312467338e-02       1.581174559517e+04 
       3.744417610244e-02       1.574583907317e+04 
       3.761610715645e-02       1.567988182009e+04 
       3.778894437053e-02       1.561398611957e+04 
       3.796271530706e-02       1.554807165389e+04 
       3.813744860722e-02       1.548214568424e+04 
       3.831317404592e-02       1.541623489632e+04 
       3.848992259014e-02       1.535036345476e+04 
       3.866772646112e-02       1.528443786208e+04 
       3.884661920058e-02       1.521857898746e+04 
       3.902663574140e-02       1.515275233768e+04 
       3.920781248301e-02       1.508687896015e+04 
       3.939018737192e-02       1.502100583249e+04 
       3.957379998788e-02       1.495514753941e+04 
       3.975869163598e-02       1.488932156315e+04 
       3.994490544540e-02       1.482353478054e+04 
       4.013248647518e-02       1.475776055419e+04 
       4.032148182773e-02       1.469192386480e+04 
       4.051194077080e-02       1.462610931319e+04 
       4.070391486858e-02       1.456033263159e+04 
       4.089745812272e-02       1.449452562312e+04 
       4.109262712441e-02       1.442866698586e+04 
       4.128948121822e-02       1.436292269104e+04 
       4.148808267916e-02       1.429712850477e+04 
       4.168849690394e-02       1.423133276193e+04 
       4.189079261800e-02       1.416553804549e+04 
       4.209504209985e-02       1.409973979627e+04 
       4.230132142437e-02       1.403391062923e+04 
       4.250971072715e-02       1.396799855648e+04 
       4.272029449193e-02       1.390213071527e+04 
       4.293316186369e-02       1.383623575313e+04 
       4.314840699012e-02       1.377025814688e+04 
       4.336612939455e-02       1.370433316710e+04 
       4.358643438384e-02       1.363826537765e+04 
       4.380943349526e-02       1.357217615952e+04 
       4.403524498684e-02       1.350607281829e+04 
       4.426399437615e-02       1.343983757793e+04 
       4.449581503361e-02       1.337357576951e+04 
       4.473084883661e-02       1.330719701504e+04 
       4.496924689232e-02       1.324073771296e+04 
       4.521117033770e-02       1.317422230915e+04 
       4.545679122665e-02       1.310755839220e+04 
       4.570629351598e-02       1.304078541032e+04 
       4.595987416321e-02       1.297386095378e+04 
       4.621774435180e-02       1.290680641824e+04 
       4.648013086143e-02       1.283959827686e+04 
       4.674727760418e-02       1.277222392330e+04 
       4.701944735093e-02       1.270464622789e+04 
       4.729692367624e-02       1.263687942988e+04 
       4.758001315515e-02       1.256889782744e+04 
       4.786904785134e-02       1.250065570301e+04 
       4.816438814309e-02       1.243218637747e+04 
       4.846642594243e-02       1.236339017759e+04 
       4.877558837334e-02       1.229430350413e+04 
       4.909234198787e-02       1.222490881522e+04 
       4.941719761473e-02       1.215510317658e+04 
       4.975071595453e-02       1.208494660889e+04 
       5.009351405979e-02       1.201434458013e+04 
       5.044627286743e-02       1.194328505040e+04 
       5.080974598894e-02       1.187174653775e+04 
       5.118477000903e-02       1.179960343230e+04 
       5.157227660253e-02       1.172689815290e+04 
       5.197330685162e-02       1.165351800399e+04 
       5.238902823867e-02       1.157943546170e+04 
       5.282075490715e-02       1.150453297759e+04 
       5.326997193232e-02       1.142877496064e+04 
       5.373836453384e-02       1.135204852071e+04 
       5.422785340506e-02       1.127425833292e+04 
       5.474063764241e-02       1.119531763688e+04 
       5.527924714999e-02       1.111495806458e+04 
       5.584660688577e-02       1.103311424975e+04 
       5.644611592423e-02       1.094961270086e+04 
       5.708174503981e-02       1.086411290769e+04 
       5.775815734792e-02       1.077638418782e+04 
       5.848085739220e-02       1.068608896926e+04 
       5.925637472473e-02       1.059267838813e+04 
       6.009248800817e-02       1.049560246512e+04 
       6.099849396892e-02       1.039414177977e+04 
       6.198552015712e-02       1.028728326762e+04 
       6.306686769668e-02       1.017370712179e+04 
       6.425834352238e-02       1.005172675621e+04 
       6.557849089498e-02       9.918964166436e+03 
       6.704854011932e-02       9.772281671478e+03 
       6.869177425692e-02       9.607527846392e+03 
       7.053187166073e-02       9.419424987897e+03 
       7.258978092124e-02       9.201640559286e+03 
       7.487907928647e-02       8.947430262055e+03 
       7.740082036488e-02       8.651157520671e+03 
       8.014024125560e-02       8.310379529760e+03 
       8.306791649305e-02       7.928001520735e+03 
       8.614571141503e-02       7.513121387203e+03 
       8.933466084775e-02       7.080027571518e+03 
       9.260102822203e-02       6.645686837396e+03 
       9.591888025989e-02       6.226855001354e+03 
       9.926987411757e-02       5.837752516483e+03 
       1.026417433750e-01       5.488638316062e+03 
       1.060265795510e-01       5.185272104332e+03 
       1.094194009110e-01       4.929136096339e+03 
       1.128171144856e-01       4.717918168813e+03 
       1.162178169980e-01       4.546406415461e+03 
       1.196203435575e-01       4.407243477972e+03 
       1.230239834675e-01       4.291826976284e+03 
       1.264283039060e-01       4.191117532203e+03 
       1.298330415007e-01       4.096434371224e+03 
       1.332380360140e-01       4.000234852478e+03 
       1.366431899115e-01       3.896706274805e+03 
       1.400484437617e-01       3.782239850062e+03 
       1.434537612823e-01       3.655546277698e+03 
       1.468591202589e-01       3.517584714301e+03 
       1.502645070298e-01       3.371110318379e+03 
       1.536699131374e-01       3.220141773055e+03 
       1.570753332956e-01       3.069292585791e+03 
       1.600463238080e-01       2.941379600378e+03 
       1.604807641548e-01       2.923147656644e+03 
       1.638862035515e-01       2.785767123873e+03 
       1.672916500520e-01       2.660292999837e+03 
       1.706971026746e-01       2.548744218405e+03 
       1.741025607205e-01       2.451955046435e+03 
       1.775080236701e-01       2.369637392363e+03 
       1.809134911192e-01       2.300519745863e+03 
       1.843189627405e-01       2.242593394109e+03 
       1.877244382588e-01       2.193304476324e+03 
       1.911299174359e-01       2.149870483448e+03 
       1.945354000609e-01       2.109686925867e+03 
       1.979408859440e-01       2.070450208098e+03 
       2.013463749122e-01       2.029438804653e+03 
       2.047518668065e-01       1.985122839801e+03 
       2.081573614796e-01       1.936712791676e+03 
       2.115628587951e-01       1.884144056194e+03 
       2.149683586254e-01       1.827996773731e+03 
       2.183738608514e-01       1.769336522707e+03 
       2.217793653616e-01       1.709545460741e+03 
       2.251848720515e-01       1.650106796115e+03 
       2.285903808227e-01       1.592466091027e+03 
       2.319958915829e-01       1.537854223380e+03 
       2.354014042451e-01       1.487216402493e+03 
       2.388069187273e-01       1.441152550189e+03 
       2.422124349522e-01       1.399918478274e+03 
       2.456179528468e-01       1.363418754545e+03 
       2.490234723421e-01       1.331271560696e+03 
       2.524289933729e-01       1.302857422159e+03 
       2.558345158775e-01       1.277401126381e+03 
       2.592400397975e-01       1.254033901923e+03 
       2.626455650773e-01       1.231880223833e+03 
       2.660510916645e-01       1.210132729142e+03 
       2.694566195091e-01       1.188104795425e+03 
       2.728621485639e-01       1.165295801194e+03 
       2.762676787837e-01       1.141407814501e+03 
       2.796732101258e-01       1.116358316509e+03 
       2.830787425494e-01       1.090267541682e+03 
       2.864842760157e-01       1.063418387116e+03 
       2.898898104877e-01       1.036211822545e+03 
       2.932953459303e-01       1.009112119535e+03 
       2.967008823098e-01       9.825897488340e+02 
       3.001064195941e-01       9.570694068134e+02 
       3.035119577526e-01       9.328946519878e+02 
       3.069174967560e-01       9.103029498641e+02 
       3.103230365765e-01       8.894084333090e+02 
       3.137285771871e-01       8.702143356319e+02 
       3.171341185624e-01       8.526107737402e+02 
       3.205396606778e-01       8.364066796257e+02 
       3.239452035099e-01       8.213512790388e+02 
       3.273507470362e-01       8.071662731887e+02 
       3.307562912351e-01       7.935569967631e+02 
       3.341618360859e-01       7.802625801776e+02 
       3.375673815689e-01       7.670527257007e+02 
       3.409729276650e-01       7.537574725527e+02 
       3.443784743559e-01       7.402717200150e+02 
       3.477840216241e-01       7.265495872826e+02 
       3.511895694526e-01       7.126106042997e+02 
       3.545951178253e-01       6.985272234846e+02 
       3.580006667266e-01       6.844060511021e+02 
       3.614062161415e-01       6.703798155280e+02 
       3.648117660554e-01       6.565862832506e+02 
       3.682173164545e-01       6.431611430753e+02 
       3.716228673254e-01       6.302170135675e+02 
       3.750284186552e-01       6.178369862780e+02 
       3.784339704314e-01       6.060702611326e+02 
       3.818395226420e-01       5.949342053206e+02 
       3.852450752755e-01       5.844047366442e+02 
       3.886506283208e-01       5.744352734067e+02 
       3.920561817669e-01       5.649489858712e+02 
       3.954617356035e-01       5.558615348850e+02 
       3.988672898207e-01       5.470802904055e+02 
       4.022728444086e-01       5.385191408588e+02 
       4.056783993579e-01       5.300991463582e+02 
       4.090839546595e-01       5.217563702229e+02 
       4.124895103047e-01       5.134499873090e+02 
       4.158950662850e-01       5.051642292037e+02 
       4.193006225922e-01       4.968889977214e+02 
       4.227061792184e-01       4.886431125705e+02 
       4.261117361559e-01       4.804498506701e+02 
       4.295172933972e-01       4.723459981278e+02 
       4.329228509351e-01       4.643676963681e+02 
       4.363284087628e-01       4.565514274656e+02 
       4.397339668734e-01       4.489305313778e+02 
       4.431395252603e-01       4.415284070744e+02 
       4.465450839173e-01       4.343622804213e+02 
       4.499506428381e-01       4.274390632596e+02 
       4.533562020169e-01       4.207604211474e+02 
       4.567617614478e-01       4.143122734754e+02 
       4.601673211252e-01       4.080828386777e+02 
       4.635728810436e-01       4.020504473745e+02 
       4.669784411978e-01       3.961866348308e+02 
       4.703840015825e-01       3.904737754594e+02 
       4.737895621930e-01       3.848827880336e+02 
       4.771951230242e-01       3.793925783740e+02 
       4.806006840714e-01       3.739835063084e+02 
       4.840062453302e-01       3.686415370057e+02 
       4.874118067959e-01       3.633588084214e+02 
       4.908173684645e-01       3.581291852833e+02 
       4.942229303315e-01       3.529556166826e+02 
       4.976284923929e-01       3.478412513094e+02 
       5.010340546448e-01       3.427960405835e+02 
       5.044396170832e-01       3.378288275172e+02 
       5.078451797045e-01       3.329536242289e+02 
       5.112507425049e-01       3.281775798877e+02 
       5.146563054809e-01       3.235109290896e+02 
       5.180618686290e-01       3.189593478149e+02 
       5.214674319458e-01       3.145278607454e+02 
       5.248729954280e-01       3.102127888426e+02 
       5.282785590724e-01       3.060107840334e+02 
       5.316841228759e-01       3.019180883536e+02 
       5.350896868355e-01       2.979218656398e+02 
       5.384952509481e-01       2.940142938582e+02 
       5.419008152109e-01       2.901847542293e+02 
       5.453063796211e-01       2.864246550688e+02 
       5.487119441758e-01       2.827242512255e+02 
       5.521175088725e-01       2.790775838893e+02 
       5.555230737085e-01       2.754794062124e+02 
       5.589286386812e-01       2.719287140459e+02 
       5.623342037882e-01       2.684252988484e+02 
       5.657397690270e-01       2.649694876427e+02 
       5.691453343952e-01       2.615648076392e+02 
       5.725508998906e-01       2.582133192550e+02 
       5.759564655108e-01       2.549179856413e+02 
       5.793620312537e-01       2.516813761587e+02 
       5.827675971171e-01       2.485052557815e+02 
       5.861731630989e-01       2.453913310102e+02 
       5.895787291970e-01       2.423392923476e+02 
       5.929842954095e-01       2.393480032339e+02 
       5.963898617343e-01       2.364165867850e+02 
       5.997954281696e-01       2.335435094412e+02 
       6.032009947135e-01       2.307239682660e+02 
       6.066065613640e-01       2.279575934363e+02 
       6.100121281196e-01       2.252398254587e+02 
       6.134176949783e-01       2.225699945635e+02 
       6.168232619385e-01       2.199430088281e+02 
       6.202288289985e-01       2.173573203552e+02 
       6.236343961566e-01       2.148113770826e+02 
       6.270399634113e-01       2.123032299659e+02 
       6.304455307611e-01       2.098309996621e+02 
       6.338510982042e-01       2.073954267398e+02 
       6.372566657393e-01       2.049934217743e+02 
       6.406622333649e-01       2.026281247852e+02 
       6.440678010795e-01       2.002985605033e+02 
       6.474733688818e-01       1.980033223625e+02 
       6.508789367703e-01       1.957455490262e+02 
       6.542845047438e-01       1.935225527967e+02 
       6.576900728008e-01       1.913382184655e+02 
       6.610956409401e-01       1.891901855491e+02 
       6.645012091604e-01       1.870781475141e+02 
       6.679067774605e-01       1.850009299884e+02 
       6.713123458391e-01       1.829584504887e+02 
       6.747179142951e-01       1.809506752363e+02 
       6.781234828273e-01       1.789743974453e+02 
       6.815290514346e-01       1.770291636893e+02 
       6.849346201158e-01       1.751143017905e+02 
       6.883401888698e-01       1.732277501535e+02 
       6.917457576956e-01       1.713685169843e+02 
       6.951513265920e-01       1.695368195278e+02 
       6.985568955581e-01       1.677300993252e+02 
       7.019624645929e-01       1.659493177271e+02 
       7.053680336953e-01       1.641933045772e+02 
       7.087736028644e-01       1.624626361979e+02 
       7.121791720992e-01       1.607563403825e+02 
       7.155847413988e-01       1.590746513290e+02 
       7.189903107622e-01       1.574166384054e+02 
       7.223958801885e-01       1.557836759374e+02 
       7.258014496769e-01       1.541734562158e+02 
       7.292070192265e-01       1.525873972166e+02 
       7.326125888364e-01       1.510244540912e+02 
       7.360181585058e-01       1.494841956832e+02 
       7.394237282338e-01       1.479671815078e+02 
       7.428292980197e-01       1.464718084286e+02 
       7.462348678627e-01       1.449980177422e+02 
       7.496404377620e-01       1.435456673212e+02 
       7.530460077167e-01       1.421137380003e+02 
       7.564515777263e-01       1.407021736275e+02 
       7.598571477898e-01       1.393091183532e+02 
       7.632627179067e-01       1.379357779357e+02 
       7.666682880761e-01       1.365813858792e+02 
       7.700738582975e-01       1.352448050613e+02 
       7.734794285700e-01       1.339257105351e+02 
       7.768849988931e-01       1.326244821683e+02 
       7.802905692660e-01       1.313405638540e+02 
       7.836961396882e-01       1.300742695585e+02 
       7.871017101589e-01       1.288236091883e+02 
       7.905072806776e-01       1.275907409284e+02 
       7.939128512436e-01       1.263740298668e+02 
       7.973184218563e-01       1.251724396874e+02 
       8.007239925152e-01       1.239892116834e+02 
       8.041295632195e-01       1.228199453930e+02 
       8.075351339689e-01       1.216665108019e+02 
       8.109407047626e-01       1.205285162009e+02 
       8.143462756002e-01       1.194047314375e+02 
       8.177518464810e-01       1.182966347782e+02 
       8.211574174046e-01       1.172028656274e+02 
       8.245629883704e-01       1.161233099859e+02 
       8.279685593778e-01       1.150567873159e+02 
       8.313741304265e-01       1.140049477908e+02 
       8.347797015158e-01       1.129655384103e+02 
       8.381852726453e-01       1.119393495556e+02 
       8.415908438145e-01       1.109264556728e+02 
       8.449964150229e-01       1.099261760539e+02 
       8.484019862701e-01       1.089384176659e+02 
       8.518075575555e-01       1.079624780027e+02 
       8.552131288787e-01       1.069989569875e+02 
       8.586187002392e-01       1.060472789530e+02 
       8.620242716367e-01       1.051073652585e+02 
       8.654298430707e-01       1.041794145880e+02 
       8.688354145407e-01       1.032623304884e+02 
       8.722409860463e-01       1.023566300972e+02 
       8.756465575871e-01       1.014622496095e+02 
       8.790521291628e-01       1.005783271179e+02 
       8.824577007728e-01       9.970575030307e+01 
       8.858632724168e-01       9.884367704496e+01 
       8.892688440945e-01       9.799185344148e+01 
       8.926744158053e-01       9.715002616470e+01 
       8.960799875490e-01       9.631823974733e+01 
       8.994855593252e-01       9.549699247695e+01 
       9.028911311335e-01       9.468446058945e+01 
       9.062967029735e-01       9.388245653792e+01 
       9.097022748449e-01       9.308917468976e+01 
       9.131078467473e-01       9.230547357206e+01 
       9.165134186804e-01       9.153141131170e+01 
       9.199189906438e-01       9.076616830070e+01 
       9.233245626373e-01       9.000958908035e+01 
       9.267301346604e-01       8.926230349653e+01 
       9.301357067128e-01       8.852263576028e+01 
       9.335412787943e-01       8.779199902592e+01 
       9.369468509045e-01       8.706981896984e+01 
       9.403524230431e-01       8.635555377241e+01 
       9.437579952097e-01       8.564956682712e+01 
       9.471635674042e-01       8.495238345453e+01 
       9.505691396261e-01       8.426202338907e+01 
       9.539747118753e-01       8.358003328297e+01 
       9.573802841513e-01       8.290566464950e+01 
       9.607858564539e-01       8.223878856991e+01 
       9.641914287829e-01       8.157984066815e+01 
       9.675970011379e-01       8.092768240795e+01 
       9.710025735187e-01       8.028372073595e+01 
       9.744081459250e-01       7.964565989594e+01 
       9.778137183566e-01       7.901534718381e+01 
       9.812192908131e-01       7.839155955898e+01 
       9.846248632943e-01       7.777489712620e+01 
       9.880304358000e-01       7.716542658457e+01 
       9.914360083299e-01       7.656215215505e+01 
       9.948415808838e-01       7.596487507761e+01 
       9.982471534613e-01       7.537470188740e+01 
       1.001652726062e+00       7.479091870479e+01 
       1.005058298687e+00       7.421307958680e+01 
       1.008463871334e+00       7.364166775021e+01 
       1.011869444004e+00       7.307629359414e+01 
       1.015275016697e+00       7.251693773948e+01 
       1.018680589411e+00       7.196375165269e+01 
       1.022086162148e+00       7.141678978489e+01 
       1.025491734907e+00       7.087499280516e+01 
       1.028897307688e+00       7.033878671597e+01 
       1.032302880490e+00       6.980869215439e+01 
       1.035708453313e+00       6.928404413836e+01 
       1.039114026157e+00       6.876427574190e+01 
       1.042519599022e+00       6.825070211472e+01 
       1.045925171907e+00       6.774224374455e+01 
       1.049330744813e+00       6.723906312607e+01 
       1.052736317739e+00       6.674108669300e+01 
       1.056141890685e+00       6.624812651360e+01 
       1.059547463651e+00       6.576022886016e+01 
       1.062953036637e+00       6.527760464486e+01 
       1.066358609642e+00       6.479923963332e+01 
       1.069764182666e+00       6.432601257026e+01 
       1.073169755710e+00       6.385768223163e+01 
       1.076575328772e+00       6.339430433837e+01 
       1.079980901853e+00       6.293577658263e+01 
       1.083386474952e+00       6.248125396640e+01 
       1.086792048070e+00       6.203155261527e+01 
       1.090197621206e+00       6.158636004797e+01 
       1.093603194360e+00       6.114602178367e+01 
       1.097008767532e+00       6.070910079231e+01 
       1.100414340721e+00       6.027687909861e+01 
       1.103819913928e+00       5.984923397977e+01 
       1.107225487153e+00       5.942563694811e+01 
       1.110631060394e+00       5.900585975922e+01 
       1.114036633653e+00       5.859080313535e+01 
       1.117442206928e+00       5.818005198864e+01 
       1.120847780220e+00       5.777232939463e+01 
       1.124253353529e+00       5.736892793365e+01 
       1.127658926854e+00       5.697012878603e+01 
       1.131064500196e+00       5.657452355688e+01 
       1.134470073553e+00       5.618239850753e+01 
       1.137875646927e+00       5.579441131142e+01 
       1.141281220316e+00       5.541059406547e+01 
       1.144686793722e+00       5.502970428290e+01 
       1.148092367142e+00       5.465273829542e+01 
       1.151497940578e+00       5.427925999895e+01 
       1.154903514030e+00       5.390997844422e+01 
       1.158309087496e+00       5.354321812978e+01 
       1.161714660978e+00       5.318053112653e+01 
       1.165120234474e+00       5.282095937881e+01 
       1.168525807985e+00       5.246514500790e+01 
       1.171931381511e+00       5.211222168692e+01 
       1.175336955051e+00       5.176284956741e+01 
       1.178742528606e+00       5.141691565963e+01 
       1.182148102175e+00       5.107407145214e+01 
       1.185553675758e+00       5.073386022640e+01 
       1.188959249355e+00       5.039744368102e+01 
       1.192364822966e+00       5.006376031419e+01 
       1.195770396590e+00       4.973352074387e+01 
       1.199175970228e+00       4.940599208655e+01 
       1.202581543880e+00       4.908156709641e+01 
       1.205987117545e+00       4.876040891135e+01 
       1.209392691224e+00       4.844164663406e+01 
       1.212798264916e+00       4.812607223150e+01 
       1.216203838620e+00       4.781279887451e+01 
       1.219609412338e+00       4.750298579927e+01 
       1.223014986069e+00       4.719609837876e+01 
       1.226420559812e+00       4.689141570999e+01 
       1.229826133568e+00       4.658970753721e+01 
       1.233231707337e+00       4.629104733184e+01 
       1.236637281118e+00       4.599455482147e+01 
       1.240042854911e+00       4.570063151065e+01 
       1.243448428717e+00       4.540964518273e+01 
       1.246854002534e+00       4.512114941335e+01 
       1.250259576364e+00       4.483512723475e+01 
       1.253665150206e+00       4.455170666088e+01 
       1.257070724059e+00       4.427070952557e+01 
       1.260476297924e+00       4.399201773496e+01 
       1.263881871801e+00       4.371611712413e+01 
       1.267287445689e+00       4.344245447230e+01 
       1.270693019589e+00       4.317127550292e+01 
       1.274098593501e+00       4.290239912402e+01 
       1.277504167423e+00       4.263560009025e+01 
       1.280909741357e+00       4.237120182037e+01 
       1.284315315302e+00       4.210927517793e+01 
       1.287720889257e+00       4.184953872493e+01 
       1.291126463224e+00       4.159196136932e+01 
       1.294532037202e+00       4.133652531772e+01 
       1.297937611190e+00       4.108350072606e+01 
       1.301343185189e+00       4.083237605638e+01 
       1.304748759199e+00       4.058364575383e+01 
       1.308154333219e+00       4.033668430559e+01 
       1.311559907249e+00       4.009204587756e+01 
       1.314965481290e+00       3.984928115709e+01 
       1.318371055341e+00       3.960853675898e+01 
       1.321776629402e+00       3.937000410706e+01 
       1.325182203474e+00       3.913397932928e+01 
       1.328587777555e+00       3.889886123229e+01 
       1.331993351646e+00       3.866580169691e+01 
       1.335398925747e+00       3.843532825070e+01 
       1.338804499858e+00       3.820692345904e+01 
       1.342210073979e+00       3.797940280918e+01 
       1.345615648109e+00       3.775478229806e+01 
       1.349021222249e+00       3.753089729810e+01 
       1.352426796399e+00       3.730947203924e+01 
       1.355832370557e+00       3.709011362783e+01 
       1.359237944726e+00       3.687229318380e+01 
       1.362643518903e+00       3.665607078509e+01 
       1.366049093090e+00       3.644181493922e+01 
       1.369454667285e+00       3.622957238701e+01 
       1.372860241490e+00       3.601847500488e+01 
       1.376265815704e+00       3.580938583919e+01 
       1.379671389927e+00       3.560187166998e+01 
       1.383076964159e+00       3.539611797696e+01 
       1.386482538399e+00       3.519211830944e+01 
       1.389888112649e+00       3.498972151946e+01 
       1.393293686907e+00       3.478858527512e+01 
       1.396699261173e+00       3.458951367988e+01 
       1.400104835448e+00       3.439174526703e+01 
       1.403510409732e+00       3.419564915284e+01 
       1.406915984024e+00       3.400101317037e+01 
       1.410321558324e+00       3.380837173294e+01 
       1.413727132633e+00       3.361668275197e+01 
       1.417132706950e+00       3.342646757467e+01 
       1.420538281275e+00       3.323824071054e+01 
       1.423943855609e+00       3.305066657495e+01 
       1.427349429950e+00       3.286553719179e+01 
       1.430755004300e+00       3.268127075684e+01 
       1.434160578657e+00       3.249832390765e+01 
       1.437566153022e+00       3.231709981412e+01 
       1.440971727395e+00       3.213734687590e+01 
       1.444377301776e+00       3.195871656146e+01 
       1.447782876165e+00       3.178162844604e+01 
       1.451188450561e+00       3.160588351916e+01 
       1.454594024965e+00       3.143126608637e+01 
       1.457999599377e+00       3.125819748697e+01 
       1.461405173796e+00       3.108641950881e+01 
       1.464810748222e+00       3.091607085357e+01 
       1.468216322656e+00       3.074694197261e+01 
       1.471621897097e+00       3.057909283850e+01 
       1.475027471546e+00       3.041267113184e+01 
       1.478433046002e+00       3.024680519711e+01 
       1.481838620465e+00       3.008312891526e+01 
       1.485244194935e+00       2.992024529849e+01 
       1.488649769413e+00       2.975846072915e+01 
       1.492055343897e+00       2.959795933279e+01 
       1.495460918389e+00       2.943890207153e+01 
       1.498866492887e+00       2.928101501902e+01 
       1.502272067392e+00       2.912413014797e+01 
       1.505677641905e+00       2.896843534715e+01 
       1.509083216424e+00       2.881365412120e+01 
       1.512488790949e+00       2.866039883345e+01 
       1.515894365482e+00       2.850822995371e+01 
       1.519299940021e+00       2.835693056968e+01 
       1.522705514567e+00       2.820680221643e+01 
       1.526111089120e+00       2.805825183333e+01 
       1.529516663679e+00       2.791030363760e+01 
       1.532922238244e+00       2.776337356497e+01 
       1.536327812816e+00       2.761811362986e+01 
       1.539733387395e+00       2.747317937508e+01 
       1.543138961980e+00       2.732973427429e+01 
       1.546544536571e+00       2.718691855783e+01 
       1.549950111168e+00       2.704558722005e+01 
       1.553355685772e+00       2.690499659702e+01 
       1.556761260382e+00       2.676551566050e+01 
       1.560166834998e+00       2.662703536005e+01 
       1.563572409620e+00       2.648981669594e+01 
       1.566977984249e+00       2.635323678436e+01 
       1.570383558883e+00       2.621764040856e+01 
       1.573789133524e+00       2.608320826055e+01 
       1.577194708170e+00       2.594940417561e+01 
       1.580600282822e+00       2.581687051791e+01 
       1.584005857481e+00       2.568503860818e+01 
       1.587411432145e+00       2.555426583268e+01 
       1.590817006815e+00       2.542434607612e+01 
       1.594222581491e+00       2.529575076269e+01 
       1.597628156172e+00       2.516710890748e+01 
       1.600463238080e+00       2.506154553449e+01 
       2.010949557455e+00       1.449317034422e+01 
       2.531632895909e+00       8.270937888959e+00 
       3.187136982773e+00       4.683189370064e+00 
       4.012367738482e+00       2.632954216749e+00 
       5.051271707438e+00       1.470884971092e+00 
       6.359174314370e+00       8.168060204163e-01 
       8.005726142389e+00       4.511338277329e-01 
       1.007861208052e+01       2.479682368291e-01 
       1.268822086378e+01       1.357042216409e-01 
       1.597352367587e+01       7.391392567045e-02 
       2.010947487145e+01       4.012039131779e-02 
