# Matter power spectrum P(k) at redshift z=0
# for k=9.60881e-06 to 21.9587 h/Mpc,
# number of wavenumbers equal to 853
#    1:k (h/Mpc)              2:P (Mpc/h)^3        
       9.608806565107e-06       6.158146199366e+01 
       2.145156745703e-05       1.335748255055e+02 
       3.332954735221e-05       2.042782156209e+02 
       4.526975115419e-05       2.744214382475e+02 
       5.729956186539e-05       3.444079317705e+02 
       6.944694710181e-05       4.145323089407e+02 
       8.174067122832e-05       4.850409977357e+02 
       9.421051552855e-05       5.561567472929e+02 
       1.068875088434e-04       6.280909358618e+02 
       1.198041711362e-04       7.010507790593e+02 
       1.329947724596e-04       7.752441256892e+02 
       1.464956097987e-04       8.508830147134e+02 
       1.603453042204e-04       9.281865575711e+02 
       1.745851206528e-04       1.007383450046e+03 
       1.892593124115e-04       1.088714305693e+03 
       2.044154922346e-04       1.172433881811e+03 
       2.201050310352e-04       1.258813270640e+03 
       2.363834847410e-04       1.348142102494e+03 
       2.533110483824e-04       1.440730742079e+03 
       2.709530348823e-04       1.536912494734e+03 
       2.893803736693e-04       1.637045783067e+03 
       3.086701210935e-04       1.741516239248e+03 
       3.289059705157e-04       1.850738664770e+03 
       3.501787446709e-04       1.965158704935e+03 
       3.725868463269e-04       2.085254153353e+03 
       3.962366352877e-04       2.211535654239e+03 
       4.212426904911e-04       2.344546605733e+03 
       4.477279056125e-04       2.484861967316e+03 
       4.758233558858e-04       2.633085675454e+03 
       5.056678639574e-04       2.789846270223e+03 
       5.374071853343e-04       2.955790368702e+03 
       5.711927319294e-04       3.131573663063e+03 
       6.071797585811e-04       3.317849076575e+03 
       6.455249558241e-04       3.515251952350e+03 
       6.863834258880e-04       3.724382325963e+03 
       7.299050697801e-04       3.945784590212e+03 
       7.762304804195e-04       4.179925250029e+03 
       8.254865149471e-04       4.427169928382e+03 
       8.777817983007e-04       4.687761046646e+03 
       9.332024751379e-04       4.961798035880e+03 
       9.918085613878e-04       5.249221913558e+03 
       1.053631235555e-03       5.549806086624e+03 
       1.118671346315e-03       5.863154619264e+03 
       1.186899301353e-03       6.188708537498e+03 
       1.258256359613e-03       6.525759891561e+03 
       1.332657200755e-03       6.873472580620e+03 
       1.340840250952e-03       6.911485498333e+03 
       1.409993519211e-03       7.230907681360e+03 
       1.490138307530e-03       7.597051464972e+03 
       1.572950464739e-03       7.970843762850e+03 
       1.658279387686e-03       8.351204642079e+03 
       1.745969263858e-03       8.737058832152e+03 
       1.835862865565e-03       9.127355839150e+03 
       1.927804730282e-03       9.521086790753e+03 
       2.021643687598e-03       9.917296421108e+03 
       2.117234751992e-03       1.031509182747e+04 
       2.214440440455e-03       1.071364688221e+04 
       2.313131596169e-03       1.111220442739e+04 
       2.413187807521e-03       1.151007614635e+04 
       2.514497509855e-03       1.190664012841e+04 
       2.616957849248e-03       1.230133888796e+04 
       2.720474376409e-03       1.269367439924e+04 
       2.824960626633e-03       1.308320495168e+04 
       2.930337630105e-03       1.346953988485e+04 
       3.036533386399e-03       1.385233564738e+04 
       3.143482328220e-03       1.423129143300e+04 
       3.251124792182e-03       1.460614473211e+04 
       3.359406508800e-03       1.497666878588e+04 
       3.468278119440e-03       1.534266771667e+04 
       3.577694724771e-03       1.570397409071e+04 
       3.687615466840e-03       1.606044649169e+04 
       3.798003145249e-03       1.641196524761e+04 
       3.908823866730e-03       1.675843203868e+04 
       4.020046726690e-03       1.709976496238e+04 
       4.131643520835e-03       1.743590070504e+04 
       4.243588484725e-03       1.776678772641e+04 
       4.355858059030e-03       1.809238858812e+04 
       4.468430678260e-03       1.841267597300e+04 
       4.581286580801e-03       1.872763292172e+04 
       4.694407638220e-03       1.903725047779e+04 
       4.807777201933e-03       1.934152905390e+04 
       4.921379965466e-03       1.964047137403e+04 
       5.035201840715e-03       1.993409173182e+04 
       5.149229846737e-03       2.022240781150e+04 
       5.263452009761e-03       2.050544220510e+04 
       5.377857273226e-03       2.078321894533e+04 
       5.492435416790e-03       2.105577093167e+04 
       5.607176983354e-03       2.132312962995e+04 
       5.722073213252e-03       2.158533173222e+04 
       5.837115984859e-03       2.184241891191e+04 
       5.952297760926e-03       2.209442493072e+04 
       6.067611540054e-03       2.234139888718e+04 
       6.183050812766e-03       2.258338271746e+04 
       6.298609521706e-03       2.282041992793e+04 
       6.414282025528e-03       2.305256055665e+04 
       6.530063066118e-03       2.327984836475e+04 
       6.645947738794e-03       2.350233171124e+04 
       6.761931465189e-03       2.372006372521e+04 
       6.878009968562e-03       2.393308538106e+04 
       6.994179251274e-03       2.414145303509e+04 
       7.110435574241e-03       2.434521515963e+04 
       7.226775438162e-03       2.454441937696e+04 
       7.343195566339e-03       2.473911680861e+04 
       7.459692888970e-03       2.492935849692e+04 
       7.576264528736e-03       2.511519747768e+04 
       7.692907787600e-03       2.529668039666e+04 
       7.809620134675e-03       2.547385551367e+04 
       7.926399195086e-03       2.564677470488e+04 
       8.043242739716e-03       2.581548959487e+04 
       8.160148675780e-03       2.598004956771e+04 
       8.277115038132e-03       2.614050146350e+04 
       8.394139981253e-03       2.629689808196e+04 
       8.511221771859e-03       2.644927871098e+04 
       8.628358782070e-03       2.659770011519e+04 
       8.745549483106e-03       2.674220692651e+04 
       8.862792439445e-03       2.688284739399e+04 
       8.980086303427e-03       2.701966013394e+04 
       9.097429810247e-03       2.715269970213e+04 
       9.214821773323e-03       2.728201025924e+04 
       9.332261079998e-03       2.740763653754e+04 
       9.449746687547e-03       2.752963210068e+04 
       9.567277619478e-03       2.764803043733e+04 
       9.684852962090e-03       2.776288025413e+04 
       9.802471861276e-03       2.787422647716e+04 
       9.920133519552e-03       2.798211161961e+04 
       1.003783719329e-02       2.808657786507e+04 
       1.015558219016e-02       2.818767135473e+04 
       1.027336786669e-02       2.828543138708e+04 
       1.039119362611e-02       2.837989143946e+04 
       1.050905891620e-02       2.847111099568e+04 
       1.062696322741e-02       2.855911088629e+04 
       1.074490609101e-02       2.864395270504e+04 
       1.086288707745e-02       2.872565386196e+04 
       1.098090579479e-02       2.880427460309e+04 
       1.109896188722e-02       2.887983660562e+04 
       1.121705503369e-02       2.895238354782e+04 
       1.133518494670e-02       2.902196640419e+04 
       1.145335137105e-02       2.908862068439e+04 
       1.157155408280e-02       2.915237319232e+04 
       1.168979288821e-02       2.921326830355e+04 
       1.180806762280e-02       2.927133602397e+04 
       1.192637815048e-02       2.932662032230e+04 
       1.204472436269e-02       2.937916031007e+04 
       1.216310617768e-02       2.942898102768e+04 
       1.228152353978e-02       2.947612434840e+04 
       1.239997641876e-02       2.952062174404e+04 
       1.251846480920e-02       2.956250099642e+04 
       1.263698872995e-02       2.960182287018e+04 
       1.275554822362e-02       2.963859667347e+04 
       1.287414335609e-02       2.967286417615e+04 
       1.299277421609e-02       2.970465521183e+04 
       1.311144091480e-02       2.973400956106e+04 
       1.323014358550e-02       2.976095257058e+04 
       1.334888238321e-02       2.978552488613e+04 
       1.340840250952e-02       2.979695198177e+04 
       1.346765748445e-02       2.980774146976e+04 
       1.358646908692e-02       2.982767200399e+04 
       1.370531740931e-02       2.984530848653e+04 
       1.382420269108e-02       2.986069684681e+04 
       1.394312519227e-02       2.987388224753e+04 
       1.406208519336e-02       2.988486894769e+04 
       1.418108299514e-02       2.989370552867e+04 
       1.430011891861e-02       2.990041575170e+04 
       1.441919330488e-02       2.990503253298e+04 
       1.453830651516e-02       2.990757867188e+04 
       1.465745893064e-02       2.990810064871e+04 
       1.477665095257e-02       2.990660836085e+04 
       1.489588300219e-02       2.990313676058e+04 
       1.501515552078e-02       2.989772724279e+04 
       1.513446896973e-02       2.989038599493e+04 
       1.525382383055e-02       2.988115516533e+04 
       1.537322060500e-02       2.987005911187e+04 
       1.549265981514e-02       2.985711142001e+04 
       1.561214200349e-02       2.984237910844e+04 
       1.573166773313e-02       2.982585381203e+04 
       1.585123758789e-02       2.980758717014e+04 
       1.597085217246e-02       2.978756524175e+04 
       1.609051211262e-02       2.976584389318e+04 
       1.621021805544e-02       2.974245963015e+04 
       1.632997066945e-02       2.971742000101e+04 
       1.644977064494e-02       2.969076419633e+04 
       1.656961869415e-02       2.966250017662e+04 
       1.668951555156e-02       2.963267930744e+04 
       1.680946197418e-02       2.960130584907e+04 
       1.692945874185e-02       2.956839830523e+04 
       1.704950665752e-02       2.953397317428e+04 
       1.716960654760e-02       2.949811676145e+04 
       1.728975926234e-02       2.946079892186e+04 
       1.740996567612e-02       2.942207313731e+04 
       1.753022668790e-02       2.938187562523e+04 
       1.765054322158e-02       2.934037038074e+04 
       1.777091622640e-02       2.929750471118e+04 
       1.789134667742e-02       2.925328045986e+04 
       1.801183557591e-02       2.920775457991e+04 
       1.813238394985e-02       2.916096097261e+04 
       1.825299285442e-02       2.911291006600e+04 
       1.837366337244e-02       2.906356985273e+04 
       1.849439661498e-02       2.901307552040e+04 
       1.861519372184e-02       2.896134801621e+04 
       1.873605586209e-02       2.890847199749e+04 
       1.885698423471e-02       2.885440593396e+04 
       1.897798006914e-02       2.879923990898e+04 
       1.909904462590e-02       2.874296575499e+04 
       1.922017919724e-02       2.868560429969e+04 
       1.934138510781e-02       2.862715975927e+04 
       1.946266371531e-02       2.856772079078e+04 
       1.958401641121e-02       2.850721985020e+04 
       1.970544462148e-02       2.844567429932e+04 
       1.982694980735e-02       2.838313495103e+04 
       1.994853346605e-02       2.831968553349e+04 
       2.007019713163e-02       2.825533285587e+04 
       2.019194237580e-02       2.818996869774e+04 
       2.031377080876e-02       2.812373423360e+04 
       2.043568408007e-02       2.805659828653e+04 
       2.055768387959e-02       2.798861027488e+04 
       2.067977193838e-02       2.791978476484e+04 
       2.080195002968e-02       2.785004809518e+04 
       2.092421996990e-02       2.777959950721e+04 
       2.104658361966e-02       2.770835938616e+04 
       2.116904288482e-02       2.763628346128e+04 
       2.129159971762e-02       2.756347377560e+04 
       2.141425611774e-02       2.748989696201e+04 
       2.153701413353e-02       2.741562641911e+04 
       2.165987586316e-02       2.734067034488e+04 
       2.178284345590e-02       2.726494550723e+04 
       2.190591911335e-02       2.718858886909e+04 
       2.202910509081e-02       2.711165128887e+04 
       2.215240369858e-02       2.703396265237e+04 
       2.227581730343e-02       2.695581623031e+04 
       2.239934833002e-02       2.687688706344e+04 
       2.252299926238e-02       2.679748505928e+04 
       2.264677264547e-02       2.671747493176e+04 
       2.277067108681e-02       2.663684648331e+04 
       2.289469725807e-02       2.655574191055e+04 
       2.301885389681e-02       2.647411138957e+04 
       2.314314380825e-02       2.639191319590e+04 
       2.326756986705e-02       2.630928204194e+04 
       2.339213501923e-02       2.622617565019e+04 
       2.351684228407e-02       2.614255640345e+04 
       2.364169475618e-02       2.605844212730e+04 
       2.376669560751e-02       2.597390720921e+04 
       2.389184808955e-02       2.588905275143e+04 
       2.401715553552e-02       2.580373259750e+04 
       2.414262136268e-02       2.571796917492e+04 
       2.426824907472e-02       2.563178517841e+04 
       2.439404226421e-02       2.554537921987e+04 
       2.452000461516e-02       2.545849784459e+04 
       2.464613990562e-02       2.537125014634e+04 
       2.477245201050e-02       2.528379014745e+04 
       2.489894490429e-02       2.519592388941e+04 
       2.502562266411e-02       2.510779736852e+04 
       2.515248947266e-02       2.501936414428e+04 
       2.527954962141e-02       2.493057401042e+04 
       2.540680751389e-02       2.484160478446e+04 
       2.553426766904e-02       2.475234821664e+04 
       2.566193472477e-02       2.466283991960e+04 
       2.578981344156e-02       2.457308184516e+04 
       2.591790870631e-02       2.448313247168e+04 
       2.604622553622e-02       2.439290847597e+04 
       2.617476908292e-02       2.430254148398e+04 
       2.630354463668e-02       2.421198661490e+04 
       2.643255763084e-02       2.412117376471e+04 
       2.656181364641e-02       2.403020700648e+04 
       2.669131841680e-02       2.393911498179e+04 
       2.682107783281e-02       2.384785278193e+04 
       2.695109794777e-02       2.375642866565e+04 
       2.708138498293e-02       2.366489757158e+04 
       2.721194533301e-02       2.357321688233e+04 
       2.734278557209e-02       2.348148622566e+04 
       2.747391245960e-02       2.338952835059e+04 
       2.760533294667e-02       2.329752309468e+04 
       2.773705418273e-02       2.320543565174e+04 
       2.786908352235e-02       2.311328389630e+04 
       2.800142853243e-02       2.302107343426e+04 
       2.813409699967e-02       2.292869921838e+04 
       2.826709693835e-02       2.283636755352e+04 
       2.840043659852e-02       2.274400782845e+04 
       2.853412447450e-02       2.265147838616e+04 
       2.866816931377e-02       2.255898111168e+04 
       2.880258012627e-02       2.246639001030e+04 
       2.893736619415e-02       2.237389380295e+04 
       2.907253708194e-02       2.228133719681e+04 
       2.920810264721e-02       2.218878554796e+04 
       2.934407305175e-02       2.209625238438e+04 
       2.948045877321e-02       2.200361964863e+04 
       2.961727061742e-02       2.191103082393e+04 
       2.975451973121e-02       2.181850188521e+04 
       2.989221761589e-02       2.172591462462e+04 
       3.003037614139e-02       2.163344465180e+04 
       3.016900756117e-02       2.154101133750e+04 
       3.030812452776e-02       2.144849855640e+04 
       3.044774010920e-02       2.135613016337e+04 
       3.058786780630e-02       2.126382192559e+04 
       3.072852157076e-02       2.117151085038e+04 
       3.086971582433e-02       2.107927126943e+04 
       3.101146547885e-02       2.098703900623e+04 
       3.115378595751e-02       2.089492064450e+04 
       3.129669321722e-02       2.080282645020e+04 
       3.144020377212e-02       2.071088139204e+04 
       3.158433471856e-02       2.061894552550e+04 
       3.172910376133e-02       2.052706978154e+04 
       3.187452924144e-02       2.043531384129e+04 
       3.202063016555e-02       2.034365796693e+04 
       3.216742623699e-02       2.025202517174e+04 
       3.231493788869e-02       2.016055895668e+04 
       3.246318631807e-02       2.006903785136e+04 
       3.261219352393e-02       1.997772833306e+04 
       3.276198234571e-02       1.988648407356e+04 
       3.291257650510e-02       1.979534112006e+04 
       3.306400065020e-02       1.970427962351e+04 
       3.321628040257e-02       1.961330598916e+04 
       3.336944240719e-02       1.952248877752e+04 
       3.352351438569e-02       1.943168598287e+04 
       3.367852519309e-02       1.934099445757e+04 
       3.383450487819e-02       1.925042317544e+04 
       3.399148474820e-02       1.915994675176e+04 
       3.414949743755e-02       1.906956338937e+04 
       3.430857698166e-02       1.897929204906e+04 
       3.446875889567e-02       1.888911496261e+04 
       3.463008025889e-02       1.879899333363e+04 
       3.479257980522e-02       1.870901986038e+04 
       3.495629802021e-02       1.861910742404e+04 
       3.512127724527e-02       1.852932243139e+04 
       3.528756178965e-02       1.843953977050e+04 
       3.545519805097e-02       1.834987465608e+04 
       3.562423464504e-02       1.826032147685e+04 
       3.579472254579e-02       1.817086506493e+04 
       3.596671523640e-02       1.808140018721e+04 
       3.614026887252e-02       1.799208756627e+04 
       3.631544245892e-02       1.790274164479e+04 
       3.649229804085e-02       1.781357291009e+04 
       3.667090091150e-02       1.772444446139e+04 
       3.685131983735e-02       1.763527585872e+04 
       3.703362730319e-02       1.754622257473e+04 
       3.721789977886e-02       1.745722276240e+04 
       3.740421801010e-02       1.736823796056e+04 
       3.759266733610e-02       1.727934823673e+04 
       3.778333803674e-02       1.719034411209e+04 
       3.797632571286e-02       1.710139312547e+04 
       3.817173170333e-02       1.701249739093e+04 
       3.836966354332e-02       1.692355230888e+04 
       3.857023546854e-02       1.683453654728e+04 
       3.877356897116e-02       1.674560227797e+04 
       3.897979341371e-02       1.665655676524e+04 
       3.918904670834e-02       1.656749373414e+04 
       3.940147606981e-02       1.647836983764e+04 
       3.961723885185e-02       1.638915001531e+04 
       3.983650347813e-02       1.629988834011e+04 
       4.005945048063e-02       1.621039535028e+04 
       4.028627366054e-02       1.612084868562e+04 
       4.051718138899e-02       1.603113948191e+04 
       4.075239806802e-02       1.594132707077e+04 
       4.099216577565e-02       1.585128944772e+04 
       4.123674612296e-02       1.576099721148e+04 
       4.148642235616e-02       1.567058261958e+04 
       4.174150174270e-02       1.557983003918e+04 
       4.200231828759e-02       1.548881957585e+04 
       4.226923583501e-02       1.539749206329e+04 
       4.254265162110e-02       1.530587538161e+04 
       4.282300035679e-02       1.521375605581e+04 
       4.311075893579e-02       1.512126874271e+04 
       4.340645188291e-02       1.502835107355e+04 
       4.371065768219e-02       1.493486087118e+04 
       4.402401615527e-02       1.484084779453e+04 
       4.434723709877e-02       1.474618722241e+04 
       4.468111043710e-02       1.465089045583e+04 
       4.502651820803e-02       1.455481838679e+04 
       4.538444877439e-02       1.445791941735e+04 
       4.575601375216e-02       1.436010362544e+04 
       4.614246826849e-02       1.426123993586e+04 
       4.654523531967e-02       1.416128318484e+04 
       4.696593519920e-02       1.406004469098e+04 
       4.740642122070e-02       1.395733704486e+04 
       4.786882328322e-02       1.385308874140e+04 
       4.835560123373e-02       1.374699696056e+04 
       4.886961048627e-02       1.363885291046e+04 
       4.941418296853e-02       1.352835616547e+04 
       4.999322717330e-02       1.341511644636e+04 
       5.061135183772e-02       1.329867955803e+04 
       5.127401840452e-02       1.317845631066e+04 
       5.198772758185e-02       1.305372356007e+04 
       5.276024426081e-02       1.292358440586e+04 
       5.360086127365e-02       1.278676867846e+04 
       5.452069313541e-02       1.264170556144e+04 
       5.553297095419e-02       1.248617632599e+04 
       5.665327101943e-02       1.231733411677e+04 
       5.789954167158e-02       1.213133146875e+04 
       5.929168945370e-02       1.192300903737e+04 
       6.085036548254e-02       1.168581087194e+04 
       6.259454825285e-02       1.141185720890e+04 
       6.453776374304e-02       1.109258641938e+04 
       6.668357380004e-02       1.072052128375e+04 
       6.902216485440e-02       1.029195581880e+04 
       7.153040433430e-02       9.809755108231e+03 
       7.417624560955e-02       9.284759093167e+03 
       7.692550204707e-02       8.734796725486e+03 
       7.974764457966e-02       8.181556518083e+03 
       8.261868153359e-02       7.646764540026e+03 
       8.552138302743e-02       7.149089856422e+03 
       8.844410967445e-02       6.702064774028e+03 
       9.137930800212e-02       6.313475274268e+03 
       9.432220011494e-02       5.985480879737e+03 
       9.726981184253e-02       5.715382328062e+03 
       1.002203099888e-01       5.496675998970e+03 
       1.031725713561e-01       5.320138536928e+03 
       1.061259101823e-01       5.174901868219e+03 
       1.090799085955e-01       5.049504076457e+03 
       1.120343121910e-01       4.932886874892e+03 
       1.149889661003e-01       4.815354146062e+03 
       1.179437759917e-01       4.689353959133e+03 
       1.208986843296e-01       4.550058418919e+03 
       1.238536559415e-01       4.395591083460e+03 
       1.268086692497e-01       4.226879597294e+03 
       1.297637109457e-01       4.047179785747e+03 
       1.327187727566e-01       3.861386588641e+03 
       1.340840250952e-01       3.775061765923e+03 
       1.356738494811e-01       3.675195772211e+03 
       1.386289377960e-01       3.494339818160e+03 
       1.415840355311e-01       3.323906901240e+03 
       1.445391412276e-01       3.167882861214e+03 
       1.474942538695e-01       3.028870582591e+03 
       1.504493727191e-01       2.908004905380e+03 
       1.534044972171e-01       2.805031318489e+03 
       1.563596269198e-01       2.718496233089e+03 
       1.593147614621e-01       2.645962394973e+03 
       1.622699005326e-01       2.584400100231e+03 
       1.652250438591e-01       2.530411567333e+03 
       1.681801911989e-01       2.480822615655e+03 
       1.711353423324e-01       2.432728488965e+03 
       1.740904970585e-01       2.382838329963e+03 
       1.770456551924e-01       2.329236405165e+03 
       1.800008165623e-01       2.270880166724e+03 
       1.829559810091e-01       2.207617029201e+03 
       1.859111483839e-01       2.140063165287e+03 
       1.888663185477e-01       2.069440533042e+03 
       1.918214913703e-01       1.997350611084e+03 
       1.947766667297e-01       1.925558680568e+03 
       1.977318445111e-01       1.855770963150e+03 
       2.006870246068e-01       1.789485027121e+03 
       2.036422069151e-01       1.727847438722e+03 
       2.065973913404e-01       1.671631957008e+03 
       2.095525777925e-01       1.621168226583e+03 
       2.125077661863e-01       1.576386675304e+03 
       2.154629564414e-01       1.536882559655e+03 
       2.184181484816e-01       1.501953416689e+03 
       2.213733422350e-01       1.470700678863e+03 
       2.243285376335e-01       1.442114506792e+03 
       2.272837346125e-01       1.415159680417e+03 
       2.302389331107e-01       1.388873263777e+03 
       2.331941330700e-01       1.362434805537e+03 
       2.361493344353e-01       1.335226148933e+03 
       2.391045371539e-01       1.306873549892e+03 
       2.420597411762e-01       1.277245112248e+03 
       2.450149464547e-01       1.246454304248e+03 
       2.479701529441e-01       1.214809107487e+03 
       2.509253606014e-01       1.182756780988e+03 
       2.538805693857e-01       1.150816205372e+03 
       2.568357792577e-01       1.119534454992e+03 
       2.597909901802e-01       1.089395434941e+03 
       2.627462021175e-01       1.060804392542e+03 
       2.657014150356e-01       1.034037947357e+03 
       2.686566289019e-01       1.009241300307e+03 
       2.716118436854e-01       9.864264295024e+02 
       2.745670593561e-01       9.654896903092e+02 
       2.775222758857e-01       9.462136906167e+02 
       2.804774932469e-01       9.283320522532e+02 
       2.834327114135e-01       9.115263174416e+02 
       2.863879303604e-01       8.954725124505e+02 
       2.893431500636e-01       8.798659022261e+02 
       2.922983705001e-01       8.644442726246e+02 
       2.952535916477e-01       8.490041221786e+02 
       2.982088134852e-01       8.334143688198e+02 
       3.011640359922e-01       8.176119997438e+02 
       3.041192591490e-01       8.016067644216e+02 
       3.070744829369e-01       7.854648117724e+02 
       3.100297073377e-01       7.692997622316e+02 
       3.129849323339e-01       7.532517038069e+02 
       3.159401579087e-01       7.374701343972e+02 
       3.188953840461e-01       7.221058971365e+02 
       3.218506107304e-01       7.072825442331e+02 
       3.248058379466e-01       6.930966794650e+02 
       3.277610656803e-01       6.796089677641e+02 
       3.307162939175e-01       6.668370812151e+02 
       3.336715226449e-01       6.547598073894e+02 
       3.366267518494e-01       6.433284692104e+02 
       3.395819815185e-01       6.324635964080e+02 
       3.425372116402e-01       6.220723536959e+02 
       3.454924422028e-01       6.120553491232e+02 
       3.484476731950e-01       6.023128013366e+02 
       3.514029046060e-01       5.927601481578e+02 
       3.543581364252e-01       5.833293795235e+02 
       3.573133686424e-01       5.739695391747e+02 
       3.602686012479e-01       5.646531562518e+02 
       3.632238342321e-01       5.553729022874e+02 
       3.661790675857e-01       5.461412513830e+02 
       3.691343013000e-01       5.369804657402e+02 
       3.720895353662e-01       5.279229443952e+02 
       3.750447697760e-01       5.190075014176e+02 
       3.780000045214e-01       5.102703159989e+02 
       3.809552395944e-01       5.017452923087e+02 
       3.839104749875e-01       4.934592690265e+02 
       3.868657106934e-01       4.854300317008e+02 
       3.898209467048e-01       4.776673506922e+02 
       3.927761830149e-01       4.701729000306e+02 
       3.957314196169e-01       4.629371603410e+02 
       3.986866565043e-01       4.559458978654e+02 
       4.016418936709e-01       4.491797749636e+02 
       4.045971311104e-01       4.426114353347e+02 
       4.075523688169e-01       4.362143783150e+02 
       4.105076067847e-01       4.299624319770e+02 
       4.134628450080e-01       4.238299991065e+02 
       4.164180834815e-01       4.177960821781e+02 
       4.193733221999e-01       4.118425308071e+02 
       4.223285611578e-01       4.059587054671e+02 
       4.252838003505e-01       4.001374203231e+02 
       4.282390397729e-01       3.943779771233e+02 
       4.311942794204e-01       3.886858618152e+02 
       4.341495192883e-01       3.830672445901e+02 
       4.371047593722e-01       3.775343794144e+02 
       4.400599996676e-01       3.720969380091e+02 
       4.430152401704e-01       3.667684069868e+02 
       4.459704808764e-01       3.615567128038e+02 
       4.489257217816e-01       3.564683106051e+02 
       4.518809628820e-01       3.515069676888e+02 
       4.548362041738e-01       3.466723797135e+02 
       4.577914456533e-01       3.419597735811e+02 
       4.607466873170e-01       3.373641899677e+02 
       4.637019291612e-01       3.328744281083e+02 
       4.666571711825e-01       3.284816248588e+02 
       4.696124133776e-01       3.241743578856e+02 
       4.725676557432e-01       3.199421603151e+02 
       4.755228982761e-01       3.157794762190e+02 
       4.784781409731e-01       3.116763939460e+02 
       4.814333838314e-01       3.076275903873e+02 
       4.843886268478e-01       3.036341377117e+02 
       4.873438700196e-01       2.996919907748e+02 
       4.902991133439e-01       2.958036756609e+02 
       4.932543568179e-01       2.919705064496e+02 
       4.962096004390e-01       2.881958999424e+02 
       4.991648442045e-01       2.844808920722e+02 
       5.021200881120e-01       2.808289432333e+02 
       5.050753321588e-01       2.772409198619e+02 
       5.080305763426e-01       2.737198715300e+02 
       5.109858206609e-01       2.702638269223e+02 
       5.139410651115e-01       2.668738781230e+02 
       5.168963096921e-01       2.635474776003e+02 
       5.198515544004e-01       2.602833994526e+02 
       5.228067992342e-01       2.570804287726e+02 
       5.257620441916e-01       2.539349003790e+02 
       5.287172892702e-01       2.508444483511e+02 
       5.316725344683e-01       2.478053985289e+02 
       5.346277797837e-01       2.448162679831e+02 
       5.375830252145e-01       2.418736994962e+02 
       5.405382707588e-01       2.389756596410e+02 
       5.434935164148e-01       2.361213542268e+02 
       5.464487621807e-01       2.333070269241e+02 
       5.494040080546e-01       2.305343422154e+02 
       5.523592540348e-01       2.278005722735e+02 
       5.553145001197e-01       2.251091156573e+02 
       5.582697463075e-01       2.224559561874e+02 
       5.612249925967e-01       2.198427959495e+02 
       5.641802389856e-01       2.172704930937e+02 
       5.671354854727e-01       2.147405376182e+02 
       5.700907320564e-01       2.122507710839e+02 
       5.730459787353e-01       2.098033041908e+02 
       5.760012255078e-01       2.073967262025e+02 
       5.789564723725e-01       2.050302364603e+02 
       5.819117193281e-01       2.027029303366e+02 
       5.848669663732e-01       2.004142582538e+02 
       5.878222135063e-01       1.981619400930e+02 
       5.907774607262e-01       1.959479079739e+02 
       5.937327080316e-01       1.937670428565e+02 
       5.966879554211e-01       1.916201429311e+02 
       5.996432028937e-01       1.895057347309e+02 
       6.025984504479e-01       1.874234598071e+02 
       6.055536980827e-01       1.853711307847e+02 
       6.085089457968e-01       1.833505364910e+02 
       6.114641935891e-01       1.813591445010e+02 
       6.144194414585e-01       1.793988645272e+02 
       6.173746894038e-01       1.774659341474e+02 
       6.203299374240e-01       1.755624473143e+02 
       6.232851855181e-01       1.736875438893e+02 
       6.262404336848e-01       1.718411351413e+02 
       6.291956819233e-01       1.700227185681e+02 
       6.321509302325e-01       1.682326223849e+02 
       6.351061786114e-01       1.664693674523e+02 
       6.380614270591e-01       1.647341962239e+02 
       6.410166755746e-01       1.630253086612e+02 
       6.439719241570e-01       1.613426353426e+02 
       6.469271728053e-01       1.596860774604e+02 
       6.498824215187e-01       1.580537221479e+02 
       6.528376702962e-01       1.564470807613e+02 
       6.557929191370e-01       1.548634340866e+02 
       6.587481680403e-01       1.533033822247e+02 
       6.617034170051e-01       1.517659800311e+02 
       6.646586660308e-01       1.502500303057e+02 
       6.676139151164e-01       1.487576046492e+02 
       6.705691642611e-01       1.472854463602e+02 
       6.735244134643e-01       1.458345928334e+02 
       6.764796627251e-01       1.444038834552e+02 
       6.794349120428e-01       1.429937892376e+02 
       6.823901614166e-01       1.416039834291e+02 
       6.853454108458e-01       1.402334833435e+02 
       6.883006603297e-01       1.388820805622e+02 
       6.912559098676e-01       1.375503932263e+02 
       6.942111594588e-01       1.362372457532e+02 
       6.971664091026e-01       1.349424365133e+02 
       7.001216587983e-01       1.336656230785e+02 
       7.030769085454e-01       1.324069427779e+02 
       7.060321583431e-01       1.311653094272e+02 
       7.089874081908e-01       1.299406527545e+02 
       7.119426580878e-01       1.287321344134e+02 
       7.148979080337e-01       1.275411732003e+02 
       7.178531580277e-01       1.263665631719e+02 
       7.208084080694e-01       1.252064572824e+02 
       7.237636581580e-01       1.240626558910e+02 
       7.267189082930e-01       1.229334231089e+02 
       7.296741584739e-01       1.218192788322e+02 
       7.326294087000e-01       1.207198552925e+02 
       7.355846589710e-01       1.196340287701e+02 
       7.385399092861e-01       1.185631547054e+02 
       7.414951596449e-01       1.175052595328e+02 
       7.444504100469e-01       1.164615527816e+02 
       7.474056604915e-01       1.154308041384e+02 
       7.503609109783e-01       1.144131827642e+02 
       7.533161615067e-01       1.134079098116e+02 
       7.562714120763e-01       1.124158467821e+02 
       7.592266626866e-01       1.114361715174e+02 
       7.621819133370e-01       1.104680719439e+02 
       7.651371640272e-01       1.095128920991e+02 
       7.680924147567e-01       1.085684539432e+02 
       7.710476655250e-01       1.076360655840e+02 
       7.740029163317e-01       1.067143766878e+02 
       7.769581671763e-01       1.058043143190e+02 
       7.799134180584e-01       1.049049813948e+02 
       7.828686689776e-01       1.040161639228e+02 
       7.858239199334e-01       1.031376679693e+02 
       7.887791709255e-01       1.022689213510e+02 
       7.917344219535e-01       1.014111441759e+02 
       7.946896730169e-01       1.005624683946e+02 
       7.976449241153e-01       9.972331747063e+01 
       8.006001752484e-01       9.889395483675e+01 
       8.035554264158e-01       9.807322395680e+01 
       8.065106776171e-01       9.726294630304e+01 
       8.094659288519e-01       9.646108795416e+01 
       8.124211801198e-01       9.566732531353e+01 
       8.153764314206e-01       9.488313234241e+01 
       8.183316827538e-01       9.410653812965e+01 
       8.212869341190e-01       9.333844917027e+01 
       8.242421855161e-01       9.257858375848e+01 
       8.271974369445e-01       9.182779167593e+01 
       8.301526884040e-01       9.108352676261e+01 
       8.331079398943e-01       9.034819802727e+01 
       8.360631914149e-01       8.962010416575e+01 
       8.390184429657e-01       8.890020257152e+01 
       8.419736945462e-01       8.818716183065e+01 
       8.449289461562e-01       8.748261172653e+01 
       8.478841977953e-01       8.678462123359e+01 
       8.508394494633e-01       8.609376579785e+01 
       8.537947011598e-01       8.540972682704e+01 
       8.567499528845e-01       8.473408523553e+01 
       8.597052046373e-01       8.406486965921e+01 
       8.626604564177e-01       8.340168375275e+01 
       8.656157082254e-01       8.274656583697e+01 
       8.685709600603e-01       8.209781360941e+01 
       8.715262119220e-01       8.145594086636e+01 
       8.744814638103e-01       8.082043468394e+01 
       8.774367157249e-01       8.019148248410e+01 
       8.803919676655e-01       7.956986776781e+01 
       8.833472196318e-01       7.895352217677e+01 
       8.863024716237e-01       7.834461516879e+01 
       8.892577236408e-01       7.774131170607e+01 
       8.922129756829e-01       7.714488745210e+01 
       8.951682277497e-01       7.655465579738e+01 
       8.981234798411e-01       7.597014852215e+01 
       9.010787319567e-01       7.539159711766e+01 
       9.040339840964e-01       7.481952674085e+01 
       9.069892362598e-01       7.425336342793e+01 
       9.099444884468e-01       7.369334405227e+01 
       9.128997406571e-01       7.313800453979e+01 
       9.158549928906e-01       7.258938152591e+01 
       9.188102451469e-01       7.204676494609e+01 
       9.217654974258e-01       7.150883401799e+01 
       9.247207497272e-01       7.097671074271e+01 
       9.276760020509e-01       7.045046908704e+01 
       9.306312543965e-01       6.992905797902e+01 
       9.335865067640e-01       6.941318218312e+01 
       9.365417591530e-01       6.890187153319e+01 
       9.394970115635e-01       6.839649090608e+01 
       9.424522639951e-01       6.789601190665e+01 
       9.454075164477e-01       6.740063010701e+01 
       9.483627689212e-01       6.691003926801e+01 
       9.513180214152e-01       6.642433662787e+01 
       9.542732739296e-01       6.594307085743e+01 
       9.572285264643e-01       6.546754598136e+01 
       9.601837790190e-01       6.499611567884e+01 
       9.631390315936e-01       6.452907797224e+01 
       9.660942841878e-01       6.406714190624e+01 
       9.690495368015e-01       6.360964747930e+01 
       9.720047894345e-01       6.315678886871e+01 
       9.749600420866e-01       6.270789292385e+01 
       9.779152947578e-01       6.226390122652e+01 
       9.808705474477e-01       6.182407752786e+01 
       9.838258001562e-01       6.138844825262e+01 
       9.867810528831e-01       6.095788816176e+01 
       9.897363056284e-01       6.053056966143e+01 
       9.926915583918e-01       6.010836609243e+01 
       9.956468111731e-01       5.968911452350e+01 
       9.986020639722e-01       5.927498960487e+01 
       1.001557316789e+00       5.886542880808e+01 
       1.004512569623e+00       5.845919453722e+01 
       1.007467822475e+00       5.805685983865e+01 
       1.010423075344e+00       5.765905186402e+01 
       1.013378328229e+00       5.726533891306e+01 
       1.016333581132e+00       5.687534486148e+01 
       1.019288834052e+00       5.648925486128e+01 
       1.022244086988e+00       5.610707012802e+01 
       1.025199339940e+00       5.572901801622e+01 
       1.028154592909e+00       5.535462189186e+01 
       1.031109845894e+00       5.498411467559e+01 
       1.034065098895e+00       5.461659826536e+01 
       1.037020351912e+00       5.425379748624e+01 
       1.039975604944e+00       5.389438807451e+01 
       1.042930857992e+00       5.353840790049e+01 
       1.045886111056e+00       5.318563469470e+01 
       1.048841364135e+00       5.283758024438e+01 
       1.051796617229e+00       5.249180001501e+01 
       1.054751870339e+00       5.214986825080e+01 
       1.057707123463e+00       5.181123397399e+01 
       1.060662376602e+00       5.147565073657e+01 
       1.063617629756e+00       5.114335171939e+01 
       1.066572882925e+00       5.081455603879e+01 
       1.069528136108e+00       5.048848155846e+01 
       1.072483389305e+00       5.016610232374e+01 
       1.075438642516e+00       4.984600712694e+01 
       1.078393895742e+00       4.952928287317e+01 
       1.081349148982e+00       4.921565522655e+01 
       1.084304402235e+00       4.890386090344e+01 
       1.087259655503e+00       4.859559304934e+01 
       1.090214908784e+00       4.829033168630e+01 
       1.093170162078e+00       4.798735133619e+01 
       1.096125415386e+00       4.768695248626e+01 
       1.099080668708e+00       4.738970224813e+01 
       1.102035922042e+00       4.709419532145e+01 
       1.104991175390e+00       4.680092777386e+01 
       1.107946428751e+00       4.651095450401e+01 
       1.110901682124e+00       4.622349817121e+01 
       1.113856935511e+00       4.593811854228e+01 
       1.116812188910e+00       4.565511662239e+01 
       1.119767442322e+00       4.537458082030e+01 
       1.122722695746e+00       4.509620479046e+01 
       1.125677949183e+00       4.482007541182e+01 
       1.128633202632e+00       4.454644052146e+01 
       1.131588456093e+00       4.427435014320e+01 
       1.134543709566e+00       4.400525481200e+01 
       1.137498963052e+00       4.373815715148e+01 
       1.140454216549e+00       4.347286423588e+01 
       1.143409470058e+00       4.321030688984e+01 
       1.146364723579e+00       4.294942604327e+01 
       1.149319977111e+00       4.269083157287e+01 
       1.152275230655e+00       4.243428666516e+01 
       1.155230484211e+00       4.217986296781e+01 
       1.158185737778e+00       4.192802903399e+01 
       1.161140991356e+00       4.167760128496e+01 
       1.164096244946e+00       4.142909658890e+01 
       1.167051498546e+00       4.118289010701e+01 
       1.170006752158e+00       4.093818795905e+01 
       1.172962005780e+00       4.069591914036e+01 
       1.175917259414e+00       4.045579115097e+01 
       1.178872513058e+00       4.021692730056e+01 
       1.181827766713e+00       3.998042027560e+01 
       1.184783020379e+00       3.974566031322e+01 
       1.187738274055e+00       3.951238618706e+01 
       1.190693527742e+00       3.928119623508e+01 
       1.193648781439e+00       3.905215957113e+01 
       1.196604035146e+00       3.882462006663e+01 
       1.199559288864e+00       3.859878742893e+01 
       1.202514542592e+00       3.837443153719e+01 
       1.205469796329e+00       3.815245864053e+01 
       1.208425050077e+00       3.793124877294e+01 
       1.211380303835e+00       3.771248172823e+01 
       1.214335557603e+00       3.749491143573e+01 
       1.217290811381e+00       3.727898395253e+01 
       1.220246065168e+00       3.706473115727e+01 
       1.223201318965e+00       3.685185550067e+01 
       1.226156572771e+00       3.664145542483e+01 
       1.229111826587e+00       3.643174819335e+01 
       1.232067080413e+00       3.622402825823e+01 
       1.235022334248e+00       3.601724299097e+01 
       1.237977588092e+00       3.581258648671e+01 
       1.240932841945e+00       3.560904930423e+01 
       1.243888095808e+00       3.540736655181e+01 
       1.246843349680e+00       3.520675617240e+01 
       1.249798603561e+00       3.500821450726e+01 
       1.252753857451e+00       3.481083742833e+01 
       1.255709111349e+00       3.461509971408e+01 
       1.258664365257e+00       3.442092194808e+01 
       1.261619619173e+00       3.422805924657e+01 
       1.264574873098e+00       3.403694077787e+01 
       1.267530127032e+00       3.384698487943e+01 
       1.270485380975e+00       3.365837497000e+01 
       1.273440634926e+00       3.347180961157e+01 
       1.276395888885e+00       3.328651339793e+01 
       1.279351142853e+00       3.310281593445e+01 
       1.282306396830e+00       3.292061991796e+01 
       1.285261650814e+00       3.273953450442e+01 
       1.288216904807e+00       3.255993515358e+01 
       1.291172158808e+00       3.238210867901e+01 
       1.294127412818e+00       3.220551090657e+01 
       1.297082666835e+00       3.203074532425e+01 
       1.300037920860e+00       3.185697623325e+01 
       1.302993174894e+00       3.168484962104e+01 
       1.305948428935e+00       3.151410502967e+01 
       1.308903682985e+00       3.134465323065e+01 
       1.311858937042e+00       3.117657431411e+01 
       1.314814191106e+00       3.100981434649e+01 
       1.317769445179e+00       3.084478341793e+01 
       1.320724699259e+00       3.068037761812e+01 
       1.323679953347e+00       3.051762482608e+01 
       1.326635207442e+00       3.035651112013e+01 
       1.329590461545e+00       3.019622304541e+01 
       1.332545715656e+00       3.003703064438e+01 
       1.335500969774e+00       2.987918875505e+01 
       1.338456223899e+00       2.972267022715e+01 
       1.340840250952e+00       2.959688005290e+01 
       1.341411478031e+00       2.956699602041e+01 
       1.344366732171e+00       2.941225486997e+01 
       1.347321986318e+00       2.925929218040e+01 
       1.350277240472e+00       2.910701352176e+01 
       1.353232494634e+00       2.895603427628e+01 
       1.356187748802e+00       2.880609313122e+01 
       1.359143002977e+00       2.865696561297e+01 
       1.362098257160e+00       2.850922859632e+01 
       1.365053511349e+00       2.836215232391e+01 
       1.368008765545e+00       2.821610532520e+01 
       1.370964019748e+00       2.807152480929e+01 
       1.373919273958e+00       2.792746941579e+01 
       1.376874528175e+00       2.778412110839e+01 
       1.379829782398e+00       2.764202876395e+01 
       1.382785036629e+00       2.750095078788e+01 
       1.385740290865e+00       2.736061248029e+01 
       1.744241728620e+00       1.564976077334e+01 
       2.195867951050e+00       8.900956354092e+00 
       2.764433961683e+00       5.108658163213e+00 
       3.480216163589e+00       2.871525234966e+00 
       4.381332566879e+00       1.604231784308e+00 
       5.515770905966e+00       8.911744664878e-01 
       6.943944159155e+00       4.925289346296e-01 
       8.741907760040e+00       2.708950683360e-01 
       1.100540982668e+01       1.483229668374e-01 
       1.385499009801e+01       8.087961100532e-02 
       1.744239911454e+01       4.393440299205e-02 
       2.195867948795e+01       2.376179975300e-02 
