# Matter power spectrum P(k) at redshift z=0
# for k=9.0192e-06 to 20.5861 h/Mpc,
# number of wavenumbers equal to 855
#    1:k (h/Mpc)              2:P (Mpc/h)^3        
       9.019201454174e-06       7.371580015432e+01 
       2.013437232318e-05       1.598877737177e+02 
       3.127867019624e-05       2.444853386969e+02 
       4.247440903451e-05       3.283599057417e+02 
       5.374417827534e-05       4.119719932042e+02 
       6.511099296095e-05       4.956512344117e+02 
       7.659844748270e-05       5.796685745845e+02 
       8.823087449441e-05       6.642652778641e+02 
       1.000335105604e-04       7.496672923804e+02 
       1.120326701213e-04       8.360935081293e+02 
       1.242559293744e-04       9.237611036647e+02 
       1.367323216761e-04       1.012889379597e+03 
       1.494925460608e-04       1.103702761391e+03 
       1.625691904350e-04       1.196433327922e+03 
       1.759969709228e-04       1.291323074610e+03 
       1.898129886899e-04       1.388626029526e+03 
       2.040570053356e-04       1.488610299894e+03 
       2.187717375774e-04       1.591560088392e+03 
       2.340031714211e-04       1.697777708441e+03 
       2.498008952548e-04       1.807585608742e+03 
       2.662184502690e-04       1.921328388999e+03 
       2.833136952002e-04       2.039374803077e+03 
       3.011491805457e-04       2.162119699378e+03 
       3.197925249974e-04       2.289985845782e+03 
       3.393167837950e-04       2.423425561190e+03 
       3.598007949172e-04       2.562922047300e+03 
       3.813294844476e-04       2.708990283303e+03 
       4.039941070762e-04       2.862177310838e+03 
       4.278923916126e-04       3.023061696468e+03 
       4.531285548632e-04       3.192251922789e+03 
       4.798131407256e-04       3.370383418913e+03 
       5.080626356595e-04       3.558113900819e+03 
       5.379988079316e-04       3.756116711358e+03 
       5.697477177126e-04       3.965071800205e+03 
       6.034383500518e-04       4.185654146376e+03 
       6.392008349528e-04       4.418519406801e+03 
       6.771642399587e-04       4.664286892029e+03 
       7.174539518240e-04       4.923520171583e+03 
       7.601887045194e-04       5.196705900758e+03 
       8.054773583407e-04       5.484231998776e+03 
       8.534155840436e-04       5.786366399367e+03 
       9.040826490048e-04       6.103238225310e+03 
       9.575385302735e-04       6.434822598252e+03 
       1.013821583378e-03       6.780930958712e+03 
       1.072946970199e-03       7.141207342209e+03 
       1.134905993731e-03       7.515130958932e+03 
       1.199666408215e-03       7.902025107400e+03 
       1.237685953032e-03       8.127297954042e+03 
       1.267173681764e-03       8.301071568976e+03 
       1.337353100265e-03       8.711330109686e+03 
       1.410112530429e-03       9.131762935835e+03 
       1.485345616560e-03       9.561262294683e+03 
       1.562935173802e-03       9.998680009644e+03 
       1.642756557639e-03       1.044285552228e+04 
       1.724680827698e-03       1.089263935409e+04 
       1.808577573914e-03       1.134691079768e+04 
       1.894317325288e-03       1.180459065067e+04 
       1.981773508839e-03       1.226465027925e+04 
       2.070823964317e-03       1.272612000696e+04 
       2.161352047312e-03       1.318809586403e+04 
       2.253247369975e-03       1.364974576439e+04 
       2.346406236227e-03       1.411031123937e+04 
       2.440731829417e-03       1.456910287765e+04 
       2.536134206954e-03       1.502549986918e+04 
       2.632530150392e-03       1.547894389879e+04 
       2.729842912233e-03       1.592893838476e+04 
       2.828001893341e-03       1.637504221630e+04 
       2.926942277899e-03       1.681686932095e+04 
       3.026604646696e-03       1.725407455563e+04 
       3.126934584318e-03       1.768635731806e+04 
       3.227882291507e-03       1.811344851487e+04 
       3.329402210537e-03       1.853511911831e+04 
       3.431452668786e-03       1.895117394134e+04 
       3.533995543625e-03       1.936144716272e+04 
       3.636995950267e-03       1.976580491376e+04 
       3.740421953082e-03       2.016413031736e+04 
       3.844244300126e-03       2.055633173228e+04 
       3.948436180119e-03       2.094233062306e+04 
       4.052973000729e-03       2.132207068050e+04 
       4.157832186856e-03       2.169549977203e+04 
       4.262992997494e-03       2.206258677325e+04 
       4.368436359704e-03       2.242331057810e+04 
       4.474144718296e-03       2.277765822053e+04 
       4.580101899811e-03       2.312562809057e+04 
       4.686292989519e-03       2.346723171375e+04 
       4.792704220213e-03       2.380249173961e+04 
       4.899322871658e-03       2.413142202463e+04 
       5.006137179679e-03       2.445405283479e+04 
       5.113136253919e-03       2.477041226540e+04 
       5.220310003429e-03       2.508054046347e+04 
       5.327649069297e-03       2.538446962310e+04 
       5.435144763619e-03       2.568224816784e+04 
       5.542789014175e-03       2.597393061444e+04 
       5.650574314243e-03       2.625955472102e+04 
       5.758493677037e-03       2.653919067363e+04 
       5.866540594312e-03       2.681287675743e+04 
       5.974708998718e-03       2.708067762159e+04 
       6.082993229540e-03       2.734264528264e+04 
       6.191388001486e-03       2.759883907201e+04 
       6.299888376236e-03       2.784930447579e+04 
       6.408489736469e-03       2.809411456871e+04 
       6.517187762150e-03       2.833333923003e+04 
       6.625978408838e-03       2.856702528740e+04 
       6.734857887851e-03       2.879523481414e+04 
       6.843822648090e-03       2.901803466325e+04 
       6.952869359376e-03       2.923548861576e+04 
       7.061994897172e-03       2.944765485110e+04 
       7.171196328541e-03       2.965459540180e+04 
       7.280470899244e-03       2.985637478259e+04 
       7.389816021878e-03       3.005307863517e+04 
       7.499229264944e-03       3.024474817706e+04 
       7.608708342784e-03       3.043139316752e+04 
       7.718251106291e-03       3.061307595791e+04 
       7.827855534349e-03       3.078988586396e+04 
       7.937519725913e-03       3.096191971447e+04 
       8.047241892697e-03       3.112926107028e+04 
       8.157020352409e-03       3.129196265807e+04 
       8.266853522487e-03       3.145005112788e+04 
       8.376739914299e-03       3.160355878210e+04 
       8.486678127766e-03       3.175252410247e+04 
       8.596666846377e-03       3.189701396044e+04 
       8.706704832558e-03       3.203709044519e+04 
       8.816790923377e-03       3.217283145841e+04 
       8.926924026550e-03       3.230433006685e+04 
       9.037103116728e-03       3.243163263848e+04 
       9.147327232045e-03       3.255479549045e+04 
       9.257595470906e-03       3.267384863583e+04 
       9.367906988995e-03       3.278881880450e+04 
       9.478260996488e-03       3.289974747818e+04 
       9.588656755457e-03       3.300668272932e+04 
       9.699093577455e-03       3.310971736780e+04 
       9.809570821253e-03       3.320890029831e+04 
       9.920087890742e-03       3.330430587086e+04 
       1.003064423297e-02       3.339599183279e+04 
       1.014123933630e-02       3.348399081734e+04 
       1.025187272874e-02       3.356833157990e+04 
       1.036254397627e-02       3.364905082043e+04 
       1.047325268145e-02       3.372618254191e+04 
       1.058399848198e-02       3.379978900819e+04 
       1.069478104937e-02       3.386993377197e+04 
       1.080560008783e-02       3.393667357686e+04 
       1.091645533304e-02       3.400007295392e+04 
       1.102734655117e-02       3.406017400998e+04 
       1.113827353786e-02       3.411700726972e+04 
       1.124923611732e-02       3.417060665047e+04 
       1.136023414150e-02       3.422098610958e+04 
       1.147126748927e-02       3.426818556928e+04 
       1.158233606570e-02       3.431229270064e+04 
       1.169343980138e-02       3.435332682593e+04 
       1.180457865178e-02       3.439137257016e+04 
       1.191575259669e-02       3.442645384091e+04 
       1.202696163964e-02       3.445862194034e+04 
       1.213820580743e-02       3.448790622397e+04 
       1.224948514968e-02       3.451432497106e+04 
       1.236079973837e-02       3.453792456331e+04 
       1.237685953032e-02       3.454108316812e+04 
       1.247214966748e-02       3.455871773082e+04 
       1.258353505266e-02       3.457678610634e+04 
       1.269495603087e-02       3.459215545100e+04 
       1.280641276012e-02       3.460489770067e+04 
       1.291790541920e-02       3.461503677048e+04 
       1.302943420746e-02       3.462262019309e+04 
       1.314099934461e-02       3.462765859605e+04 
       1.325260107051e-02       3.463018614271e+04 
       1.336423964509e-02       3.463022690969e+04 
       1.347591534813e-02       3.462782392686e+04 
       1.358762847924e-02       3.462303331009e+04 
       1.369937935772e-02       3.461587862960e+04 
       1.381116832253e-02       3.460643120973e+04 
       1.392299573225e-02       3.459470823942e+04 
       1.403486196504e-02       3.458074636013e+04 
       1.414676741865e-02       3.456455383403e+04 
       1.425871251047e-02       3.454619005636e+04 
       1.437069767751e-02       3.452564599696e+04 
       1.448272337650e-02       3.450296986100e+04 
       1.459479008397e-02       3.447822469349e+04 
       1.470689829629e-02       3.445142089691e+04 
       1.481904852984e-02       3.442264514550e+04 
       1.493124132110e-02       3.439187352336e+04 
       1.504347722680e-02       3.435917751291e+04 
       1.515575682410e-02       3.432452874070e+04 
       1.526808071071e-02       3.428798710165e+04 
       1.538044950514e-02       3.424957302094e+04 
       1.549286384690e-02       3.420933752218e+04 
       1.560532439667e-02       3.416728951416e+04 
       1.571783183662e-02       3.412350362795e+04 
       1.583038687058e-02       3.407799821632e+04 
       1.594299022439e-02       3.403078611081e+04 
       1.605564264613e-02       3.398190307395e+04 
       1.616834490645e-02       3.393135196558e+04 
       1.628109779887e-02       3.387917276766e+04 
       1.639390214014e-02       3.382539584269e+04 
       1.650675877056e-02       3.377005377332e+04 
       1.661966855437e-02       3.371317156238e+04 
       1.673263238013e-02       3.365482383164e+04 
       1.684565116109e-02       3.359497654127e+04 
       1.695872583566e-02       3.353373494554e+04 
       1.707185736779e-02       3.347100034099e+04 
       1.718504674747e-02       3.340687463555e+04 
       1.729829499114e-02       3.334138991223e+04 
       1.741160314223e-02       3.327453296912e+04 
       1.752497227163e-02       3.320635686280e+04 
       1.763840347825e-02       3.313693169705e+04 
       1.775189788949e-02       3.306620986278e+04 
       1.786545666187e-02       3.299427110465e+04 
       1.797908098160e-02       3.292111410064e+04 
       1.809277206515e-02       3.284677223768e+04 
       1.820653115987e-02       3.277124881904e+04 
       1.832035954466e-02       3.269453314128e+04 
       1.843425853064e-02       3.261674747556e+04 
       1.854822946178e-02       3.253784058759e+04 
       1.866227371567e-02       3.245788783369e+04 
       1.877639270420e-02       3.237685753584e+04 
       1.889058787436e-02       3.229488798949e+04 
       1.900486070897e-02       3.221182105017e+04 
       1.911921272753e-02       3.212779323153e+04 
       1.923364548703e-02       3.204284419497e+04 
       1.934816058281e-02       3.195688708458e+04 
       1.946275964942e-02       3.187009804776e+04 
       1.957744436158e-02       3.178236908170e+04 
       1.969221643508e-02       3.169375652476e+04 
       1.980707762778e-02       3.160430453626e+04 
       1.992202974060e-02       3.151407900931e+04 
       2.003707461854e-02       3.142300313061e+04 
       2.015221415178e-02       3.133117111047e+04 
       2.026745027677e-02       3.123851217269e+04 
       2.038278497735e-02       3.114514156424e+04 
       2.049822028594e-02       3.105104790983e+04 
       2.061375828477e-02       3.095621820374e+04 
       2.072940110709e-02       3.086072084744e+04 
       2.084515093849e-02       3.076458973757e+04 
       2.096101001822e-02       3.066775566542e+04 
       2.107698064060e-02       3.057031144041e+04 
       2.119306515638e-02       3.047223329241e+04 
       2.130926597426e-02       3.037351328837e+04 
       2.142558556241e-02       3.027431927764e+04 
       2.154202644997e-02       3.017454295988e+04 
       2.165859122876e-02       3.007419051891e+04 
       2.177528255490e-02       2.997334604092e+04 
       2.189210315054e-02       2.987198297408e+04 
       2.200905580565e-02       2.977016499802e+04 
       2.212614337989e-02       2.966776713376e+04 
       2.224336880449e-02       2.956497937131e+04 
       2.236073508425e-02       2.946172167729e+04 
       2.247824529957e-02       2.935806996774e+04 
       2.259590260856e-02       2.925400519605e+04 
       2.271371024925e-02       2.914959807988e+04 
       2.283167154183e-02       2.904473913603e+04 
       2.294978989100e-02       2.893951818823e+04 
       2.306806878841e-02       2.883396272202e+04 
       2.318651181515e-02       2.872814339585e+04 
       2.330512264439e-02       2.862189917546e+04 
       2.342390504404e-02       2.851535701854e+04 
       2.354286287957e-02       2.840856817182e+04 
       2.366200011688e-02       2.830141999121e+04 
       2.378132082533e-02       2.819416146176e+04 
       2.390082918088e-02       2.808652894590e+04 
       2.402052946923e-02       2.797866700108e+04 
       2.414042608930e-02       2.787064081640e+04 
       2.426052355659e-02       2.776233999324e+04 
       2.438082650687e-02       2.765394895727e+04 
       2.450133969992e-02       2.754522901562e+04 
       2.462206802339e-02       2.743638310432e+04 
       2.474301649691e-02       2.732741412670e+04 
       2.486419027623e-02       2.721826136556e+04 
       2.498559465764e-02       2.710899634645e+04 
       2.510723508253e-02       2.699952450726e+04 
       2.522911714207e-02       2.688999946671e+04 
       2.535124658217e-02       2.678033901698e+04 
       2.547362930863e-02       2.667056546291e+04 
       2.559627139240e-02       2.656077897373e+04 
       2.571917907523e-02       2.645089037208e+04 
       2.584235877539e-02       2.634085618800e+04 
       2.596581709374e-02       2.623080381267e+04 
       2.608956082001e-02       2.612068732627e+04 
       2.621359693938e-02       2.601058745022e+04 
       2.633793263930e-02       2.590042158801e+04 
       2.646257531666e-02       2.579025408950e+04 
       2.658753258525e-02       2.568003406427e+04 
       2.671281228353e-02       2.556988225776e+04 
       2.683842248280e-02       2.545962246076e+04 
       2.696437149571e-02       2.534955407066e+04 
       2.709066788513e-02       2.523929344371e+04 
       2.721732047350e-02       2.512919761454e+04 
       2.734433835256e-02       2.501904540803e+04 
       2.747173089352e-02       2.490899307497e+04 
       2.759950775781e-02       2.479897087916e+04 
       2.772767890822e-02       2.468900123362e+04 
       2.785625462066e-02       2.457906083134e+04 
       2.798524549648e-02       2.446931369521e+04 
       2.811466247535e-02       2.435950304719e+04 
       2.824451684888e-02       2.424992621012e+04 
       2.837482027479e-02       2.414024469292e+04 
       2.850558479194e-02       2.403073437066e+04 
       2.863682283602e-02       2.392134887544e+04 
       2.876854725609e-02       2.381199622390e+04 
       2.890077133202e-02       2.370280225409e+04 
       2.903350879283e-02       2.359370123988e+04 
       2.916677383594e-02       2.348472961986e+04 
       2.930058114758e-02       2.337583700734e+04 
       2.943494592425e-02       2.326704811992e+04 
       2.956988389536e-02       2.315850557991e+04 
       2.970541134711e-02       2.304993009038e+04 
       2.984154514783e-02       2.294156750002e+04 
       2.997830277459e-02       2.283338112704e+04 
       3.011570234153e-02       2.272529339839e+04 
       3.025376262967e-02       2.261727753799e+04 
       3.039250311863e-02       2.250949796941e+04 
       3.053194402011e-02       2.240183034030e+04 
       3.067210631353e-02       2.229433577118e+04 
       3.081301178370e-02       2.218693982184e+04 
       3.095468306095e-02       2.207968935872e+04 
       3.109714366369e-02       2.197261527931e+04 
       3.124041804370e-02       2.186568688960e+04 
       3.138453163433e-02       2.175891792319e+04 
       3.152951090180e-02       2.165231349260e+04 
       3.167538339992e-02       2.154580861394e+04 
       3.182217782843e-02       2.143950572481e+04 
       3.196992409528e-02       2.133332613674e+04 
       3.211865338317e-02       2.122726942622e+04 
       3.226839822072e-02       2.112136073474e+04 
       3.241919255863e-02       2.101568419595e+04 
       3.257107185125e-02       2.091008010987e+04 
       3.272407314408e-02       2.080463295172e+04 
       3.287823516760e-02       2.069925446232e+04 
       3.303359843821e-02       2.059416055654e+04 
       3.319020536659e-02       2.048908517610e+04 
       3.334810037451e-02       2.038413291639e+04 
       3.350733002060e-02       2.027940427467e+04 
       3.366794313606e-02       2.017479028757e+04 
       3.382999097124e-02       2.007027934317e+04 
       3.399352735407e-02       1.996575558232e+04 
       3.415860886157e-02       1.986146648512e+04 
       3.432529500575e-02       1.975729179801e+04 
       3.449364843534e-02       1.965312976851e+04 
       3.466373515488e-02       1.954909615837e+04 
       3.483562476319e-02       1.944523432234e+04 
       3.500939071309e-02       1.934137528245e+04 
       3.518511059478e-02       1.923753172505e+04 
       3.536286644542e-02       1.913387010192e+04 
       3.554274508785e-02       1.903007665403e+04 
       3.572483850181e-02       1.892648227427e+04 
       3.590924423139e-02       1.882278814556e+04 
       3.609606583291e-02       1.871933281994e+04 
       3.628541336829e-02       1.861570196677e+04 
       3.647740394922e-02       1.851211510235e+04 
       3.667216233868e-02       1.840852047358e+04 
       3.686982161695e-02       1.830483931044e+04 
       3.707052392060e-02       1.820115058938e+04 
       3.727442126399e-02       1.809741085412e+04 
       3.748167645451e-02       1.799354501064e+04 
       3.769246411437e-02       1.788961105593e+04 
       3.790697182412e-02       1.778554287763e+04 
       3.812540140511e-02       1.768138292753e+04 
       3.834797036152e-02       1.757694496005e+04 
       3.857491350587e-02       1.747237052516e+04 
       3.880648479604e-02       1.736764758938e+04 
       3.904295941716e-02       1.726254796747e+04 
       3.928463614761e-02       1.715729765189e+04 
       3.953184005601e-02       1.705167512608e+04 
       3.978492558473e-02       1.694571720811e+04 
       4.004428008681e-02       1.683937211352e+04 
       4.031032789653e-02       1.673265268534e+04 
       4.058353503013e-02       1.662542218738e+04 
       4.086441463424e-02       1.651768208253e+04 
       4.115353332438e-02       1.640936411643e+04 
       4.145151858783e-02       1.630040480213e+04 
       4.175906746475e-02       1.619075256319e+04 
       4.207695677096e-02       1.608031579930e+04 
       4.240605518850e-02       1.596901422839e+04 
       4.274733762948e-02       1.585678405002e+04 
       4.310190237925e-02       1.574345618430e+04 
       4.347099165291e-02       1.562898273122e+04 
       4.385601636264e-02       1.551318803728e+04 
       4.425858610119e-02       1.539591972139e+04 
       4.468054561138e-02       1.527699911277e+04 
       4.512401934694e-02       1.515626013211e+04 
       4.559146614893e-02       1.503327914734e+04 
       4.608574657885e-02       1.490792508434e+04 
       4.661020606377e-02       1.477977485336e+04 
       4.716877769811e-02       1.464836204101e+04 
       4.776610922610e-02       1.451318911740e+04 
       4.840771919058e-02       1.437335480106e+04 
       4.910018701512e-02       1.422817965743e+04 
       4.985137993589e-02       1.407634414347e+04 
       5.067071435485e-02       1.391639073333e+04 
       5.156943690501e-02       1.374623034213e+04 
       5.256088540513e-02       1.356314379677e+04 
       5.366064311757e-02       1.336344695921e+04 
       5.488642175221e-02       1.314224154782e+04 
       5.625739996288e-02       1.289313941077e+04 
       5.779264500647e-02       1.260804142158e+04 
       5.950828769357e-02       1.227769164533e+04 
       6.141354668059e-02       1.189272594603e+04 
       6.350666354964e-02       1.144624544524e+04 
       6.577284684945e-02       1.093703606140e+04 
       6.818611558054e-02       1.037230425107e+04 
       7.071474474981e-02       9.768125927113e+03 
       7.332758867586e-02       9.147081205552e+03 
       7.599844555476e-02       8.534203030046e+03 
       7.870758000952e-02       7.952780898105e+03 
       8.144122540484e-02       7.421389806879e+03 
       8.419025906165e-02       6.952316718345e+03 
       8.694883333246e-02       6.551248626576e+03 
       8.971327782502e-02       6.217982699378e+03 
       9.248131861340e-02       5.947300740125e+03 
       9.525155811558e-02       5.730363150889e+03 
       9.802314144845e-02       5.555828758225e+03 
       1.007955471193e-01       5.411088132682e+03 
       1.035684574543e-01       5.283360038408e+03 
       1.063416790271e-01       5.160806854559e+03 
       1.091150940264e-01       5.033486790473e+03 
       1.118886306189e-01       4.894176437949e+03 
       1.146622449200e-01       4.738831229265e+03 
       1.174359100348e-01       4.566679473405e+03 
       1.202096094020e-01       4.379890039889e+03 
       1.229833327508e-01       4.182938849870e+03 
       1.237685953032e-01       4.126135708815e+03 
       1.257570736458e-01       3.981739162286e+03 
       1.285308279955e-01       3.782706061699e+03 
       1.313045931452e-01       3.591963710334e+03 
       1.340783673256e-01       3.414662811789e+03 
       1.368521493173e-01       3.254551184309e+03 
       1.396259382452e-01       3.113852438551e+03 
       1.423997334538e-01       2.993133998611e+03 
       1.451735344296e-01       2.891533566018e+03 
       1.479473407541e-01       2.806967745185e+03 
       1.507211520737e-01       2.736463064885e+03 
       1.534949680814e-01       2.676478752130e+03 
       1.562687885048e-01       2.623258912775e+03 
       1.590426130985e-01       2.573835735511e+03 
       1.618164416385e-01       2.524248740728e+03 
       1.645902739190e-01       2.471714687710e+03 
       1.673641097497e-01       2.414526496445e+03 
       1.701379489539e-01       2.351940753723e+03 
       1.729117913669e-01       2.284133272905e+03 
       1.756856368349e-01       2.212055572748e+03 
       1.784594852140e-01       2.137221621545e+03 
       1.812333363692e-01       2.061458198987e+03 
       1.840071901739e-01       1.986671348933e+03 
       1.867810465092e-01       1.914646498601e+03 
       1.895549052630e-01       1.846861680516e+03 
       1.923287663300e-01       1.784408925252e+03 
       1.951026296108e-01       1.727935710445e+03 
       1.978764950116e-01       1.677637617815e+03 
       2.006503624439e-01       1.633292651639e+03 
       2.034242318240e-01       1.594333657713e+03 
       2.061981030728e-01       1.559913544766e+03 
       2.089719761154e-01       1.529000538762e+03 
       2.117458508809e-01       1.500492573678e+03 
       2.145197273019e-01       1.473275079778e+03 
       2.172936053147e-01       1.446373531334e+03 
       2.200674848587e-01       1.418978350730e+03 
       2.228413658763e-01       1.390522053310e+03 
       2.256152483129e-01       1.360701745522e+03 
       2.283891321166e-01       1.329489861869e+03 
       2.311630172376e-01       1.297089821716e+03 
       2.339369036290e-01       1.263903436783e+03 
       2.367107912458e-01       1.230449719419e+03 
       2.394846800452e-01       1.197305351954e+03 
       2.422585699863e-01       1.165034502243e+03 
       2.450324610302e-01       1.134124978188e+03 
       2.478063531395e-01       1.104959035526e+03 
       2.505802462788e-01       1.077781208218e+03 
       2.533541404140e-01       1.052684969068e+03 
       2.561280355126e-01       1.029634490923e+03 
       2.589019315434e-01       1.008471801062e+03 
       2.616758284767e-01       9.889472319847e+02 
       2.644497262838e-01       9.707474176319e+02 
       2.672236249375e-01       9.535338022619e+02 
       2.699975244116e-01       9.369702979159e+02 
       2.727714246807e-01       9.207473463319e+02 
       2.755453257210e-01       9.046114661335e+02 
       2.783192275091e-01       8.883765351892e+02 
       2.810931300228e-01       8.719311434814e+02 
       2.838670332407e-01       8.552431163714e+02 
       2.866409371424e-01       8.383455240005e+02 
       2.894148417080e-01       8.213217277599e+02 
       2.921887469185e-01       8.043086371073e+02 
       2.949626527558e-01       7.874652929683e+02 
       2.977365592020e-01       7.709511956318e+02 
       3.005104662404e-01       7.549181940264e+02 
       3.032843738547e-01       7.394906962683e+02 
       3.060582820290e-01       7.247540633121e+02 
       3.088321907482e-01       7.107538306104e+02 
       3.116060999977e-01       6.974943945334e+02 
       3.143800097634e-01       6.849387341018e+02 
       3.171539200317e-01       6.730222429172e+02 
       3.199278307895e-01       6.616570122509e+02 
       3.227017420241e-01       6.507432518295e+02 
       3.254756537233e-01       6.401778151141e+02 
       3.282495658751e-01       6.298637729988e+02 
       3.310234784683e-01       6.197176999430e+02 
       3.337973914917e-01       6.096762860860e+02 
       3.365713049347e-01       5.996988687626e+02 
       3.393452187869e-01       5.897636188288e+02 
       3.421191330384e-01       5.798703118818e+02 
       3.448930476794e-01       5.700367956751e+02 
       3.476669627007e-01       5.602921478794e+02 
       3.504408780931e-01       5.506708734296e+02 
       3.532147938479e-01       5.412129918772e+02 
       3.559887099565e-01       5.319537544619e+02 
       3.587626264107e-01       5.229284137198e+02 
       3.615365432026e-01       5.141588134038e+02 
       3.643104603244e-01       5.056645822635e+02 
       3.670843777686e-01       4.974510248639e+02 
       3.698582955279e-01       4.895199072180e+02 
       3.726322135952e-01       4.818593955540e+02 
       3.754061319637e-01       4.744512171120e+02 
       3.781800506268e-01       4.672743889106e+02 
       3.809539695779e-01       4.603018438862e+02 
       3.837278888109e-01       4.535041190274e+02 
       3.865018083196e-01       4.468590752921e+02 
       3.892757280981e-01       4.403371232200e+02 
       3.920496481406e-01       4.339184082718e+02 
       3.948235684417e-01       4.275863329554e+02 
       3.975974889957e-01       4.213319499361e+02 
       4.003714097976e-01       4.151491218417e+02 
       4.031453308421e-01       4.090407592176e+02 
       4.059192521242e-01       4.030119459459e+02 
       4.086931736391e-01       3.970715604988e+02 
       4.114670953821e-01       3.912295212939e+02 
       4.142410173486e-01       3.855020134399e+02 
       4.170149395340e-01       3.798944066325e+02 
       4.197888619341e-01       3.744186771805e+02 
       4.225627845446e-01       3.690781185385e+02 
       4.253367073614e-01       3.638747044096e+02 
       4.281106303804e-01       3.588057705286e+02 
       4.308845535978e-01       3.538683370556e+02 
       4.336584770096e-01       3.490514150465e+02 
       4.364324006123e-01       3.443473664223e+02 
       4.392063244021e-01       3.397426771824e+02 
       4.419802483755e-01       3.352298139191e+02 
       4.447541725291e-01       3.307970724055e+02 
       4.475280968596e-01       3.264372662918e+02 
       4.503020213636e-01       3.221442282333e+02 
       4.530759460379e-01       3.179139690578e+02 
       4.558498708795e-01       3.137455352191e+02 
       4.586237958852e-01       3.096376447748e+02 
       4.613977210522e-01       3.055914000158e+02 
       4.641716463774e-01       3.016092305275e+02 
       4.669455718582e-01       2.976918209162e+02 
       4.697194974917e-01       2.938431568303e+02 
       4.724934232752e-01       2.900627819859e+02 
       4.752673492061e-01       2.863539980267e+02 
       4.780412752818e-01       2.827164371778e+02 
       4.808152014998e-01       2.791507433240e+02 
       4.835891278577e-01       2.756538152401e+02 
       4.863630543530e-01       2.722263635831e+02 
       4.891369809834e-01       2.688654341099e+02 
       4.919109077466e-01       2.655679993489e+02 
       4.946848346404e-01       2.623320022984e+02 
       4.974587616626e-01       2.591544253893e+02 
       5.002326888110e-01       2.560325011353e+02 
       5.030066160836e-01       2.529621157405e+02 
       5.057805434782e-01       2.499431145171e+02 
       5.085544709930e-01       2.469694793203e+02 
       5.113283986259e-01       2.440428850333e+02 
       5.141023263750e-01       2.411585251681e+02 
       5.168762542384e-01       2.383190464881e+02 
       5.196501822143e-01       2.355208023862e+02 
       5.224241103010e-01       2.327663959244e+02 
       5.251980384966e-01       2.300534082797e+02 
       5.279719667994e-01       2.273833561711e+02 
       5.307458952078e-01       2.247563496076e+02 
       5.335198237200e-01       2.221731269875e+02 
       5.362937523346e-01       2.196313540621e+02 
       5.390676810498e-01       2.171338122961e+02 
       5.418416098641e-01       2.146768115778e+02 
       5.446155387761e-01       2.122622976431e+02 
       5.473894677842e-01       2.098880605762e+02 
       5.501633968870e-01       2.075511684132e+02 
       5.529373260831e-01       2.052528775752e+02 
       5.557112553709e-01       2.029904598992e+02 
       5.584851847493e-01       2.007632981529e+02 
       5.612591142168e-01       1.985705544405e+02 
       5.640330437721e-01       1.964092600940e+02 
       5.668069734139e-01       1.942806873807e+02 
       5.695809031410e-01       1.921836503170e+02 
       5.723548329521e-01       1.901166561183e+02 
       5.751287628460e-01       1.880800061034e+02 
       5.779026928215e-01       1.860717063208e+02 
       5.806766228774e-01       1.840936545314e+02 
       5.834505530126e-01       1.821442991168e+02 
       5.862244832259e-01       1.802227895660e+02 
       5.889984135163e-01       1.783290366291e+02 
       5.917723438826e-01       1.764635994962e+02 
       5.945462743238e-01       1.746267059974e+02 
       5.973202048389e-01       1.728158368852e+02 
       6.000941354268e-01       1.710319928212e+02 
       6.028680660864e-01       1.692747186730e+02 
       6.056419968169e-01       1.675429374876e+02 
       6.084159276173e-01       1.658369196907e+02 
       6.111898584866e-01       1.641552840586e+02 
       6.139637894238e-01       1.624976941872e+02 
       6.167377204280e-01       1.608631934826e+02 
       6.195116514984e-01       1.592516753821e+02 
       6.222855826341e-01       1.576631309894e+02 
       6.250595138341e-01       1.560952687941e+02 
       6.278334450976e-01       1.545495037306e+02 
       6.306073764239e-01       1.530251357407e+02 
       6.333813078120e-01       1.515205498865e+02 
       6.361552392611e-01       1.500375422427e+02 
       6.389291707705e-01       1.485733982399e+02 
       6.417031023394e-01       1.471305957849e+02 
       6.444770339670e-01       1.457064083910e+02 
       6.472509656525e-01       1.443010070103e+02 
       6.500248973952e-01       1.429148316839e+02 
       6.527988291944e-01       1.415470757640e+02 
       6.555727610494e-01       1.401984594609e+02 
       6.583466929594e-01       1.388672244015e+02 
       6.611206249237e-01       1.375542483081e+02 
       6.638945569417e-01       1.362584994598e+02 
       6.666684890127e-01       1.349789338635e+02 
       6.694424211360e-01       1.337174067022e+02 
       6.722163533111e-01       1.324720508578e+02 
       6.749902855372e-01       1.312428769754e+02 
       6.777642178137e-01       1.300293087841e+02 
       6.805381501400e-01       1.288309380025e+02 
       6.833120825155e-01       1.276486827195e+02 
       6.860860149395e-01       1.264813503971e+02 
       6.888599474117e-01       1.253288395115e+02 
       6.916338799312e-01       1.241908086002e+02 
       6.944078124976e-01       1.230673477346e+02 
       6.971817451103e-01       1.219577031954e+02 
       6.999556777687e-01       1.208616648011e+02 
       7.027296104724e-01       1.197794375263e+02 
       7.055035432207e-01       1.187108710149e+02 
       7.082774760132e-01       1.176554511998e+02 
       7.110514088493e-01       1.166138236954e+02 
       7.138253417285e-01       1.155843957659e+02 
       7.165992746503e-01       1.145674705074e+02 
       7.193732076143e-01       1.135626460872e+02 
       7.221471406199e-01       1.125711185136e+02 
       7.249210736666e-01       1.115913459628e+02 
       7.276950067541e-01       1.106236495245e+02 
       7.304689398817e-01       1.096679363525e+02 
       7.332428730492e-01       1.087229033102e+02 
       7.360168062559e-01       1.077892930677e+02 
       7.387907395015e-01       1.068671445252e+02 
       7.415646727856e-01       1.059559164741e+02 
       7.443386061076e-01       1.050555396512e+02 
       7.471125394672e-01       1.041656258274e+02 
       7.498864728640e-01       1.032861834657e+02 
       7.526604062976e-01       1.024172346606e+02 
       7.554343397674e-01       1.015580839728e+02 
       7.582082732733e-01       1.007093498720e+02 
       7.609822068146e-01       9.987045559173e+01 
       7.637561403912e-01       9.904058824373e+01 
       7.665300740025e-01       9.822161045833e+01 
       7.693040076482e-01       9.741113093145e+01 
       7.720779413280e-01       9.660990314021e+01 
       7.748518750414e-01       9.581840198286e+01 
       7.776258087881e-01       9.503575124311e+01 
       7.803997425678e-01       9.426178540636e+01 
       7.831736763800e-01       9.349721830168e+01 
       7.859476102245e-01       9.274069796024e+01 
       7.887215441010e-01       9.199255517718e+01 
       7.914954780090e-01       9.125282298445e+01 
       7.942694119482e-01       9.052213637208e+01 
       7.970433459184e-01       8.979924874799e+01 
       7.998172799192e-01       8.908427330511e+01 
       8.025912139502e-01       8.837730814111e+01 
       8.053651480112e-01       8.767790902745e+01 
       8.081390821019e-01       8.698643729512e+01 
       8.109130162219e-01       8.630257639863e+01 
       8.136869503709e-01       8.562670121600e+01 
       8.164608845487e-01       8.495740326296e+01 
       8.192348187550e-01       8.429559712699e+01 
       8.220087529895e-01       8.364065306203e+01 
       8.247826872518e-01       8.299329175731e+01 
       8.275566215417e-01       8.235290560217e+01 
       8.303305558590e-01       8.171924743692e+01 
       8.331044902033e-01       8.109247457773e+01 
       8.358784245744e-01       8.047240741904e+01 
       8.386523589720e-01       7.985917638459e+01 
       8.414262933959e-01       7.925166579434e+01 
       8.442002278458e-01       7.865081902158e+01 
       8.469741623214e-01       7.805675422972e+01 
       8.497480968225e-01       7.746853779937e+01 
       8.525220313488e-01       7.688699054098e+01 
       8.552959659002e-01       7.631134671212e+01 
       8.580699004763e-01       7.574149067432e+01 
       8.608438350769e-01       7.517769166416e+01 
       8.636177697017e-01       7.461997079620e+01 
       8.663917043507e-01       7.406798866926e+01 
       8.691656390234e-01       7.352111957030e+01 
       8.719395737197e-01       7.297982883327e+01 
       8.747135084394e-01       7.244464237825e+01 
       8.774874431822e-01       7.191476574485e+01 
       8.802613779479e-01       7.138993763872e+01 
       8.830353127363e-01       7.087125396977e+01 
       8.858092475472e-01       7.035714470706e+01 
       8.885831823804e-01       6.984843792936e+01 
       8.913571172357e-01       6.934459311335e+01 
       8.941310521128e-01       6.884584963036e+01 
       8.969049870116e-01       6.835227800088e+01 
       8.996789219318e-01       6.786365009344e+01 
       9.024528568733e-01       6.738012488245e+01 
       9.052267918358e-01       6.690080099214e+01 
       9.080007268193e-01       6.642639537780e+01 
       9.107746618234e-01       6.595600649375e+01 
       9.135485968480e-01       6.549173394749e+01 
       9.163225318929e-01       6.503109019298e+01 
       9.190964669579e-01       6.457552513924e+01 
       9.218704020429e-01       6.412362708337e+01 
       9.246443371476e-01       6.367641492145e+01 
       9.274182722719e-01       6.323359156662e+01 
       9.301922074157e-01       6.279516041764e+01 
       9.329661425786e-01       6.236071024770e+01 
       9.357400777606e-01       6.193063531536e+01 
       9.385140129615e-01       6.150456518406e+01 
       9.412879481812e-01       6.108258470795e+01 
       9.440618834194e-01       6.066468662109e+01 
       9.468358186759e-01       6.025112212718e+01 
       9.496097539508e-01       5.984072809553e+01 
       9.523836892437e-01       5.943527137698e+01 
       9.551576245545e-01       5.903250114842e+01 
       9.579315598831e-01       5.863347318640e+01 
       9.607054952292e-01       5.823863739835e+01 
       9.634794305929e-01       5.784780046968e+01 
       9.662533659738e-01       5.746027497792e+01 
       9.690273013719e-01       5.707670434135e+01 
       9.718012367870e-01       5.669626273199e+01 
       9.745751722190e-01       5.631967803625e+01 
       9.773491076677e-01       5.594627670892e+01 
       9.801230431330e-01       5.557672698726e+01 
       9.828969786147e-01       5.520979240728e+01 
       9.856709141127e-01       5.484621942479e+01 
       9.884448496269e-01       5.448720038111e+01 
       9.912187851571e-01       5.413064522790e+01 
       9.939927207032e-01       5.377747335811e+01 
       9.967666562650e-01       5.342742740974e+01 
       9.995405918425e-01       5.308046873380e+01 
       1.002314527435e+00       5.273701619574e+01 
       1.005088463044e+00       5.239556760691e+01 
       1.007862398667e+00       5.205866632725e+01 
       1.010636334306e+00       5.172410710155e+01 
       1.013410269960e+00       5.139224074725e+01 
       1.016184205628e+00       5.106385623658e+01 
       1.018958141312e+00       5.073804353560e+01 
       1.021732077009e+00       5.041566149223e+01 
       1.024506012722e+00       5.009568642034e+01 
       1.027279948449e+00       4.977841118180e+01 
       1.030053884190e+00       4.946409819403e+01 
       1.032827819945e+00       4.915269206665e+01 
       1.035601755714e+00       4.884370928087e+01 
       1.038375691498e+00       4.853755647588e+01 
       1.041149627295e+00       4.823427205656e+01 
       1.043923563105e+00       4.793364237896e+01 
       1.046697498930e+00       4.763509475541e+01 
       1.049471434768e+00       4.733941761699e+01 
       1.052245370619e+00       4.704646065487e+01 
       1.055019306483e+00       4.675587357662e+01 
       1.057793242361e+00       4.646800714467e+01 
       1.060567178252e+00       4.618234044502e+01 
       1.063341114156e+00       4.589939188455e+01 
       1.066115050072e+00       4.561836552343e+01 
       1.068888986001e+00       4.533986176476e+01 
       1.071662921944e+00       4.506418820360e+01 
       1.074436857898e+00       4.479042943049e+01 
       1.077210793865e+00       4.451908731805e+01 
       1.079984729845e+00       4.425011197894e+01 
       1.082758665836e+00       4.398346925814e+01 
       1.085532601840e+00       4.371870654090e+01 
       1.088306537856e+00       4.345639196195e+01 
       1.091080473884e+00       4.319602620674e+01 
       1.093854409924e+00       4.293798926287e+01 
       1.096628345976e+00       4.268212623284e+01 
       1.099402282039e+00       4.242858890133e+01 
       1.102176218115e+00       4.217684680435e+01 
       1.104950154201e+00       4.192692651393e+01 
       1.107724090299e+00       4.167976403640e+01 
       1.110498026409e+00       4.143403518657e+01 
       1.113271962530e+00       4.119065467405e+01 
       1.116045898662e+00       4.094876619671e+01 
       1.118819834805e+00       4.070969592685e+01 
       1.121593770959e+00       4.047189702742e+01 
       1.124367707124e+00       4.023641262971e+01 
       1.127141643300e+00       4.000266254868e+01 
       1.129915579487e+00       3.977062415363e+01 
       1.132689515685e+00       3.954051111618e+01 
       1.135463451893e+00       3.931237279525e+01 
       1.138237388112e+00       3.908632166762e+01 
       1.141011324341e+00       3.886168555637e+01 
       1.143785260581e+00       3.863895005892e+01 
       1.146559196831e+00       3.841780514863e+01 
       1.149333133091e+00       3.819846121698e+01 
       1.152107069361e+00       3.798101907790e+01 
       1.154881005642e+00       3.776544405782e+01 
       1.157654941933e+00       3.755132061905e+01 
       1.160428878233e+00       3.733893879547e+01 
       1.163202814544e+00       3.712803411797e+01 
       1.165976750864e+00       3.691924924012e+01 
       1.168750687194e+00       3.671158011912e+01 
       1.171524623534e+00       3.650609967454e+01 
       1.174298559883e+00       3.630136182834e+01 
       1.177072496242e+00       3.609883864991e+01 
       1.179846432610e+00       3.589787080710e+01 
       1.182620368988e+00       3.569829899982e+01 
       1.185394305375e+00       3.550062099098e+01 
       1.188168241772e+00       3.530391203821e+01 
       1.190942178178e+00       3.510906183168e+01 
       1.193716114592e+00       3.491568363029e+01 
       1.196490051016e+00       3.472348480626e+01 
       1.199263987449e+00       3.453320996357e+01 
       1.202037923891e+00       3.434414504957e+01 
       1.204811860342e+00       3.415657710083e+01 
       1.207585796802e+00       3.397000499630e+01 
       1.210359733270e+00       3.378561789581e+01 
       1.213133669747e+00       3.360239715794e+01 
       1.215907606233e+00       3.342036392054e+01 
       1.218681542728e+00       3.323972791396e+01 
       1.221455479231e+00       3.306049724506e+01 
       1.224229415742e+00       3.288227068317e+01 
       1.227003352262e+00       3.270588975079e+01 
       1.229777288790e+00       3.253065124933e+01 
       1.232551225327e+00       3.235675338042e+01 
       1.235325161872e+00       3.218387097716e+01 
       1.237685953032e+00       3.203784911086e+01 
       1.238099098425e+00       3.201233779837e+01 
       1.240873034986e+00       3.184234491879e+01 
       1.243646971555e+00       3.167365442130e+01 
       1.246420908132e+00       3.150586330300e+01 
       1.249194844718e+00       3.133962404455e+01 
       1.251968781311e+00       3.117456000754e+01 
       1.254742717912e+00       3.101022765879e+01 
       1.257516654521e+00       3.084781142603e+01 
       1.260290591138e+00       3.068617901887e+01 
       1.263064527762e+00       3.052560199874e+01 
       1.265838464394e+00       3.036645040271e+01 
       1.268612401034e+00       3.020849673993e+01 
       1.271386337681e+00       3.005149382581e+01 
       1.274160274336e+00       2.989557593690e+01 
       1.276934210998e+00       2.974094683146e+01 
       1.279708147668e+00       2.958739408076e+01 
       1.282482084345e+00       2.943483056776e+01 
       1.285256021030e+00       2.928362009047e+01 
       1.288029957721e+00       2.913326112113e+01 
       1.290803894420e+00       2.898386803260e+01 
       1.293577831126e+00       2.883562054828e+01 
       1.296351767840e+00       2.868837149879e+01 
       1.299125704560e+00       2.854252293791e+01 
       1.635212700291e+00       1.640658104045e+01 
       2.058608610279e+00       9.353865249953e+00 
       2.591634689643e+00       5.295429498278e+00 
       3.262674768878e+00       2.978377345954e+00 
       4.107464176961e+00       1.665285445919e+00 
       5.170991030410e+00       9.259750261364e-01 
       6.509892012343e+00       5.122485299079e-01 
       8.195468482374e+00       2.820335695483e-01 
       1.031748353402e+01       1.545990547153e-01 
       1.298894220674e+01       8.439238866983e-02 
       1.635210941640e+01       4.588298171350e-02 
       2.058608608074e+01       2.485425302902e-02 
