# Matter power spectrum P(k) at redshift z=0
# for k=8.06309e-06 to 23.1709 h/Mpc,
# number of wavenumbers equal to 861
#    1:k (h/Mpc)              2:P (Mpc/h)^3        
       8.063094627304e-06       1.010797682841e+02 
       1.799879852529e-05       2.192259773086e+02 
       2.795531670261e-05       3.351537679600e+02 
       3.794857284474e-05       4.499865888104e+02 
       4.799464795472e-05       5.643116554012e+02 
       5.810986579511e-05       6.785357517884e+02 
       6.831087998549e-05       7.929836083773e+02 
       7.861476346671e-05       9.079370870314e+02 
       8.903910104816e-05       1.023654285016e+03 
       9.960208576256e-05       1.140380252748e+03 
       1.103226197607e-04       1.258353689445e+03 
       1.212204204863e-04       1.377811527860e+03 
       1.323161328746e-04       1.498992336305e+03 
       1.436314483177e-04       1.622139026619e+03 
       1.551892311236e-04       1.747501135452e+03 
       1.670136531707e-04       1.875336861964e+03 
       1.791303374080e-04       2.005914940561e+03 
       1.915665107696e-04       2.139516430399e+03 
       2.043511669539e-04       2.276436458013e+03 
       2.175152393408e-04       2.416985932936e+03 
       2.310917840800e-04       2.561493254634e+03 
       2.451161730514e-04       2.710306011037e+03 
       2.596262959596e-04       2.863792666483e+03 
       2.746627702457e-04       3.022344210091e+03 
       2.902691567586e-04       3.186375757126e+03 
       3.064921781847e-04       3.356328041487e+03 
       3.233819360610e-04       3.532668771053e+03 
       3.409921207563e-04       3.715893755194e+03 
       3.593802070753e-04       3.906527727839e+03 
       3.786076260986e-04       4.105124768340e+03 
       3.987399015405e-04       4.312268169911e+03 
       4.198467363095e-04       4.528569619570e+03 
       4.420020322063e-04       4.754667512631e+03 
       4.652838229331e-04       4.991224194178e+03 
       4.897740980930e-04       5.238921933691e+03 
       5.155584939622e-04       5.498457381241e+03 
       5.427258260208e-04       5.770534355107e+03 
       5.713674391044e-04       6.055854698587e+03 
       6.015763542509e-04       6.355107146335e+03 
       6.334461975377e-04       6.668954095936e+03 
       6.670699059687e-04       6.998016442059e+03 
       7.025382190504e-04       7.342856616180e+03 
       7.399379818654e-04       7.703960349491e+03 
       7.793503053074e-04       8.081717787182e+03 
       8.208486500002e-04       8.476404690387e+03 
       8.644969197837e-04       8.888165113482e+03 
       9.103476654871e-04       9.316996207055e+03 
       9.584405068746e-04       9.762736619173e+03 
       1.008800877574e-03       1.022505973206e+04 
       1.061439183157e-03       1.070347168438e+04 
       1.072483128768e-03       1.080322312530e+04 
       1.116350436862e-03       1.119731561958e+04 
       1.173514403223e-03       1.170578117863e+04 
       1.232896241352e-03       1.222791906235e+04 
       1.294447601936e-03       1.276266001981e+04 
       1.358108100175e-03       1.330883706306e+04 
       1.423807064833e-03       1.386520907129e+04 
       1.491465453149e-03       1.443048604675e+04 
       1.560997822702e-03       1.500335300141e+04 
       1.632314262396e-03       1.558249268812e+04 
       1.705322202710e-03       1.616660664456e+04 
       1.779928046787e-03       1.675443199168e+04 
       1.856038585803e-03       1.734475449084e+04 
       1.933562181946e-03       1.793642086496e+04 
       2.012409718799e-03       1.852834413843e+04 
       2.092495331292e-03       1.911951063148e+04 
       2.173736935682e-03       1.970898018681e+04 
       2.256056584747e-03       2.029588929154e+04 
       2.339380675166e-03       2.087944751438e+04 
       2.423640033730e-03       2.145893790481e+04 
       2.508769907240e-03       2.203371180600e+04 
       2.594709878323e-03       2.260318842335e+04 
       2.681403726373e-03       2.316684838529e+04 
       2.768799249735e-03       2.372422953520e+04 
       2.856848062322e-03       2.427492651096e+04 
       2.945505375205e-03       2.481858210500e+04 
       3.034729771363e-03       2.535489154076e+04 
       3.124482979861e-03       2.588357828675e+04 
       3.214729654051e-03       2.640442147275e+04 
       3.305437157091e-03       2.691721951839e+04 
       3.396575357037e-03       2.742181274866e+04 
       3.488116432894e-03       2.791806904042e+04 
       3.580034692457e-03       2.840587532403e+04 
       3.672306402225e-03       2.888515024681e+04 
       3.764909629376e-03       2.935582237617e+04 
       3.857824095512e-03       2.981785254455e+04 
       3.951031041736e-03       3.027121132293e+04 
       4.044513104485e-03       3.071587161827e+04 
       4.138254201498e-03       3.115184769390e+04 
       4.232239427261e-03       3.157913935195e+04 
       4.326454957242e-03       3.199777625391e+04 
       4.420887960284e-03       3.240778644934e+04 
       4.515526518479e-03       3.280920928365e+04 
       4.610359553953e-03       3.320209106505e+04 
       4.705376761949e-03       3.358648875035e+04 
       4.800568549696e-03       3.396246015409e+04 
       4.895925980552e-03       3.433006869915e+04 
       4.991440722952e-03       3.468939291356e+04 
       5.087105003751e-03       3.504049560487e+04 
       5.182911565553e-03       3.538345422926e+04 
       5.278853627679e-03       3.571835509702e+04 
       5.374924850450e-03       3.604526457407e+04 
       5.471119302468e-03       3.636428609547e+04 
       5.567431430657e-03       3.667549404654e+04 
       5.663856032782e-03       3.697897870067e+04 
       5.760388232250e-03       3.727482348729e+04 
       5.857023454974e-03       3.756312347016e+04 
       5.953757408127e-03       3.784395673069e+04 
       6.050586060610e-03       3.811743859894e+04 
       6.147505625087e-03       3.838363758853e+04 
       6.244512541451e-03       3.864265783708e+04 
       6.341603461591e-03       3.889457525469e+04 
       6.438775235358e-03       3.913949493689e+04 
       6.536024897612e-03       3.937750755692e+04 
       6.633349656274e-03       3.960868891129e+04 
       6.730746881282e-03       3.983316460110e+04 
       6.828214094389e-03       4.005098469343e+04 
       6.925748959723e-03       4.026226289046e+04 
       7.023349275051e-03       4.046707155143e+04 
       7.121012963686e-03       4.066550741547e+04 
       7.218738066990e-03       4.085766382131e+04 
       7.316522737415e-03       4.104361131924e+04 
       7.414365232052e-03       4.122344346435e+04 
       7.512263906638e-03       4.139725199966e+04 
       7.610217209981e-03       4.156510766324e+04 
       7.708223678793e-03       4.172711614207e+04 
       7.806281932865e-03       4.188334289906e+04 
       7.904390670592e-03       4.203387371225e+04 
       8.002548664795e-03       4.217878791316e+04 
       8.100754758836e-03       4.231816010455e+04 
       8.199007862992e-03       4.245209114194e+04 
       8.297306951075e-03       4.258064077606e+04 
       8.395651057279e-03       4.270388393476e+04 
       8.494039273238e-03       4.282191764197e+04 
       8.592470745275e-03       4.293479361727e+04 
       8.690944671840e-03       4.304258196062e+04 
       8.789460301109e-03       4.314539565903e+04 
       8.888016928741e-03       4.324326996207e+04 
       8.986613895789e-03       4.333629554246e+04 
       9.085250586731e-03       4.342452685743e+04 
       9.183926427650e-03       4.350805871629e+04 
       9.282640884508e-03       4.358696687739e+04 
       9.381393461552e-03       4.366127987583e+04 
       9.480183699808e-03       4.373110680034e+04 
       9.579011175682e-03       4.379649528601e+04 
       9.677875499646e-03       4.385751738684e+04 
       9.776776315010e-03       4.391421514434e+04 
       9.875713296772e-03       4.396667378792e+04 
       9.974686150551e-03       4.401496452495e+04 
       1.007369461157e-02       4.405913818068e+04 
       1.017273844375e-02       4.409926884249e+04 
       1.027181743879e-02       4.413539967998e+04 
       1.037093141537e-02       4.416760183786e+04 
       1.047008021843e-02       4.419594446966e+04 
       1.056926371837e-02       4.422047407808e+04 
       1.066848181049e-02       4.424125306474e+04 
       1.072483128768e-02       4.425141931850e+04 
       1.076773441430e-02       4.425835405338e+04 
       1.086702147300e-02       4.427180822201e+04 
       1.096634295290e-02       4.428169065335e+04 
       1.106569884298e-02       4.428804998708e+04 
       1.116508915443e-02       4.429095063112e+04 
       1.126451392021e-02       4.429044164699e+04 
       1.136397319468e-02       4.428657564610e+04 
       1.146346705326e-02       4.427941055550e+04 
       1.156299559209e-02       4.426899300575e+04 
       1.166255892777e-02       4.425536791449e+04 
       1.176215719706e-02       4.423862437197e+04 
       1.186179055671e-02       4.421877000474e+04 
       1.196145918316e-02       4.419587209416e+04 
       1.206116327243e-02       4.416998974639e+04 
       1.216090303993e-02       4.414117278633e+04 
       1.226067872034e-02       4.410944738248e+04 
       1.236049056746e-02       4.407487613617e+04 
       1.246033885417e-02       4.403749741069e+04 
       1.256022387229e-02       4.399739329498e+04 
       1.266014593259e-02       4.395459417472e+04 
       1.276010536473e-02       4.390910107310e+04 
       1.286010251723e-02       4.386104705790e+04 
       1.296013775750e-02       4.381037620503e+04 
       1.306021147186e-02       4.375721076383e+04 
       1.316032406555e-02       4.370155789844e+04 
       1.326047596282e-02       4.364346513367e+04 
       1.336066760699e-02       4.358302651493e+04 
       1.346089946054e-02       4.352021091207e+04 
       1.356117200522e-02       4.345506769394e+04 
       1.366148574215e-02       4.338771040206e+04 
       1.376184119200e-02       4.331810991703e+04 
       1.386223889512e-02       4.324632941811e+04 
       1.396267941168e-02       4.317242399925e+04 
       1.406316332191e-02       4.309640975899e+04 
       1.416369122627e-02       4.301838728305e+04 
       1.426426374567e-02       4.293825346929e+04 
       1.436488152169e-02       4.285620429931e+04 
       1.446554521684e-02       4.277218184703e+04 
       1.456625551481e-02       4.268628835433e+04 
       1.466701312076e-02       4.259850188785e+04 
       1.476781876160e-02       4.250889847570e+04 
       1.486867318628e-02       4.241751214328e+04 
       1.496957716616e-02       4.232437018519e+04 
       1.507053149530e-02       4.222948371278e+04 
       1.517153699083e-02       4.213292431359e+04 
       1.527259449333e-02       4.203474204374e+04 
       1.537370486720e-02       4.193491536638e+04 
       1.547486900107e-02       4.183358936885e+04 
       1.557608780821e-02       4.173061949777e+04 
       1.567736222699e-02       4.162619846625e+04 
       1.577869322128e-02       4.152030143464e+04 
       1.588008178097e-02       4.141289742715e+04 
       1.598152892246e-02       4.130417274451e+04 
       1.608303568910e-02       4.119402639093e+04 
       1.618460315180e-02       4.108250631304e+04 
       1.628623240951e-02       4.096966947027e+04 
       1.638792458979e-02       4.085562085330e+04 
       1.648968084943e-02       4.074028084554e+04 
       1.659150237500e-02       4.062375716978e+04 
       1.669339038352e-02       4.050594654697e+04 
       1.679534612307e-02       4.038703814445e+04 
       1.689737087345e-02       4.026695103516e+04 
       1.699946594690e-02       4.014579185505e+04 
       1.710163268879e-02       4.002357533607e+04 
       1.720387247834e-02       3.990033476498e+04 
       1.730618672941e-02       3.977598666784e+04 
       1.740857689126e-02       3.965070250470e+04 
       1.751104444935e-02       3.952446841897e+04 
       1.761359092622e-02       3.939729384762e+04 
       1.771621788228e-02       3.926936315587e+04 
       1.781892691677e-02       3.914025660929e+04 
       1.792171966864e-02       3.901038693630e+04 
       1.802459781749e-02       3.887971172486e+04 
       1.812756308460e-02       3.874826007349e+04 
       1.823061723387e-02       3.861598716655e+04 
       1.833376207294e-02       3.848302016852e+04 
       1.843699945421e-02       3.834933981506e+04 
       1.854033127596e-02       3.821482692075e+04 
       1.864375948354e-02       3.807978485148e+04 
       1.874728607052e-02       3.794396114131e+04 
       1.885091307993e-02       3.780751446278e+04 
       1.895464260553e-02       3.767050047795e+04 
       1.905847679309e-02       3.753291091944e+04 
       1.916241784181e-02       3.739479171604e+04 
       1.926646800562e-02       3.725603240112e+04 
       1.937062959473e-02       3.711670384673e+04 
       1.947490497703e-02       3.697703045940e+04 
       1.957929657969e-02       3.683676103222e+04 
       1.968380689075e-02       3.669607685509e+04 
       1.978843846073e-02       3.655489654062e+04 
       1.989319390439e-02       3.641336671454e+04 
       1.999807590245e-02       3.627139646914e+04 
       2.010308720343e-02       3.612909096318e+04 
       2.020823062557e-02       3.598641312504e+04 
       2.031350905871e-02       3.584328218938e+04 
       2.041892546640e-02       3.569998593321e+04 
       2.052448288792e-02       3.555629824138e+04 
       2.063018444051e-02       3.541233417815e+04 
       2.073603332157e-02       3.526814289001e+04 
       2.084203281100e-02       3.512366057252e+04 
       2.094818627365e-02       3.497886498731e+04 
       2.105449716174e-02       3.483395924385e+04 
       2.116096901752e-02       3.468881674734e+04 
       2.126760547593e-02       3.454353670887e+04 
       2.137441026739e-02       3.439800147007e+04 
       2.148138722068e-02       3.425237902704e+04 
       2.158854026595e-02       3.410659207415e+04 
       2.169587343784e-02       3.396066439017e+04 
       2.180339087868e-02       3.381464730154e+04 
       2.191109684188e-02       3.366852299798e+04 
       2.201899569540e-02       3.352228275081e+04 
       2.212709192539e-02       3.337612746310e+04 
       2.223539013991e-02       3.322976286435e+04 
       2.234389507290e-02       3.308338703921e+04 
       2.245261158821e-02       3.293706257329e+04 
       2.256154468385e-02       3.279074161661e+04 
       2.267069949639e-02       3.264431587274e+04 
       2.278008130557e-02       3.249793307589e+04 
       2.288969553903e-02       3.235159847057e+04 
       2.299954777733e-02       3.220527066467e+04 
       2.310964375908e-02       3.205892790710e+04 
       2.321998938642e-02       3.191283915059e+04 
       2.333059073056e-02       3.176662176271e+04 
       2.344145403772e-02       3.162062093266e+04 
       2.355258573524e-02       3.147467682851e+04 
       2.366399243796e-02       3.132881856574e+04 
       2.377568095491e-02       3.118305339084e+04 
       2.388765829629e-02       3.103737684400e+04 
       2.399993168077e-02       3.089198908254e+04 
       2.411250854307e-02       3.074661436576e+04 
       2.422539654196e-02       3.060140697707e+04 
       2.433860356859e-02       3.045635996953e+04 
       2.445213775520e-02       3.031147746424e+04 
       2.456600748427e-02       3.016675707780e+04 
       2.468022139806e-02       3.002219769414e+04 
       2.479478840868e-02       2.987782162050e+04 
       2.490971770854e-02       2.973375164130e+04 
       2.502501878140e-02       2.958978017417e+04 
       2.514070141396e-02       2.944601888065e+04 
       2.525677570795e-02       2.930254106895e+04 
       2.537325209291e-02       2.915918652377e+04 
       2.549014133959e-02       2.901623902634e+04 
       2.560745457402e-02       2.887336918096e+04 
       2.572520329234e-02       2.873068377100e+04 
       2.584339937636e-02       2.858831222985e+04 
       2.596205511003e-02       2.844627055055e+04 
       2.608118319667e-02       2.830442298248e+04 
       2.620079677725e-02       2.816280059863e+04 
       2.632090944957e-02       2.802146924375e+04 
       2.644153528857e-02       2.788047246829e+04 
       2.656268886774e-02       2.773956711640e+04 
       2.668438528172e-02       2.759907345292e+04 
       2.680664017026e-02       2.745883497922e+04 
       2.692946974346e-02       2.731880543462e+04 
       2.705289080857e-02       2.717916119068e+04 
       2.717692079836e-02       2.703969952935e+04 
       2.730157780110e-02       2.690046195337e+04 
       2.742688059249e-02       2.676159109768e+04 
       2.755284866939e-02       2.662304481124e+04 
       2.767950228580e-02       2.648477872685e+04 
       2.780686249094e-02       2.634673231307e+04 
       2.793495116984e-02       2.620898455383e+04 
       2.806379108652e-02       2.607161341574e+04 
       2.819340592993e-02       2.593440042148e+04 
       2.832382036298e-02       2.579754785904e+04 
       2.845506007482e-02       2.566099771026e+04 
       2.858715183659e-02       2.552468409290e+04 
       2.872012356109e-02       2.538866416844e+04 
       2.885400436650e-02       2.525296720600e+04 
       2.898882464463e-02       2.511764025227e+04 
       2.912461613400e-02       2.498227006214e+04 
       2.926141199827e-02       2.484740651549e+04 
       2.939924691029e-02       2.471273612354e+04 
       2.953815714251e-02       2.457836031116e+04 
       2.967818066417e-02       2.444419712829e+04 
       2.981935724591e-02       2.431034884376e+04 
       2.996172857251e-02       2.417665328326e+04 
       3.010533836449e-02       2.404333317135e+04 
       3.025023250948e-02       2.391018857933e+04 
       3.039645920424e-02       2.377724588840e+04 
       3.054406910836e-02       2.364451368292e+04 
       3.069311551090e-02       2.351210801405e+04 
       3.084365451118e-02       2.337979114486e+04 
       3.099574521522e-02       2.324780311026e+04 
       3.114944994949e-02       2.311590391004e+04 
       3.130483449372e-02       2.298419738743e+04 
       3.146196833501e-02       2.285264376942e+04 
       3.162092494534e-02       2.272132113436e+04 
       3.178178208528e-02       2.259007351821e+04 
       3.194462213687e-02       2.245902589022e+04 
       3.210953246892e-02       2.232806999308e+04 
       3.227660583871e-02       2.219721071270e+04 
       3.244594083441e-02       2.206643955827e+04 
       3.261764236309e-02       2.193579790985e+04 
       3.279182219027e-02       2.180510806443e+04 
       3.296859953727e-02       2.167460817901e+04 
       3.314810174411e-02       2.154408792301e+04 
       3.333046500643e-02       2.141354361132e+04 
       3.351583519656e-02       2.128293503590e+04 
       3.370436878034e-02       2.115233950654e+04 
       3.389623384307e-02       2.102179728429e+04 
       3.409161124033e-02       2.089103297513e+04 
       3.429069589206e-02       2.076019957753e+04 
       3.449369824139e-02       2.062910789752e+04 
       3.470084590345e-02       2.049796197756e+04 
       3.491238553415e-02       2.036659139761e+04 
       3.512858495416e-02       2.023495214880e+04 
       3.534973557020e-02       2.010298363655e+04 
       3.557615514375e-02       1.997073868456e+04 
       3.580819096709e-02       1.983806622527e+04 
       3.604622351893e-02       1.970506499938e+04 
       3.629067068657e-02       1.957146964164e+04 
       3.654199266004e-02       1.943740112789e+04 
       3.680069762652e-02       1.930271037610e+04 
       3.706734842189e-02       1.916731617248e+04 
       3.734257033169e-02       1.903123255175e+04 
       3.762706027869e-02       1.889421776447e+04 
       3.792159769073e-02       1.875628248433e+04 
       3.822705741365e-02       1.861726806915e+04 
       3.854442512508e-02       1.847712332422e+04 
       3.887481582005e-02       1.833568792241e+04 
       3.921949608648e-02       1.819260202792e+04 
       3.957991107594e-02       1.804794495474e+04 
       3.995771731366e-02       1.790136939084e+04 
       4.035482279308e-02       1.775263110240e+04 
       4.077343617828e-02       1.760141754593e+04 
       4.121612740155e-02       1.744741279742e+04 
       4.168590249572e-02       1.729007865386e+04 
       4.218629611761e-02       1.712891668224e+04 
       4.272148582388e-02       1.696328176738e+04 
       4.329643256117e-02       1.679228515377e+04 
       4.391705160614e-02       1.661472378047e+04 
       4.459041646705e-02       1.642928760402e+04 
       4.532499333879e-02       1.623403707541e+04 
       4.613089245166e-02       1.602653738155e+04 
       4.702009972076e-02       1.580331281161e+04 
       4.800660953209e-02       1.555990666533e+04 
       4.910630883079e-02       1.529031233995e+04 
       5.033636495449e-02       1.498666903982e+04 
       5.171378278752e-02       1.463912206550e+04 
       5.325284205583e-02       1.423635116382e+04 
       5.496152099951e-02       1.376717739154e+04 
       5.683788842739e-02       1.322361469856e+04 
       5.886835772928e-02       1.260487342168e+04 
       6.102945540303e-02       1.192059121068e+04 
       6.329275809478e-02       1.119113490675e+04 
       6.563052083129e-02       1.044448632729e+04 
       6.801949839710e-02       9.711137387425e+03 
       7.044223268557e-02       9.019026545476e+03 
       7.288656914948e-02       8.389977195864e+03 
       7.534446341015e-02       7.837990637115e+03 
       7.781076295305e-02       7.369097852741e+03 
       8.028223511982e-02       6.982133865446e+03 
       8.275687761060e-02       6.670265786866e+03 
       8.523345985971e-02       6.422369097561e+03 
       8.771122909211e-02       6.224533279842e+03 
       9.018972601190e-02       6.061511346446e+03 
       9.266867073694e-02       5.917996971061e+03 
       9.514789275968e-02       5.779909406373e+03 
       9.762728814393e-02       5.635535374472e+03 
       1.001067934404e-01       5.476462580827e+03 
       1.025863698170e-01       5.298091162966e+03 
       1.050659934133e-01       5.099728522495e+03 
       1.072483128768e-01       4.910747109615e+03 
       1.075456494802e-01       4.884149050653e+03 
       1.100253288204e-01       4.656801783272e+03 
       1.125050256261e-01       4.424756979153e+03 
       1.149847361641e-01       4.195629754499e+03 
       1.174644579777e-01       3.976571130714e+03 
       1.199441893991e-01       3.773557409288e+03 
       1.224239292534e-01       3.590888665160e+03 
       1.249036766771e-01       3.430978769019e+03 
       1.273834310070e-01       3.294379869532e+03 
       1.298631917117e-01       3.179965994513e+03 
       1.323429583493e-01       3.085237954075e+03 
       1.348227305406e-01       3.006675277608e+03 
       1.373025079523e-01       2.940153035278e+03 
       1.397822902859e-01       2.881348304461e+03 
       1.422620772710e-01       2.826854048036e+03 
       1.447418686597e-01       2.771862786273e+03 
       1.472216642236e-01       2.713415212301e+03 
       1.497014637511e-01       2.649590875168e+03 
       1.521812670453e-01       2.579580319322e+03 
       1.546610739227e-01       2.503628154711e+03 
       1.571408842118e-01       2.422840888490e+03 
       1.596206977520e-01       2.338957698698e+03 
       1.621005143928e-01       2.254063775271e+03 
       1.645803339929e-01       2.170322925277e+03 
       1.670601564194e-01       2.089744954609e+03 
       1.695399815474e-01       2.013995542381e+03 
       1.720198092592e-01       1.944299476185e+03 
       1.744996394438e-01       1.881377978939e+03 
       1.769794719966e-01       1.825426007263e+03 
       1.794593068187e-01       1.776191618676e+03 
       1.819391438167e-01       1.733028831955e+03 
       1.844189829023e-01       1.694966206398e+03 
       1.868988239918e-01       1.660847448595e+03 
       1.893786670059e-01       1.629414756690e+03 
       1.918585118696e-01       1.599437444371e+03 
       1.943383585115e-01       1.569808730420e+03 
       1.968182068642e-01       1.539629145581e+03 
       1.992980568633e-01       1.508269434513e+03 
       2.017779084477e-01       1.475406572073e+03 
       2.042577615594e-01       1.441011835198e+03 
       2.067376161430e-01       1.405321798484e+03 
       2.092174721460e-01       1.368782860679e+03 
       2.116973295181e-01       1.331973776285e+03 
       2.141771882116e-01       1.295529945605e+03 
       2.166570481808e-01       1.260066830927e+03 
       2.191369093821e-01       1.226115830449e+03 
       2.216167717739e-01       1.194095485555e+03 
       2.240966353166e-01       1.164255894306e+03 
       2.265764999721e-01       1.136707727051e+03 
       2.290563657041e-01       1.111404544010e+03 
       2.315362324778e-01       1.088167882752e+03 
       2.340161002599e-01       1.066734061123e+03 
       2.364959690185e-01       1.046746873553e+03 
       2.389758387232e-01       1.027855354255e+03 
       2.414557093445e-01       1.009688248205e+03 
       2.439355808544e-01       9.919140836975e+02 
       2.464154532259e-01       9.742553679775e+02 
       2.488953264331e-01       9.565055762606e+02 
       2.513752004513e-01       9.385501344909e+02 
       2.538550752564e-01       9.203580788450e+02 
       2.563349508256e-01       9.019499022008e+02 
       2.588148271368e-01       8.834188197645e+02 
       2.612947041688e-01       8.649082121112e+02 
       2.637745819011e-01       8.465870897526e+02 
       2.662544603141e-01       8.286341130787e+02 
       2.687343393888e-01       8.112093806575e+02 
       2.712142191071e-01       7.944433745537e+02 
       2.736940994513e-01       7.784264233143e+02 
       2.761739804045e-01       7.632039305623e+02 
       2.786538619503e-01       7.487763753462e+02 
       2.811337440731e-01       7.351032004305e+02 
       2.836136267577e-01       7.221177530448e+02 
       2.860935099892e-01       7.097264719487e+02 
       2.885733937537e-01       6.978241982874e+02 
       2.910532780374e-01       6.863054603117e+02 
       2.935331628271e-01       6.750684939350e+02 
       2.960130481100e-01       6.640233787022e+02 
       2.984929338738e-01       6.531071266018e+02 
       3.009728201065e-01       6.422726576114e+02 
       3.034527067967e-01       6.314977264751e+02 
       3.059325939331e-01       6.207819813860e+02 
       3.084124815049e-01       6.101412856526e+02 
       3.108923695016e-01       5.996043321031e+02 
       3.133722579133e-01       5.892034749759e+02 
       3.158521467299e-01       5.789807420865e+02 
       3.183320359421e-01       5.689683960683e+02 
       3.208119255406e-01       5.592039573403e+02 
       3.232918155165e-01       5.497129205261e+02 
       3.257717058611e-01       5.405120292848e+02 
       3.282515965661e-01       5.316148668403e+02 
       3.307314876233e-01       5.230166613031e+02 
       3.332113790249e-01       5.147116153916e+02 
       3.356912707631e-01       5.066801493195e+02 
       3.381711628305e-01       4.989014722431e+02 
       3.406510552200e-01       4.913469440717e+02 
       3.431309479245e-01       4.839889927942e+02 
       3.456108409372e-01       4.767974074018e+02 
       3.480907342514e-01       4.697475725431e+02 
       3.505706278609e-01       4.628152944294e+02 
       3.530505217593e-01       4.559829046414e+02 
       3.555304159405e-01       4.492408077275e+02 
       3.580103103987e-01       4.425817703252e+02 
       3.604902051281e-01       4.360070909659e+02 
       3.629701001232e-01       4.295230190583e+02 
       3.654499953785e-01       4.231378424116e+02 
       3.679298908888e-01       4.168612902013e+02 
       3.704097866489e-01       4.107084862142e+02 
       3.728896826537e-01       4.046859744067e+02 
       3.753695788986e-01       3.988040653941e+02 
       3.778494753786e-01       3.930657191256e+02 
       3.803293720892e-01       3.874724678321e+02 
       3.828092690259e-01       3.820235568737e+02 
       3.852891661843e-01       3.767111999016e+02 
       3.877690635601e-01       3.715279224605e+02 
       3.902489611492e-01       3.664643026531e+02 
       3.927288589476e-01       3.615088660584e+02 
       3.952087569512e-01       3.566525283186e+02 
       3.976886551563e-01       3.518834368947e+02 
       4.001685535590e-01       3.471961416168e+02 
       4.026484521557e-01       3.425826601598e+02 
       4.051283509429e-01       3.380402968686e+02 
       4.076082499170e-01       3.335672239767e+02 
       4.100881490747e-01       3.291625499928e+02 
       4.125680484126e-01       3.248259606430e+02 
       4.150479479275e-01       3.205595953680e+02 
       4.175278476162e-01       3.163643994649e+02 
       4.200077474756e-01       3.122430095628e+02 
       4.224876475028e-01       3.081959350353e+02 
       4.249675476947e-01       3.042241015473e+02 
       4.274474480485e-01       3.003269050817e+02 
       4.299273485614e-01       2.965074457984e+02 
       4.324072492307e-01       2.927611463397e+02 
       4.348871500536e-01       2.890887794785e+02 
       4.373670510276e-01       2.854876601474e+02 
       4.398469521501e-01       2.819553745495e+02 
       4.423268534185e-01       2.784890128012e+02 
       4.448067548304e-01       2.750858664767e+02 
       4.472866563835e-01       2.717418902293e+02 
       4.497665580754e-01       2.684552753759e+02 
       4.522464599037e-01       2.652214796976e+02 
       4.547263618664e-01       2.620420538576e+02 
       4.572062639611e-01       2.589106665887e+02 
       4.596861661857e-01       2.558270534414e+02 
       4.621660685382e-01       2.527902289956e+02 
       4.646459710164e-01       2.498003151807e+02 
       4.671258736185e-01       2.468561747583e+02 
       4.696057763423e-01       2.439579555772e+02 
       4.720856791860e-01       2.411056930243e+02 
       4.745655821477e-01       2.383011493835e+02 
       4.770454852255e-01       2.355420670357e+02 
       4.795253884177e-01       2.328287456407e+02 
       4.820052917225e-01       2.301609826632e+02 
       4.844851951381e-01       2.275379025421e+02 
       4.869650986629e-01       2.249587676177e+02 
       4.894450022951e-01       2.224227307074e+02 
       4.919249060332e-01       2.199276834187e+02 
       4.944048098755e-01       2.174735931404e+02 
       4.968847138206e-01       2.150584742622e+02 
       4.993646178668e-01       2.126807537643e+02 
       5.018445220126e-01       2.103394931233e+02 
       5.043244262566e-01       2.080344099194e+02 
       5.068043305974e-01       2.057634380667e+02 
       5.092842350335e-01       2.035251766595e+02 
       5.117641395635e-01       2.013220144524e+02 
       5.142440441861e-01       1.991499692771e+02 
       5.167239488999e-01       1.970094991286e+02 
       5.192038537036e-01       1.949008930794e+02 
       5.216837585959e-01       1.928225253405e+02 
       5.241636635757e-01       1.907754580500e+02 
       5.266435686415e-01       1.887582653648e+02 
       5.291234737923e-01       1.867707140498e+02 
       5.316033790269e-01       1.848121415720e+02 
       5.340832843439e-01       1.828842146646e+02 
       5.365631897424e-01       1.809845872463e+02 
       5.390430952212e-01       1.791124436829e+02 
       5.415230007792e-01       1.772682460752e+02 
       5.440029064153e-01       1.754503020667e+02 
       5.464828121284e-01       1.736596905535e+02 
       5.489627179175e-01       1.718940439169e+02 
       5.514426237815e-01       1.701539503438e+02 
       5.539225297195e-01       1.684380539023e+02 
       5.564024357305e-01       1.667465369441e+02 
       5.588823418134e-01       1.650783180427e+02 
       5.613622479674e-01       1.634327179293e+02 
       5.638421541915e-01       1.618113431784e+02 
       5.663220604847e-01       1.602110912132e+02 
       5.688019668462e-01       1.586325959915e+02 
       5.712818732750e-01       1.570759593679e+02 
       5.737617797704e-01       1.555407169857e+02 
       5.762416863314e-01       1.540266772785e+02 
       5.787215929571e-01       1.525321736032e+02 
       5.812014996469e-01       1.510588018864e+02 
       5.836814063998e-01       1.496051910425e+02 
       5.861613132150e-01       1.481705943317e+02 
       5.886412200917e-01       1.467557488377e+02 
       5.911211270292e-01       1.453598448988e+02 
       5.936010340268e-01       1.439823322026e+02 
       5.960809410836e-01       1.426235046165e+02 
       5.985608481989e-01       1.412825521248e+02 
       6.010407553720e-01       1.399592877513e+02 
       6.035206626022e-01       1.386531078178e+02 
       6.060005698888e-01       1.373638013304e+02 
       6.084804772310e-01       1.360906298997e+02 
       6.109603846283e-01       1.348355323483e+02 
       6.134402920799e-01       1.335954373613e+02 
       6.159201995852e-01       1.323712406900e+02 
       6.184001071435e-01       1.311628629590e+02 
       6.208800147542e-01       1.299697949526e+02 
       6.233599224167e-01       1.287913328443e+02 
       6.258398301303e-01       1.276287345627e+02 
       6.283197378945e-01       1.264799487080e+02 
       6.307996457086e-01       1.253452565327e+02 
       6.332795535721e-01       1.242257180981e+02 
       6.357594614844e-01       1.231191036712e+02 
       6.382393694449e-01       1.220274023632e+02 
       6.407192774530e-01       1.209480555143e+02 
       6.431991855083e-01       1.198828246771e+02 
       6.456790936101e-01       1.188306081066e+02 
       6.481590017579e-01       1.177906463278e+02 
       6.506389099512e-01       1.167643274397e+02 
       6.531188181895e-01       1.157501032900e+02 
       6.555987264723e-01       1.147482214864e+02 
       6.580786347990e-01       1.137580754497e+02 
       6.605585431692e-01       1.127797088781e+02 
       6.630384515823e-01       1.118138673544e+02 
       6.655183600380e-01       1.108586534285e+02 
       6.679982685357e-01       1.099152889063e+02 
       6.704781770749e-01       1.089828691942e+02 
       6.729580856552e-01       1.080616617424e+02 
       6.754379942762e-01       1.071511472187e+02 
       6.779179029373e-01       1.062510951514e+02 
       6.803978116382e-01       1.053618492984e+02 
       6.828777203784e-01       1.044833281691e+02 
       6.853576291575e-01       1.036146641416e+02 
       6.878375379751e-01       1.027554397975e+02 
       6.903174468307e-01       1.019072180824e+02 
       6.927973557240e-01       1.010682030455e+02 
       6.952772646545e-01       1.002384044989e+02 
       6.977571736219e-01       9.941929515699e+01 
       7.002370826257e-01       9.860814183594e+01 
       7.027169916656e-01       9.780721297342e+01 
       7.051969007411e-01       9.701501565884e+01 
       7.076768098520e-01       9.623143346025e+01 
       7.101567189978e-01       9.545715405068e+01 
       7.126366281782e-01       9.469181094168e+01 
       7.151165373927e-01       9.393498660583e+01 
       7.175964466412e-01       9.318588272805e+01 
       7.200763559231e-01       9.244523468662e+01 
       7.225562652382e-01       9.171353631357e+01 
       7.250361745862e-01       9.098897576125e+01 
       7.275160839666e-01       9.027354419102e+01 
       7.299959933791e-01       8.956450270374e+01 
       7.324759028235e-01       8.886435827110e+01 
       7.349558122994e-01       8.817165355009e+01 
       7.374357218065e-01       8.748628171388e+01 
       7.399156313444e-01       8.680816245887e+01 
       7.423955409129e-01       8.613696417824e+01 
       7.448754505116e-01       8.547380677457e+01 
       7.473553601403e-01       8.481777154495e+01 
       7.498352697987e-01       8.416850746394e+01 
       7.523151794864e-01       8.352595485120e+01 
       7.547950892032e-01       8.289061750515e+01 
       7.572749989488e-01       8.226170546907e+01 
       7.597549087228e-01       8.163963956078e+01 
       7.622348185251e-01       8.102450957921e+01 
       7.647147283554e-01       8.041515170960e+01 
       7.671946382133e-01       7.981257781223e+01 
       7.696745480986e-01       7.921593630205e+01 
       7.721544580111e-01       7.862605757607e+01 
       7.746343679505e-01       7.804195569789e+01 
       7.771142779165e-01       7.746402826673e+01 
       7.795941879088e-01       7.689218097408e+01 
       7.820740979273e-01       7.632574374996e+01 
       7.845540079716e-01       7.576542968234e+01 
       7.870339180416e-01       7.521082998218e+01 
       7.895138281370e-01       7.466196887895e+01 
       7.919937382575e-01       7.411851460616e+01 
       7.944736484029e-01       7.358072451104e+01 
       7.969535585730e-01       7.304834376804e+01 
       7.994334687675e-01       7.252102293623e+01 
       8.019133789863e-01       7.199940775931e+01 
       8.043932892291e-01       7.148309866560e+01 
       8.068731994956e-01       7.097153526709e+01 
       8.093531097857e-01       7.046520985594e+01 
       8.118330200991e-01       6.996423677264e+01 
       8.143129304357e-01       6.946778991602e+01 
       8.167928407951e-01       6.897634335792e+01 
       8.192727511773e-01       6.848954642057e+01 
       8.217526615820e-01       6.800797816804e+01 
       8.242325720090e-01       6.753054085204e+01 
       8.267124824580e-01       6.705834052163e+01 
       8.291923929290e-01       6.659057074988e+01 
       8.316723034217e-01       6.612723245065e+01 
       8.341522139358e-01       6.566828147705e+01 
       8.366321244713e-01       6.521396717278e+01 
       8.391120350279e-01       6.476388967175e+01 
       8.415919456055e-01       6.431823208060e+01 
       8.440718562038e-01       6.387670225436e+01 
       8.465517668227e-01       6.343956839106e+01 
       8.490316774620e-01       6.300633406461e+01 
       8.515115881215e-01       6.257741561100e+01 
       8.539914988010e-01       6.215276114786e+01 
       8.564714095004e-01       6.173179231673e+01 
       8.589513202195e-01       6.131490734175e+01 
       8.614312309581e-01       6.090176705364e+01 
       8.639111417160e-01       6.049290528734e+01 
       8.663910524931e-01       6.008735114085e+01 
       8.688709632893e-01       5.968613842373e+01 
       8.713508741043e-01       5.928823901232e+01 
       8.738307849380e-01       5.889428494828e+01 
       8.763106957903e-01       5.850339775798e+01 
       8.787906066609e-01       5.811695610952e+01 
       8.812705175498e-01       5.773367101751e+01 
       8.837504284567e-01       5.735383532740e+01 
       8.862303393815e-01       5.697749851809e+01 
       8.887102503242e-01       5.660457473617e+01 
       8.911901612844e-01       5.623534768670e+01 
       8.936700722621e-01       5.586946128509e+01 
       8.961499832572e-01       5.550626436407e+01 
       8.986298942694e-01       5.514690788753e+01 
       9.011098052987e-01       5.479067243535e+01 
       9.035897163449e-01       5.443731855695e+01 
       9.060696274078e-01       5.408750749057e+01 
       9.085495384874e-01       5.374104855657e+01 
       9.110294495834e-01       5.339712386254e+01 
       9.135093606958e-01       5.305672623175e+01 
       9.159892718245e-01       5.271880691656e+01 
       9.184691829692e-01       5.238432723152e+01 
       9.209490941299e-01       5.205296667995e+01 
       9.234290053064e-01       5.172412802248e+01 
       9.259089164987e-01       5.139841766692e+01 
       9.283888277065e-01       5.107544404708e+01 
       9.308687389297e-01       5.075524113229e+01 
       9.333486501683e-01       5.043776402330e+01 
       9.358285614221e-01       5.012311812220e+01 
       9.383084726910e-01       4.981139766815e+01 
       9.407883839749e-01       4.950227389754e+01 
       9.432682952736e-01       4.919576319779e+01 
       9.457482065870e-01       4.889187891760e+01 
       9.482281179151e-01       4.859062976513e+01 
       9.507080292577e-01       4.829204486537e+01 
       9.531879406146e-01       4.799612060415e+01 
       9.556678519859e-01       4.770232676203e+01 
       9.581477633713e-01       4.741155289223e+01 
       9.606276747707e-01       4.712293028362e+01 
       9.631075861841e-01       4.683704353970e+01 
       9.655874976114e-01       4.655321303193e+01 
       9.680674090524e-01       4.627185636250e+01 
       9.705473205070e-01       4.599277896127e+01 
       9.730272319751e-01       4.571581766143e+01 
       9.755071434567e-01       4.544201389611e+01 
       9.779870549515e-01       4.516989879119e+01 
       9.804669664596e-01       4.490002852220e+01 
       9.829468779808e-01       4.463263562224e+01 
       9.854267895151e-01       4.436746703863e+01 
       9.879067010622e-01       4.410432055635e+01 
       9.903866126222e-01       4.384309388012e+01 
       9.928665241949e-01       4.358450007808e+01 
       9.953464357802e-01       4.332774695643e+01 
       9.978263473781e-01       4.307310527199e+01 
       1.000306258988e+00       4.282068369573e+01 
       1.002786170611e+00       4.257020079804e+01 
       1.005266082246e+00       4.232182435880e+01 
       1.007745993893e+00       4.207534756860e+01 
       1.010225905552e+00       4.183137520032e+01 
       1.012705817223e+00       4.158878440044e+01 
       1.015185728906e+00       4.134809950603e+01 
       1.017665640601e+00       4.110978767553e+01 
       1.020145552308e+00       4.087296672857e+01 
       1.022625464026e+00       4.063845363413e+01 
       1.025105375756e+00       4.040554468475e+01 
       1.027585287497e+00       4.017455481661e+01 
       1.030065199250e+00       3.994528440033e+01 
       1.032545111014e+00       3.971792907249e+01 
       1.035025022789e+00       3.949247471276e+01 
       1.037504934576e+00       3.926863226581e+01 
       1.039984846373e+00       3.904671918521e+01 
       1.042464758181e+00       3.882633538682e+01 
       1.044944670001e+00       3.860789647857e+01 
       1.047424581831e+00       3.839120014510e+01 
       1.049904493672e+00       3.817572601136e+01 
       1.052384405524e+00       3.796255772778e+01 
       1.054864317386e+00       3.775053607859e+01 
       1.057344229259e+00       3.754026703904e+01 
       1.059824141142e+00       3.733201904722e+01 
       1.062304053035e+00       3.712517007734e+01 
       1.064783964939e+00       3.691965868407e+01 
       1.067263876853e+00       3.671598778000e+01 
       1.069743788778e+00       3.651361064981e+01 
       1.072223700712e+00       3.631309555919e+01 
       1.072483128768e+00       3.629210309473e+01 
       1.074703612656e+00       3.611409914492e+01 
       1.077183524611e+00       3.591637666575e+01 
       1.079663436575e+00       3.572027722061e+01 
       1.082143348549e+00       3.552551115164e+01 
       1.084623260533e+00       3.533241610100e+01 
       1.087103172527e+00       3.514088801890e+01 
       1.089583084530e+00       3.495069768589e+01 
       1.092062996542e+00       3.476170315614e+01 
       1.094542908565e+00       3.457425424998e+01 
       1.097022820596e+00       3.438851299782e+01 
       1.099502732637e+00       3.420378027623e+01 
       1.101982644688e+00       3.402065200411e+01 
       1.104462556747e+00       3.383903738366e+01 
       1.106942468816e+00       3.365827354173e+01 
       1.109422380894e+00       3.347886253947e+01 
       1.111902292980e+00       3.330113712924e+01 
       1.114382205076e+00       3.312475974401e+01 
       1.116862117181e+00       3.294943120890e+01 
       1.119342029295e+00       3.277560625713e+01 
       1.121821941417e+00       3.260298244812e+01 
       1.124301853548e+00       3.243155784264e+01 
       1.126781765688e+00       3.226163610904e+01 
       1.129261677837e+00       3.209265594216e+01 
       1.131741589994e+00       3.192525756863e+01 
       1.134221502160e+00       3.175857836979e+01 
       1.136701414334e+00       3.159336782152e+01 
       1.139181326516e+00       3.142966978230e+01 
       1.141661238707e+00       3.126668701783e+01 
       1.144141150906e+00       3.110487104054e+01 
       1.146621063114e+00       3.094409604112e+01 
       1.149100975329e+00       3.078497297128e+01 
       1.151580887553e+00       3.062693458535e+01 
       1.154060799785e+00       3.046968560597e+01 
       1.156540712025e+00       3.031346948947e+01 
       1.159020624273e+00       3.015915270819e+01 
       1.161500536529e+00       3.000509780910e+01 
       1.461983882731e+00       1.724005969979e+01 
       1.840526687459e+00       9.830569990904e+00 
       2.317085815452e+00       5.568364660181e+00 
       2.917038214380e+00       3.134707527993e+00 
       3.672333535257e+00       1.754707089036e+00 
       4.623194008119e+00       9.770033595602e-01 
       5.820256420476e+00       5.412774127502e-01 
       7.327268710895e+00       2.984503651253e-01 
       9.224484779190e+00       1.638691626620e-01 
       1.161293829923e+01       8.959360545150e-02 
       1.461982313050e+01       4.878003870666e-02 
       1.840526685492e+01       2.646328216461e-02 
       2.317085815451e+01       1.430308489966e-02 
