# Matter power spectrum P(k) at redshift z=0
# for k=8.06309e-06 to 23.1709 h/Mpc,
# number of wavenumbers equal to 861
#    1:k (h/Mpc)              2:P (Mpc/h)^3        
       8.063094627304e-06       1.012129544739e+02 
       1.799879852529e-05       2.195142873930e+02 
       2.795531670261e-05       3.355930636009e+02 
       3.794857284474e-05       4.505735611944e+02 
       4.799464795472e-05       5.650431113043e+02 
       5.810986579511e-05       6.794083607135e+02 
       6.831087998549e-05       7.939937716163e+02 
       7.861476346671e-05       9.090808512260e+02 
       8.903910104816e-05       1.024927273946e+03 
       9.960208576256e-05       1.141777606401e+03 
       1.103226197607e-04       1.259870005111e+03 
       1.212204204863e-04       1.379440800532e+03 
       1.323161328746e-04       1.500727896956e+03 
       1.436314483177e-04       1.623973477674e+03 
       1.551892311236e-04       1.749426283256e+03 
       1.670136531707e-04       1.877343646586e+03 
       1.791303374080e-04       2.007993363607e+03 
       1.915665107696e-04       2.141655482084e+03 
       2.043511669539e-04       2.278624045278e+03 
       2.175152393408e-04       2.419208811081e+03 
       2.310917840800e-04       2.563736965765e+03 
       2.451161730514e-04       2.712554833603e+03 
       2.596262959596e-04       2.866029581264e+03 
       2.746627702457e-04       3.024550889280e+03 
       2.902691567586e-04       3.188532584462e+03 
       3.064921781847e-04       3.358414172744e+03 
       3.233819360610e-04       3.534662245369e+03 
       3.409921207563e-04       3.717771668521e+03 
       3.593802070753e-04       3.908266479858e+03 
       3.786076260986e-04       4.106700393060e+03 
       3.987399015405e-04       4.313656757289e+03 
       4.198467363095e-04       4.529747830096e+03 
       4.420020322063e-04       4.755613178334e+03 
       4.652838229331e-04       4.991916987307e+03 
       4.897740980930e-04       5.239344068429e+03 
       5.155584939622e-04       5.498594295015e+03 
       5.427258260208e-04       5.770375296749e+03 
       5.713674391044e-04       6.055393134978e+03 
       6.015763542509e-04       6.354340893945e+03 
       6.334461975377e-04       6.667885096961e+03 
       6.670699059687e-04       6.996650145027e+03 
       7.025382190504e-04       7.341200991931e+03 
       7.399379818654e-04       7.702024669930e+03 
       7.793503053074e-04       8.079511394867e+03 
       8.208486500002e-04       8.473936051944e+03 
       8.644969197837e-04       8.885441426822e+03 
       9.103476654871e-04       9.314023678065e+03 
       9.584405068746e-04       9.759521238335e+03 
       1.008800877574e-03       1.022160804680e+04 
       1.061439183157e-03       1.069979085145e+04 
       1.072483128768e-03       1.079949629777e+04 
       1.116350436862e-03       1.119341214161e+04 
       1.173514403223e-03       1.170165830017e+04 
       1.232896241352e-03       1.222357369447e+04 
       1.294447601936e-03       1.275808083760e+04 
       1.358108100175e-03       1.330400547552e+04 
       1.423807064833e-03       1.386010372270e+04 
       1.491465453149e-03       1.442508964304e+04 
       1.560997822702e-03       1.499765857472e+04 
       1.632314262396e-03       1.557650613871e+04 
       1.705322202710e-03       1.616034406300e+04 
       1.779928046787e-03       1.674791305932e+04 
       1.856038585803e-03       1.733799536326e+04 
       1.933562181946e-03       1.792942986134e+04 
       2.012409718799e-03       1.852112139542e+04 
       2.092495331292e-03       1.911205040049e+04 
       2.173736935682e-03       1.970127362926e+04 
       2.256056584747e-03       2.028792680159e+04 
       2.339380675166e-03       2.087122117795e+04 
       2.423640033730e-03       2.145044474279e+04 
       2.508769907240e-03       2.202495678545e+04 
       2.594709878323e-03       2.259418477388e+04 
       2.681403726373e-03       2.315761361806e+04 
       2.768799249735e-03       2.371477856305e+04 
       2.856848062322e-03       2.426526585694e+04 
       2.945505375205e-03       2.480870881777e+04 
       3.034729771363e-03       2.534479718538e+04 
       3.124482979861e-03       2.587325505457e+04 
       3.214729654051e-03       2.639386671914e+04 
       3.305437157091e-03       2.690643709995e+04 
       3.396575357037e-03       2.741081186760e+04 
       3.488116432894e-03       2.790686198565e+04 
       3.580034692457e-03       2.839447463863e+04 
       3.672306402225e-03       2.887356538511e+04 
       3.764909629376e-03       2.934405680535e+04 
       3.857824095512e-03       2.980590319751e+04 
       3.951031041736e-03       3.025907161797e+04 
       4.044513104485e-03       3.070353679184e+04 
       4.138254201498e-03       3.113931917931e+04 
       4.232239427261e-03       3.156642549433e+04 
       4.326454957242e-03       3.198488924217e+04 
       4.420887960284e-03       3.239473784467e+04 
       4.515526518479e-03       3.279600672663e+04 
       4.610359553953e-03       3.318873722788e+04 
       4.705376761949e-03       3.357298213939e+04 
       4.800568549696e-03       3.394879711838e+04 
       4.895925980552e-03       3.431624626465e+04 
       4.991440722952e-03       3.467541175628e+04 
       5.087105003751e-03       3.502636173114e+04 
       5.182911565553e-03       3.536917794916e+04 
       5.278853627679e-03       3.570394744509e+04 
       5.374924850450e-03       3.603073323272e+04 
       5.471119302468e-03       3.634963330945e+04 
       5.567431430657e-03       3.666071762847e+04 
       5.663856032782e-03       3.696407506499e+04 
       5.760388232250e-03       3.725979079938e+04 
       5.857023454974e-03       3.754796353477e+04 
       5.953757408127e-03       3.782867530433e+04 
       6.050586060610e-03       3.810204424129e+04 
       6.147505625087e-03       3.836813935600e+04 
       6.244512541451e-03       3.862706240773e+04 
       6.341603461591e-03       3.887888488657e+04 
       6.438775235358e-03       3.912370760082e+04 
       6.536024897612e-03       3.936160175389e+04 
       6.633349656274e-03       3.959286206274e+04 
       6.730746881282e-03       3.981732453558e+04 
       6.828214094389e-03       4.003500006834e+04 
       6.925748959723e-03       4.024604216064e+04 
       7.023349275051e-03       4.045061010015e+04 
       7.121012963686e-03       4.064888382386e+04 
       7.218738066990e-03       4.084099396925e+04 
       7.316522737415e-03       4.102698776731e+04 
       7.414365232052e-03       4.120689153972e+04 
       7.512263906638e-03       4.138072274907e+04 
       7.610217209981e-03       4.154850779197e+04 
       7.708223678793e-03       4.171035717148e+04 
       7.806281932865e-03       4.186638468822e+04 
       7.904390670592e-03       4.201674255750e+04 
       8.002548664795e-03       4.216156262507e+04 
       8.100754758836e-03       4.230093393173e+04 
       8.199007862992e-03       4.243492780352e+04 
       8.297306951075e-03       4.256354542514e+04 
       8.395651057279e-03       4.268680294419e+04 
       8.494039273238e-03       4.280476723665e+04 
       8.592470745275e-03       4.291750281813e+04 
       8.690944671840e-03       4.302512796421e+04 
       8.789460301109e-03       4.312781420759e+04 
       8.888016928741e-03       4.322563670718e+04 
       8.986613895789e-03       4.331868890364e+04 
       9.085250586731e-03       4.340699127455e+04 
       9.183926427650e-03       4.349058557217e+04 
       9.282640884508e-03       4.356950128461e+04 
       9.381393461552e-03       4.364374928299e+04 
       9.480183699808e-03       4.371345736688e+04 
       9.579011175682e-03       4.377871853727e+04 
       9.677875499646e-03       4.383965411753e+04 
       9.776776315010e-03       4.389633492457e+04 
       9.875713296772e-03       4.394884070844e+04 
       9.974686150551e-03       4.399720677286e+04 
       1.007369461157e-02       4.404143646107e+04 
       1.017273844375e-02       4.408156847729e+04 
       1.027181743879e-02       4.411763931896e+04 
       1.037093141537e-02       4.414974410833e+04 
       1.047008021843e-02       4.417799394197e+04 
       1.056926371837e-02       4.420247452023e+04 
       1.066848181049e-02       4.422326584404e+04 
       1.072483128768e-02       4.423346293120e+04 
       1.076773441430e-02       4.424042843773e+04 
       1.086702147300e-02       4.425395821575e+04 
       1.096634295290e-02       4.426388973340e+04 
       1.106569884298e-02       4.427024614994e+04 
       1.116508915443e-02       4.427309365895e+04 
       1.126451392021e-02       4.427250851905e+04 
       1.136397319468e-02       4.426858148729e+04 
       1.146346705326e-02       4.426140041564e+04 
       1.156299559209e-02       4.425101942615e+04 
       1.166255892777e-02       4.423746573271e+04 
       1.176215719706e-02       4.422079492008e+04 
       1.186179055671e-02       4.420098205205e+04 
       1.196145918316e-02       4.417807863639e+04 
       1.206116327243e-02       4.415215225730e+04 
       1.216090303993e-02       4.412328075657e+04 
       1.226067872034e-02       4.409152338671e+04 
       1.236049056746e-02       4.405696413755e+04 
       1.246033885417e-02       4.401964073531e+04 
       1.256022387229e-02       4.397961371367e+04 
       1.266014593259e-02       4.393688251843e+04 
       1.276010536473e-02       4.389142343809e+04 
       1.286010251723e-02       4.384336280316e+04 
       1.296013775750e-02       4.379265873110e+04 
       1.306021147186e-02       4.373946069105e+04 
       1.316032406555e-02       4.368380262335e+04 
       1.326047596282e-02       4.362574503047e+04 
       1.336066760699e-02       4.356537488395e+04 
       1.346089946054e-02       4.350263795981e+04 
       1.356117200522e-02       4.343755651604e+04 
       1.366148574215e-02       4.337022678840e+04 
       1.376184119200e-02       4.330062059549e+04 
       1.386223889512e-02       4.322881904815e+04 
       1.396267941168e-02       4.315490261020e+04 
       1.406316332191e-02       4.307890736096e+04 
       1.416369122627e-02       4.300093874488e+04 
       1.426426374567e-02       4.292088151814e+04 
       1.436488152169e-02       4.283890876253e+04 
       1.446554521684e-02       4.275494075437e+04 
       1.456625551481e-02       4.266906987870e+04 
       1.466701312076e-02       4.258128116437e+04 
       1.476781876160e-02       4.249167040181e+04 
       1.486867318628e-02       4.240029376939e+04 
       1.496957716616e-02       4.230719172362e+04 
       1.507053149530e-02       4.221237320164e+04 
       1.517153699083e-02       4.211589391113e+04 
       1.527259449333e-02       4.201778279106e+04 
       1.537370486720e-02       4.191800267505e+04 
       1.547486900107e-02       4.181669608335e+04 
       1.557608780821e-02       4.171373011119e+04 
       1.567736222699e-02       4.160931695542e+04 
       1.577869322128e-02       4.150344919235e+04 
       1.588008178097e-02       4.139610220090e+04 
       1.598152892246e-02       4.128745442876e+04 
       1.608303568910e-02       4.117738741198e+04 
       1.618460315180e-02       4.106593115931e+04 
       1.628623240951e-02       4.095313349858e+04 
       1.638792458979e-02       4.083910341850e+04 
       1.648968084943e-02       4.072377599780e+04 
       1.659150237500e-02       4.060727645886e+04 
       1.669339038352e-02       4.048951301248e+04 
       1.679534612307e-02       4.037067439963e+04 
       1.689737087345e-02       4.025066795002e+04 
       1.699946594690e-02       4.012958333419e+04 
       1.710163268879e-02       4.000742212512e+04 
       1.720387247834e-02       3.988421502304e+04 
       1.730618672941e-02       3.975988772134e+04 
       1.740857689126e-02       3.963462729490e+04 
       1.751104444935e-02       3.950843376099e+04 
       1.761359092622e-02       3.938132147989e+04 
       1.771621788228e-02       3.925346846003e+04 
       1.781892691677e-02       3.912444122679e+04 
       1.792171966864e-02       3.899463815568e+04 
       1.802459781749e-02       3.886400976467e+04 
       1.812756308460e-02       3.873258873621e+04 
       1.823061723387e-02       3.860034252427e+04 
       1.833376207294e-02       3.846741250270e+04 
       1.843699945421e-02       3.833378803125e+04 
       1.854033127596e-02       3.819934846882e+04 
       1.864375948354e-02       3.806438651244e+04 
       1.874728607052e-02       3.792863608822e+04 
       1.885091307993e-02       3.779224627828e+04 
       1.895464260553e-02       3.765527227068e+04 
       1.905847679309e-02       3.751771441370e+04 
       1.916241784181e-02       3.737963155353e+04 
       1.926646800562e-02       3.724092359498e+04 
       1.937062959473e-02       3.710166360770e+04 
       1.947490497703e-02       3.696206892080e+04 
       1.957929657969e-02       3.682187615268e+04 
       1.968380689075e-02       3.668125576226e+04 
       1.978843846073e-02       3.654012299509e+04 
       1.989319390439e-02       3.639863005075e+04 
       1.999807590245e-02       3.625669739240e+04 
       2.010308720343e-02       3.611444086660e+04 
       2.020823062557e-02       3.597182777776e+04 
       2.031350905871e-02       3.582877317183e+04 
       2.041892546640e-02       3.568555435460e+04 
       2.052448288792e-02       3.554193454875e+04 
       2.063018444051e-02       3.539802356418e+04 
       2.073603332157e-02       3.525387369674e+04 
       2.084203281100e-02       3.510943084921e+04 
       2.094818627365e-02       3.496468342569e+04 
       2.105449716174e-02       3.481984002948e+04 
       2.116096901752e-02       3.467477163881e+04 
       2.126760547593e-02       3.452956849590e+04 
       2.137441026739e-02       3.438410276298e+04 
       2.148138722068e-02       3.423853656315e+04 
       2.158854026595e-02       3.409279441269e+04 
       2.169587343784e-02       3.394690833559e+04 
       2.180339087868e-02       3.380093963453e+04 
       2.191109684188e-02       3.365487649474e+04 
       2.201899569540e-02       3.350870873706e+04 
       2.212709192539e-02       3.336262921188e+04 
       2.223539013991e-02       3.321633405097e+04 
       2.234389507290e-02       3.307001548763e+04 
       2.245261158821e-02       3.292373752860e+04 
       2.256154468385e-02       3.277745997646e+04 
       2.267069949639e-02       3.263108385556e+04 
       2.278008130557e-02       3.248476234106e+04 
       2.288969553903e-02       3.233849923141e+04 
       2.299954777733e-02       3.219224566210e+04 
       2.310964375908e-02       3.204597085140e+04 
       2.321998938642e-02       3.189993850588e+04 
       2.333059073056e-02       3.175376800774e+04 
       2.344145403772e-02       3.160781204675e+04 
       2.355258573524e-02       3.146191950583e+04 
       2.366399243796e-02       3.131612386781e+04 
       2.377568095491e-02       3.117042990931e+04 
       2.388765829629e-02       3.102482548963e+04 
       2.399993168077e-02       3.087950254617e+04 
       2.411250854307e-02       3.073418185266e+04 
       2.422539654196e-02       3.058902080045e+04 
       2.433860356859e-02       3.044402038310e+04 
       2.445213775520e-02       3.029919237713e+04 
       2.456600748427e-02       3.015453686562e+04 
       2.468022139806e-02       3.001004846540e+04 
       2.479478840868e-02       2.986574131221e+04 
       2.490971770854e-02       2.972173142008e+04 
       2.502501878140e-02       2.957781031622e+04 
       2.514070141396e-02       2.943409493214e+04 
       2.525677570795e-02       2.929066665235e+04 
       2.537325209291e-02       2.914737090189e+04 
       2.549014133959e-02       2.900449068400e+04 
       2.560745457402e-02       2.886169024767e+04 
       2.572520329234e-02       2.871906842552e+04 
       2.584339937636e-02       2.857675070839e+04 
       2.596205511003e-02       2.843475586870e+04 
       2.608118319667e-02       2.829295568194e+04 
       2.620079677725e-02       2.815138812954e+04 
       2.632090944957e-02       2.801012061642e+04 
       2.644153528857e-02       2.786919184371e+04 
       2.656268886774e-02       2.772835091319e+04 
       2.668438528172e-02       2.758791267863e+04 
       2.680664017026e-02       2.744772184225e+04 
       2.692946974346e-02       2.730773895045e+04 
       2.705289080857e-02       2.716814771920e+04 
       2.717692079836e-02       2.702874799527e+04 
       2.730157780110e-02       2.688957696956e+04 
       2.742688059249e-02       2.675076942656e+04 
       2.755284866939e-02       2.661227785930e+04 
       2.767950228580e-02       2.647405906667e+04 
       2.780686249094e-02       2.633605936849e+04 
       2.793495116984e-02       2.619836494776e+04 
       2.806379108652e-02       2.606105559428e+04 
       2.819340592993e-02       2.592390780056e+04 
       2.832382036298e-02       2.578711580948e+04 
       2.845506007482e-02       2.565061741226e+04 
       2.858715183659e-02       2.551434981196e+04 
       2.872012356109e-02       2.537837791856e+04 
       2.885400436650e-02       2.524273693536e+04 
       2.898882464463e-02       2.510747289497e+04 
       2.912461613400e-02       2.497216551222e+04 
       2.926141199827e-02       2.483735728258e+04 
       2.939924691029e-02       2.470273423237e+04 
       2.953815714251e-02       2.456840439304e+04 
       2.967818066417e-02       2.443429366479e+04 
       2.981935724591e-02       2.430050591182e+04 
       2.996172857251e-02       2.416687287319e+04 
       3.010533836449e-02       2.403360902627e+04 
       3.025023250948e-02       2.390051227504e+04 
       3.039645920424e-02       2.376761508510e+04 
       3.054406910836e-02       2.363493453874e+04 
       3.069311551090e-02       2.350258874005e+04 
       3.084365451118e-02       2.337033332750e+04 
       3.099574521522e-02       2.323839973083e+04 
       3.114944994949e-02       2.310654699392e+04 
       3.130483449372e-02       2.297488665342e+04 
       3.146196833501e-02       2.284338704362e+04 
       3.162092494534e-02       2.271212531623e+04 
       3.178178208528e-02       2.258093632702e+04 
       3.194462213687e-02       2.244993830314e+04 
       3.210953246892e-02       2.231902733556e+04 
       3.227660583871e-02       2.218821853365e+04 
       3.244594083441e-02       2.205750658313e+04 
       3.261764236309e-02       2.192692452660e+04 
       3.279182219027e-02       2.179628559486e+04 
       3.296859953727e-02       2.166583058693e+04 
       3.314810174411e-02       2.153536064256e+04 
       3.333046500643e-02       2.140487575238e+04 
       3.351583519656e-02       2.127432576279e+04 
       3.370436878034e-02       2.114377910117e+04 
       3.389623384307e-02       2.101328234748e+04 
       3.409161124033e-02       2.088257232368e+04 
       3.429069589206e-02       2.075179968039e+04 
       3.449369824139e-02       2.062076163319e+04 
       3.470084590345e-02       2.048966112777e+04 
       3.491238553415e-02       2.035834207643e+04 
       3.512858495416e-02       2.022676364139e+04 
       3.534973557020e-02       2.009485022954e+04 
       3.557615514375e-02       1.996265114205e+04 
       3.580819096709e-02       1.983003181709e+04 
       3.604622351893e-02       1.969709213518e+04 
       3.629067068657e-02       1.956354904085e+04 
       3.654199266004e-02       1.942952784691e+04 
       3.680069762652e-02       1.929489685737e+04 
       3.706734842189e-02       1.915956111516e+04 
       3.734257033169e-02       1.902352487940e+04 
       3.762706027869e-02       1.888656824009e+04 
       3.792159769073e-02       1.874869369161e+04 
       3.822705741365e-02       1.860972783606e+04 
       3.854442512508e-02       1.846964419923e+04 
       3.887481582005e-02       1.832826747803e+04 
       3.921949608648e-02       1.818523359572e+04 
       3.957991107594e-02       1.804064260250e+04 
       3.995771731366e-02       1.789411935911e+04 
       4.035482279308e-02       1.774544695002e+04 
       4.077343617828e-02       1.759428997219e+04 
       4.121612740155e-02       1.744035193416e+04 
       4.168590249572e-02       1.728307643153e+04 
       4.218629611761e-02       1.712198571316e+04 
       4.272148582388e-02       1.695641204120e+04 
       4.329643256117e-02       1.678548693732e+04 
       4.391705160614e-02       1.660800060479e+04 
       4.459041646705e-02       1.642263668845e+04 
       4.532499333879e-02       1.622746292674e+04 
       4.613089245166e-02       1.602004683428e+04 
       4.702009972076e-02       1.579691286377e+04 
       4.800660953209e-02       1.555360679440e+04 
       4.910630883079e-02       1.528412446447e+04 
       5.033636495449e-02       1.498060034637e+04 
       5.171378278752e-02       1.463319751380e+04 
       5.325284205583e-02       1.423058780969e+04 
       5.496152099951e-02       1.376160367571e+04 
       5.683788842739e-02       1.321826238227e+04 
       5.886835772928e-02       1.259977057096e+04 
       6.102945540303e-02       1.191576510766e+04 
       6.329275809478e-02       1.118660370325e+04 
       6.563052083129e-02       1.044025879556e+04 
       6.801949839710e-02       9.707206103264e+03 
       7.044223268557e-02       9.015374665682e+03 
       7.288656914948e-02       8.386580035177e+03 
       7.534446341015e-02       7.834817446321e+03 
       7.781076295305e-02       7.366114868405e+03 
       8.028223511982e-02       6.979307551964e+03 
       8.275687761060e-02       6.667565461398e+03 
       8.523345985971e-02       6.419768823640e+03 
       8.771122909211e-02       6.222012962408e+03 
       9.018972601190e-02       6.059057122544e+03 
       9.266867073694e-02       5.915601075211e+03 
       9.514789275968e-02       5.777569603428e+03 
       9.762728814393e-02       5.633254049931e+03 
       1.001067934404e-01       5.474245527214e+03 
       1.025863698170e-01       5.295946142672e+03 
       1.050659934133e-01       5.097663705382e+03 
       1.072483128768e-01       4.908759139505e+03 
       1.075456494802e-01       4.882171541132e+03 
       1.100253288204e-01       4.654916438830e+03 
       1.125050256261e-01       4.422965698250e+03 
       1.149847361641e-01       4.193931273693e+03 
       1.174644579777e-01       3.974961279734e+03 
       1.199441893991e-01       3.772029649985e+03 
       1.224239292534e-01       3.589434789327e+03 
       1.249036766771e-01       3.429589632472e+03 
       1.273834310070e-01       3.293046094744e+03 
       1.298631917117e-01       3.178678612728e+03 
       1.323429583493e-01       3.083988959158e+03 
       1.348227305406e-01       3.005458069064e+03 
       1.373025079523e-01       2.938962701800e+03 
       1.397822902859e-01       2.880181726327e+03 
       1.422620772710e-01       2.825709519114e+03 
       1.447418686597e-01       2.770740551644e+03 
       1.472216642236e-01       2.712316689975e+03 
       1.497014637511e-01       2.648518225127e+03 
       1.521812670453e-01       2.578536008574e+03 
       1.546610739227e-01       2.502614558178e+03 
       1.571408842118e-01       2.421859960105e+03 
       1.596206977520e-01       2.338010714879e+03 
       1.621005143928e-01       2.253151176377e+03 
       1.645803339929e-01       2.169444261906e+03 
       1.670601564194e-01       2.088898939854e+03 
       1.695399815474e-01       2.013180198078e+03 
       1.720198092592e-01       1.943512328830e+03 
       1.744996394438e-01       1.880616278658e+03 
       1.769794719966e-01       1.824686943993e+03 
       1.794593068187e-01       1.775472493514e+03 
       1.819391438167e-01       1.732327202014e+03 
       1.844189829023e-01       1.694280006860e+03 
       1.868988239918e-01       1.660175068896e+03 
       1.893786670059e-01       1.628755092071e+03 
       1.918585118696e-01       1.598789896875e+03 
       1.943383585115e-01       1.569173163983e+03 
       1.968182068642e-01       1.539005797605e+03 
       1.992980568633e-01       1.507658795951e+03 
       2.017779084477e-01       1.474809254574e+03 
       2.042577615594e-01       1.440428450617e+03 
       2.067376161430e-01       1.404752858087e+03 
       2.092174721460e-01       1.368228699551e+03 
       2.116973295181e-01       1.331434505237e+03 
       2.141771882116e-01       1.295005426432e+03 
       2.166570481808e-01       1.259556677226e+03 
       2.191369093821e-01       1.225619434356e+03 
       2.216167717739e-01       1.193612061017e+03 
       2.240966353166e-01       1.163784548985e+03 
       2.265764999721e-01       1.136247525550e+03 
       2.290563657041e-01       1.110954576574e+03 
       2.315362324778e-01       1.087727318786e+03 
       2.340161002599e-01       1.066302179100e+03 
       2.364959690185e-01       1.046323092619e+03 
       2.389758387232e-01       1.027439229068e+03 
       2.414557093445e-01       1.009279478783e+03 
       2.439355808544e-01       9.915125042108e+02 
       2.464154532259e-01       9.738609295083e+02 
       2.488953264331e-01       9.561183192678e+02 
       2.513752004513e-01       9.381701487646e+02 
       2.538550752564e-01       9.199854649859e+02 
       2.563349508256e-01       9.015847476023e+02 
       2.588148271368e-01       8.830611695739e+02 
       2.612947041688e-01       8.645580523694e+02 
       2.637745819011e-01       8.462443409660e+02 
       2.662544603141e-01       8.282986280358e+02 
       2.687343393888e-01       8.108809503753e+02 
       2.712142191071e-01       7.941217367412e+02 
       2.736940994513e-01       7.781112756488e+02 
       2.761739804045e-01       7.628949484584e+02 
       2.786538619503e-01       7.484732323986e+02 
       2.811337440731e-01       7.348055882557e+02 
       2.836136267577e-01       7.218253937792e+02 
       2.860935099892e-01       7.094391285493e+02 
       2.885733937537e-01       6.975416766502e+02 
       2.910532780374e-01       6.860276067155e+02 
       2.935331628271e-01       6.747951926049e+02 
       2.960130481100e-01       6.637545483625e+02 
       2.984929338738e-01       6.528427121560e+02 
       3.009728201065e-01       6.420126256772e+02 
       3.034527067967e-01       6.312420553705e+02 
       3.059325939331e-01       6.205306504545e+02 
       3.084124815049e-01       6.098942663747e+02 
       3.108923695016e-01       5.993615816955e+02 
       3.133722579133e-01       5.889649355937e+02 
       3.158521467299e-01       5.787463389025e+02 
       3.183320359421e-01       5.687380430878e+02 
       3.208119255406e-01       5.589775557361e+02 
       3.232918155165e-01       5.494903623232e+02 
       3.257717058611e-01       5.402931989742e+02 
       3.282515965661e-01       5.313996413492e+02 
       3.307314876233e-01       5.228049176079e+02 
       3.332113790249e-01       5.145032323990e+02 
       3.356912707631e-01       5.064750151238e+02 
       3.381711628305e-01       4.986994853389e+02 
       3.406510552200e-01       4.911480158594e+02 
       3.431309479245e-01       4.837930456003e+02 
       3.456108409372e-01       4.766043742410e+02 
       3.480907342514e-01       4.695573946738e+02 
       3.505706278609e-01       4.626279221983e+02 
       3.530505217593e-01       4.557982962983e+02 
       3.555304159405e-01       4.490589270237e+02 
       3.580103103987e-01       4.424025852709e+02 
       3.604902051281e-01       4.358305691818e+02 
       3.629701001232e-01       4.293491245388e+02 
       3.654499953785e-01       4.229665342836e+02 
       3.679298908888e-01       4.166925227881e+02 
       3.704097866489e-01       4.105422080641e+02 
       3.728896826537e-01       4.045221326846e+02 
       3.753695788986e-01       3.986426043589e+02 
       3.778494753786e-01       3.929065822313e+02 
       3.803293720892e-01       3.873155971985e+02 
       3.828092690259e-01       3.818688936483e+02 
       3.852891661843e-01       3.765586874491e+02 
       3.877690635601e-01       3.713775072118e+02 
       3.902489611492e-01       3.663159357965e+02 
       3.927288589476e-01       3.613625045861e+02 
       3.952087569512e-01       3.565081334614e+02 
       3.976886551563e-01       3.517409742841e+02 
       4.001685535590e-01       3.470555780503e+02 
       4.026484521557e-01       3.424439647298e+02 
       4.051283509429e-01       3.379034395695e+02 
       4.076082499170e-01       3.334321762000e+02 
       4.100881490747e-01       3.290292845072e+02 
       4.125680484126e-01       3.246944509982e+02 
       4.150479479275e-01       3.204298141045e+02 
       4.175278476162e-01       3.162363179301e+02 
       4.200077474756e-01       3.121165971475e+02 
       4.224876475028e-01       3.080711605767e+02 
       4.249675476947e-01       3.041009339181e+02 
       4.274474480485e-01       3.002053142556e+02 
       4.299273485614e-01       2.963874011823e+02 
       4.324072492307e-01       2.926426192471e+02 
       4.348871500536e-01       2.889717403130e+02 
       4.373670510276e-01       2.853720795949e+02 
       4.398469521501e-01       2.818412238240e+02 
       4.423268534185e-01       2.783762644988e+02 
       4.448067548304e-01       2.749744949830e+02 
       4.472866563835e-01       2.716318722482e+02 
       4.497665580754e-01       2.683465885415e+02 
       4.522464599037e-01       2.651141030787e+02 
       4.547263618664e-01       2.619359651916e+02 
       4.572062639611e-01       2.588058456721e+02 
       4.596861661857e-01       2.557234802164e+02 
       4.621660685382e-01       2.526878843375e+02 
       4.646459710164e-01       2.496991805565e+02 
       4.671258736185e-01       2.467562323939e+02 
       4.696057763423e-01       2.438591874017e+02 
       4.720856791860e-01       2.410080803621e+02 
       4.745655821477e-01       2.382046723244e+02 
       4.770454852255e-01       2.354467064918e+02 
       4.795253884177e-01       2.327344827874e+02 
       4.820052917225e-01       2.300677993363e+02 
       4.844851951381e-01       2.274457812950e+02 
       4.869650986629e-01       2.248676912063e+02 
       4.894450022951e-01       2.223326817569e+02 
       4.919249060332e-01       2.198386448999e+02 
       4.944048098755e-01       2.173855478490e+02 
       4.968847138206e-01       2.149714060471e+02 
       4.993646178668e-01       2.125946476129e+02 
       5.018445220126e-01       2.102543347977e+02 
       5.043244262566e-01       2.079501853135e+02 
       5.068043305974e-01       2.056801335524e+02 
       5.092842350335e-01       2.034427787027e+02 
       5.117641395635e-01       2.012405082965e+02 
       5.142440441861e-01       1.990693419111e+02 
       5.167239488999e-01       1.969297377726e+02 
       5.192038537036e-01       1.948219852358e+02 
       5.216837585959e-01       1.927444592779e+02 
       5.241636635757e-01       1.906982213543e+02 
       5.266435686415e-01       1.886818457763e+02 
       5.291234737923e-01       1.866950991079e+02 
       5.316033790269e-01       1.847373191187e+02 
       5.340832843439e-01       1.828101721965e+02 
       5.365631897424e-01       1.809113135961e+02 
       5.390430952212e-01       1.790399281856e+02 
       5.415230007792e-01       1.771964777240e+02 
       5.440029064153e-01       1.753792701766e+02 
       5.464828121284e-01       1.735893836890e+02 
       5.489627179175e-01       1.718244515545e+02 
       5.514426237815e-01       1.700850619666e+02 
       5.539225297195e-01       1.683698598990e+02 
       5.564024357305e-01       1.666790278464e+02 
       5.588823418134e-01       1.650114847507e+02 
       5.613622479674e-01       1.633665513192e+02 
       5.638421541915e-01       1.617458331627e+02 
       5.663220604847e-01       1.601462288518e+02 
       5.688019668462e-01       1.585683722521e+02 
       5.712818732750e-01       1.570123654927e+02 
       5.737617797704e-01       1.554777446475e+02 
       5.762416863314e-01       1.539643182295e+02 
       5.787215929571e-01       1.524704200387e+02 
       5.812014996469e-01       1.509976450571e+02 
       5.836814063998e-01       1.495446226003e+02 
       5.861613132150e-01       1.481106063227e+02 
       5.886412200917e-01       1.466963332782e+02 
       5.911211270292e-01       1.453009943843e+02 
       5.936010340268e-01       1.439240396118e+02 
       5.960809410836e-01       1.425657625415e+02 
       5.985608481989e-01       1.412253532131e+02 
       6.010407553720e-01       1.399026245422e+02 
       6.035206626022e-01       1.385969731252e+02 
       6.060005698888e-01       1.373081882702e+02 
       6.084804772310e-01       1.360355321345e+02 
       6.109603846283e-01       1.347809428608e+02 
       6.134402920799e-01       1.335413502702e+02 
       6.159201995852e-01       1.323176495129e+02 
       6.184001071435e-01       1.311097610457e+02 
       6.208800147542e-01       1.299171758356e+02 
       6.233599224167e-01       1.287391905062e+02 
       6.258398301303e-01       1.275770627100e+02 
       6.283197378945e-01       1.264287420148e+02 
       6.307996457086e-01       1.252945095069e+02 
       6.332795535721e-01       1.241754246181e+02 
       6.357594614844e-01       1.230692583143e+02 
       6.382393694449e-01       1.219779988351e+02 
       6.407192774530e-01       1.208990886717e+02 
       6.431991855083e-01       1.198342888738e+02 
       6.456790936101e-01       1.187824982993e+02 
       6.481590017579e-01       1.177429577764e+02 
       6.506389099512e-01       1.167170546828e+02 
       6.531188181895e-01       1.157032412951e+02 
       6.555987264723e-01       1.147017650225e+02 
       6.580786347990e-01       1.137120195992e+02 
       6.605585431692e-01       1.127340488879e+02 
       6.630384515823e-01       1.117685983359e+02 
       6.655183600380e-01       1.108137712961e+02 
       6.679982685357e-01       1.098707889624e+02 
       6.704781770749e-01       1.089387469230e+02 
       6.729580856552e-01       1.080179123996e+02 
       6.754379942762e-01       1.071077662958e+02 
       6.779179029373e-01       1.062080783835e+02 
       6.803978116382e-01       1.053191924485e+02 
       6.828777203784e-01       1.044410270995e+02 
       6.853576291575e-01       1.035727149880e+02 
       6.878375379751e-01       1.027138387005e+02 
       6.903174468307e-01       1.018659604158e+02 
       6.927973557240e-01       1.010272848994e+02 
       6.952772646545e-01       1.001978220764e+02 
       6.977571736219e-01       9.937904422492e+01 
       7.002370826257e-01       9.856821935779e+01 
       7.027169916656e-01       9.776761495318e+01 
       7.051969007411e-01       9.697573856496e+01 
       7.076768098520e-01       9.619247366901e+01 
       7.101567189978e-01       9.541850761888e+01 
       7.126366281782e-01       9.465347415804e+01 
       7.151165373927e-01       9.389695607473e+01 
       7.175964466412e-01       9.314815548332e+01 
       7.200763559231e-01       9.240780745630e+01 
       7.225562652382e-01       9.167640551232e+01 
       7.250361745862e-01       9.095213839982e+01 
       7.275160839666e-01       9.023699640924e+01 
       7.299959933791e-01       8.952824180191e+01 
       7.324759028235e-01       8.882838066367e+01 
       7.349558122994e-01       8.813595635599e+01 
       7.374357218065e-01       8.745086211585e+01 
       7.399156313444e-01       8.677301758613e+01 
       7.423955409129e-01       8.610209116443e+01 
       7.448754505116e-01       8.543920221811e+01 
       7.473553601403e-01       8.478343243832e+01 
       7.498352697987e-01       8.413443105020e+01 
       7.523151794864e-01       8.349213851440e+01 
       7.547950892032e-01       8.285705846899e+01 
       7.572749989488e-01       8.222840121829e+01 
       7.597549087228e-01       8.160658729208e+01 
       7.622348185251e-01       8.099170635998e+01 
       7.647147283554e-01       8.038259507454e+01 
       7.671946382133e-01       7.978026497244e+01 
       7.696745480986e-01       7.918386492717e+01 
       7.721544580111e-01       7.859422506103e+01 
       7.746343679505e-01       7.801035980379e+01 
       7.771142779165e-01       7.743266649172e+01 
       7.795941879088e-01       7.686105075620e+01 
       7.820740979273e-01       7.629484277237e+01 
       7.845540079716e-01       7.573475540245e+01 
       7.870339180416e-01       7.518038012916e+01 
       7.895138281370e-01       7.463174124609e+01 
       7.919937382575e-01       7.408850711185e+01 
       7.944736484029e-01       7.355093488549e+01 
       7.969535585730e-01       7.301876974595e+01 
       7.994334687675e-01       7.249166234987e+01 
       8.019133789863e-01       7.197025821996e+01 
       8.043932892291e-01       7.145415804092e+01 
       8.068731994956e-01       7.094280173324e+01 
       8.093531097857e-01       7.043668140145e+01 
       8.118330200991e-01       6.993591127474e+01 
       8.143129304357e-01       6.943966549185e+01 
       8.167928407951e-01       6.894841787531e+01 
       8.192727511773e-01       6.846181790861e+01 
       8.217526615820e-01       6.798044450216e+01 
       8.242325720090e-01       6.750320043665e+01 
       8.267124824580e-01       6.703119134241e+01 
       8.291923929290e-01       6.656361107331e+01 
       8.316723034217e-01       6.610046045587e+01 
       8.341522139358e-01       6.564169529466e+01 
       8.366321244713e-01       6.518756483247e+01 
       8.391120350279e-01       6.473766943035e+01 
       8.415919456055e-01       6.429219220429e+01 
       8.440718562038e-01       6.385084117045e+01 
       8.465517668227e-01       6.341388439144e+01 
       8.490316774620e-01       6.298082556565e+01 
       8.515115881215e-01       6.255208078883e+01 
       8.539914988010e-01       6.212759818310e+01 
       8.564714095004e-01       6.170679967305e+01 
       8.589513202195e-01       6.129008340039e+01 
       8.614312309581e-01       6.087711038632e+01 
       8.639111417160e-01       6.046841424017e+01 
       8.663910524931e-01       6.006302438900e+01 
       8.688709632893e-01       5.966197415100e+01 
       8.713508741043e-01       5.926423578833e+01 
       8.738307849380e-01       5.887044111928e+01 
       8.763106957903e-01       5.847971209718e+01 
       8.787906066609e-01       5.809342689160e+01 
       8.812705175498e-01       5.771029704534e+01 
       8.837504284567e-01       5.733061523476e+01 
       8.862303393815e-01       5.695443084810e+01 
       8.887102503242e-01       5.658165802549e+01 
       8.911901612844e-01       5.621258037398e+01 
       8.936700722621e-01       5.584684201494e+01 
       8.961499832572e-01       5.548379210736e+01 
       8.986298942694e-01       5.512458116888e+01 
       9.011098052987e-01       5.476849003423e+01 
       9.035897163449e-01       5.441527928394e+01 
       9.060696274078e-01       5.406560983987e+01 
       9.085495384874e-01       5.371929110186e+01 
       9.110294495834e-01       5.337550555936e+01 
       9.135093606958e-01       5.303524569634e+01 
       9.159892718245e-01       5.269746322053e+01 
       9.184691829692e-01       5.236311903470e+01 
       9.209490941299e-01       5.203189271318e+01 
       9.234290053064e-01       5.170318720521e+01 
       9.259089164987e-01       5.137760866242e+01 
       9.283888277065e-01       5.105476571603e+01 
       9.308687389297e-01       5.073469238163e+01 
       9.333486501683e-01       5.041734381711e+01 
       9.358285614221e-01       5.010282537262e+01 
       9.383084726910e-01       4.979123119926e+01 
       9.407883839749e-01       4.948223261156e+01 
       9.432682952736e-01       4.917584596882e+01 
       9.457482065870e-01       4.887208464096e+01 
       9.482281179151e-01       4.857095738774e+01 
       9.507080292577e-01       4.827249336681e+01 
       9.531879406146e-01       4.797668896837e+01 
       9.556678519859e-01       4.768301414759e+01 
       9.581477633713e-01       4.739235804352e+01 
       9.606276747707e-01       4.710385226665e+01 
       9.631075861841e-01       4.681808119847e+01 
       9.655874976114e-01       4.653436553387e+01 
       9.680674090524e-01       4.625312275362e+01 
       9.705473205070e-01       4.597415837970e+01 
       9.730272319751e-01       4.569730928176e+01 
       9.755071434567e-01       4.542361642037e+01 
       9.779870549515e-01       4.515161147964e+01 
       9.804669664596e-01       4.488185041357e+01 
       9.829468779808e-01       4.461456570129e+01 
       9.854267895151e-01       4.434950444081e+01 
       9.879067010622e-01       4.408646452107e+01 
       9.903866126222e-01       4.382534366931e+01 
       9.928665241949e-01       4.356685461882e+01 
       9.953464357802e-01       4.331020545611e+01 
       9.978263473781e-01       4.305566682183e+01 
       1.000306258988e+00       4.280334737437e+01 
       1.002786170611e+00       4.255296584474e+01 
       1.005266082246e+00       4.230468997380e+01 
       1.007745993893e+00       4.205831302726e+01 
       1.010225905552e+00       4.181443949336e+01 
       1.012705817223e+00       4.157194693086e+01 
       1.015185728906e+00       4.133135944926e+01 
       1.017665640601e+00       4.109314404010e+01 
       1.020145552308e+00       4.085641892339e+01 
       1.022625464026e+00       4.062200077127e+01 
       1.025105375756e+00       4.038918616191e+01 
       1.027585287497e+00       4.015828987162e+01 
       1.030065199250e+00       3.992911230970e+01 
       1.032545111014e+00       3.970184901111e+01 
       1.035025022789e+00       3.947648587424e+01 
       1.037504934576e+00       3.925273399936e+01 
       1.039984846373e+00       3.903091074813e+01 
       1.042464758181e+00       3.881061620750e+01 
       1.044944670001e+00       3.859226579278e+01 
       1.047424581831e+00       3.837565723028e+01 
       1.049904493672e+00       3.816027032796e+01 
       1.052384405524e+00       3.794718830172e+01 
       1.054864317386e+00       3.773525243764e+01 
       1.057344229259e+00       3.752506850336e+01 
       1.059824141142e+00       3.731690484448e+01 
       1.062304053035e+00       3.711013967081e+01 
       1.064783964939e+00       3.690471152511e+01 
       1.067263876853e+00       3.670112308511e+01 
       1.069743788778e+00       3.649882785298e+01 
       1.072223700712e+00       3.629839389020e+01 
       1.072483128768e+00       3.627741001399e+01 
       1.074703612656e+00       3.609947800945e+01 
       1.077183524611e+00       3.590183559053e+01 
       1.079663436575e+00       3.570581558284e+01 
       1.082143348549e+00       3.551112841362e+01 
       1.084623260533e+00       3.531811155519e+01 
       1.087103172527e+00       3.512666098903e+01 
       1.089583084530e+00       3.493654760714e+01 
       1.092062996542e+00       3.474762955585e+01 
       1.094542908565e+00       3.456025653997e+01 
       1.097022820596e+00       3.437459052363e+01 
       1.099502732637e+00       3.418993263990e+01 
       1.101982644688e+00       3.400687853302e+01 
       1.104462556747e+00       3.382533742520e+01 
       1.106942468816e+00       3.364464672314e+01 
       1.109422380894e+00       3.346530831584e+01 
       1.111902292980e+00       3.328765484970e+01 
       1.114382205076e+00       3.311134890052e+01 
       1.116862117181e+00       3.293609139411e+01 
       1.119342029295e+00       3.276233684732e+01 
       1.121821941417e+00       3.258978292077e+01 
       1.124301853548e+00       3.241842768050e+01 
       1.126781765688e+00       3.224857469862e+01 
       1.129261677837e+00       3.207966292707e+01 
       1.131741589994e+00       3.191233234525e+01 
       1.134221502160e+00       3.174572066981e+01 
       1.136701414334e+00       3.158057704332e+01 
       1.139181326516e+00       3.141694528204e+01 
       1.141661238707e+00       3.125402847242e+01 
       1.144141150906e+00       3.109227796563e+01 
       1.146621063114e+00       3.093156803293e+01 
       1.149100975329e+00       3.077250939546e+01 
       1.151580887553e+00       3.061453502961e+01 
       1.154060799785e+00       3.045734975119e+01 
       1.156540712025e+00       3.030119689165e+01 
       1.159020624273e+00       3.014694256470e+01 
       1.161500536529e+00       2.999294999621e+01 
       1.461983882731e+00       1.723307990466e+01 
       1.840526687459e+00       9.826590003471e+00 
       2.317085815452e+00       5.566110263329e+00 
       2.917038214380e+00       3.133438415314e+00 
       3.672333535257e+00       1.753996682013e+00 
       4.623194008119e+00       9.766078115730e-01 
       5.820256420476e+00       5.410582725751e-01 
       7.327268710895e+00       2.983295352118e-01 
       9.224484779190e+00       1.638028189022e-01 
       1.161293829923e+01       8.955733279111e-02 
       1.461982313050e+01       4.876028973007e-02 
       1.840526685492e+01       2.645256829422e-02 
       2.317085815451e+01       1.429729418360e-02 
