# Matter power spectrum P(k) at redshift z=0
# for k=8.06198e-06 to 23.1673 h/Mpc,
# number of wavenumbers equal to 861
#    1:k (h/Mpc)              2:P (Mpc/h)^3        
       8.061980080967e-06       1.011193227600e+02 
       1.799630943511e-05       2.193117953008e+02 
       2.795144444371e-05       3.352848921743e+02 
       3.794330216898e-05       4.501624406269e+02 
       4.798795688201e-05       5.645318729670e+02 
       5.810172544538e-05       6.788000620660e+02 
       6.830125434979e-05       7.932917951127e+02 
       7.860360911496e-05       9.082890056460e+02 
       8.902636677084e-05       1.024049819614e+03 
       9.958771214245e-05       1.140819320616e+03 
       1.103065386704e-04       1.258836230919e+03 
       1.212025545063e-04       1.378337503643e+03 
       1.322963946267e-04       1.499561709183e+03 
       1.436097397060e-04       1.622751780737e+03 
       1.551654424775e-04       1.748157244600e+03 
       1.669876622809e-04       1.876036303135e+03 
       1.791020084481e-04       2.006657674136e+03 
       1.915356930940e-04       2.140302404069e+03 
       2.043176937639e-04       2.277265594816e+03 
       2.174789262103e-04       2.417858126961e+03 
       2.310524273322e-04       2.562408356664e+03 
       2.450735479811e-04       2.711263827403e+03 
       2.595801548955e-04       2.864792942213e+03 
       2.746128404513e-04       3.023386618959e+03 
       2.902151381750e-04       3.187459892442e+03 
       3.064337410232e-04       3.357453398253e+03 
       3.233187182630e-04       3.533834735557e+03 
       3.409237253478e-04       3.717099587363e+03 
       3.593061994556e-04       3.907772550444e+03 
       3.785275313216e-04       4.106407537309e+03 
       3.986532016651e-04       4.313587677425e+03 
       4.197528679206e-04       4.529924466439e+03 
       4.419003842333e-04       4.756056089435e+03 
       4.651737349255e-04       4.992644669910e+03 
       4.896548591380e-04       5.240372257748e+03 
       5.154293424640e-04       5.499935265877e+03 
       5.425859505803e-04       5.772037271084e+03 
       5.712159807542e-04       6.057379871626e+03 
       6.014124102975e-04       6.356651592969e+03 
       6.332688272377e-04       6.670514606537e+03 
       6.668781382122e-04       6.999589626067e+03 
       7.023310621381e-04       7.344438878779e+03 
       7.397144353408e-04       7.705548039457e+03 
       7.791093736539e-04       8.083307087720e+03 
       8.205893578336e-04       8.477991748558e+03 
       8.642183279931e-04       8.889745890619e+03 
       9.100488876135e-04       9.318566642854e+03 
       9.581207249038e-04       9.764292690183e+03 
       1.008459356273e-03       1.022659717839e+04 
       1.061075282125e-03       1.070498614084e+04 
       1.072292226224e-03       1.080633564721e+04 
       1.115963619604e-03       1.119880234951e+04 
       1.173104242760e-03       1.170723503645e+04 
       1.232462422144e-03       1.222933434667e+04 
       1.293989918186e-03       1.276403033313e+04 
       1.357626450844e-03       1.331015508137e+04 
       1.423301445879e-03       1.386646668936e+04 
       1.490935947676e-03       1.443167372960e+04 
       1.560444589730e-03       1.500446017436e+04 
       1.631737524957e-03       1.558350733710e+04 
       1.704722235902e-03       1.616751567353e+04 
       1.779305166283e-03       1.675522012515e+04 
       1.855393137210e-03       1.734540609625e+04 
       1.932894531257e-03       1.793691772299e+04 
       2.011720244074e-03       1.852866756555e+04 
       2.091784415607e-03       1.911963985284e+04 
       2.173004961316e-03       1.970889378262e+04 
       2.255303928519e-03       2.029556421512e+04 
       2.338607704804e-03       2.087885982602e+04 
       2.422847105149e-03       2.145806253752e+04 
       2.507957362592e-03       2.203252315979e+04 
       2.593878044691e-03       2.260166010251e+04 
       2.680552914988e-03       2.316495304214e+04 
       2.767929755618e-03       2.372194023642e+04 
       2.855960164255e-03       2.427221586723e+04 
       2.944599335947e-03       2.481542275524e+04 
       3.033805838064e-03       2.535125078993e+04 
       3.123541384599e-03       2.587943123501e+04 
       3.213770614470e-03       2.639973602416e+04 
       3.304460877095e-03       2.691197031262e+04 
       3.395582027508e-03       2.741597000839e+04 
       3.487106232435e-03       2.791160250590e+04 
       3.579007788121e-03       2.839875999385e+04 
       3.671262950231e-03       2.887735058187e+04 
       3.763849775804e-03       2.934731915391e+04 
       3.856747976971e-03       2.980861667609e+04 
       3.949938785993e-03       3.026121373095e+04 
       4.043404831068e-03       3.070509202664e+04 
       4.137130022261e-03       3.114025221639e+04 
       4.231099446911e-03       3.156670718940e+04 
       4.325299273839e-03       3.198447940586e+04 
       4.419716665697e-03       3.239360128481e+04 
       4.514339698823e-03       3.279411272723e+04 
       4.609157289984e-03       3.318605993028e+04 
       4.704159129438e-03       3.356949782506e+04 
       4.799335619774e-03       3.394449076943e+04 
       4.894677820024e-03       3.431109781193e+04 
       4.990177394600e-03       3.466939572073e+04 
       5.085826566600e-03       3.501945247425e+04 
       5.181618075130e-03       3.536134919188e+04 
       5.277545136245e-03       3.569516548352e+04 
       5.373601407215e-03       3.602097702545e+04 
       5.469780953795e-03       3.633887751828e+04 
       5.566078220244e-03       3.664894926084e+04 
       5.662488001836e-03       3.695127835844e+04 
       5.759005419646e-03       3.724595336007e+04 
       5.855625897403e-03       3.753306720280e+04 
       5.952345140231e-03       3.781270686580e+04 
       6.049159115110e-03       3.808497020548e+04 
       6.146064032898e-03       3.834993927907e+04 
       6.243056331793e-03       3.860771626509e+04 
       6.340132662092e-03       3.885838268067e+04 
       6.437289872143e-03       3.910203873164e+04 
       6.534524995394e-03       3.933877514706e+04 
       6.631835238435e-03       3.956868252209e+04 
       6.729217969946e-03       3.979184908602e+04 
       6.826670710493e-03       4.000836746020e+04 
       6.924191123085e-03       4.021832242707e+04 
       7.021777004428e-03       4.042181276391e+04 
       7.119426276831e-03       4.061891834329e+04 
       7.217136980705e-03       4.080972785214e+04 
       7.314907267602e-03       4.099433199160e+04 
       7.412735393758e-03       4.117281545397e+04 
       7.510619714095e-03       4.134526937122e+04 
       7.608558676651e-03       4.151176808587e+04 
       7.706550817403e-03       4.167238418565e+04 
       7.804594755442e-03       4.182725184239e+04 
       7.902689188495e-03       4.197640299367e+04 
       8.000832888749e-03       4.211995162247e+04 
       8.099024698957e-03       4.225794698466e+04 
       8.197263528816e-03       4.239049264272e+04 
       8.295548351580e-03       4.251765560949e+04 
       8.393878200914e-03       4.263950975741e+04 
       8.492252167940e-03       4.275615622811e+04 
       8.590669398492e-03       4.286765038553e+04 
       8.689129090551e-03       4.297406169586e+04 
       8.787630491838e-03       4.307548254913e+04 
       8.886172897582e-03       4.317196412069e+04 
       8.984755648411e-03       4.326360959580e+04 
       9.083378128405e-03       4.335047484236e+04 
       9.182039763251e-03       4.343261745790e+04 
       9.280740018539e-03       4.351014260622e+04 
       9.379478398147e-03       4.358309226109e+04 
       9.478254442751e-03       4.365154384495e+04 
       9.577067728413e-03       4.371555896155e+04 
       9.675917865273e-03       4.377521056652e+04 
       9.774804496316e-03       4.383055186809e+04 
       9.873727296229e-03       4.388166882149e+04 
       9.972685970321e-03       4.392860060289e+04 
       1.007168025352e-02       4.397143265173e+04 
       1.017070990945e-02       4.401022812909e+04 
       1.026977472953e-02       4.404502434663e+04 
       1.036887453217e-02       4.407589388798e+04 
       1.046800916202e-02       4.410291820123e+04 
       1.056717848923e-02       4.412613536243e+04 
       1.066638240882e-02       4.414560593826e+04 
       1.072292226224e-02       4.415506336655e+04 
       1.076562084005e-02       4.416140742709e+04 
       1.086489372586e-02       4.417356670025e+04 
       1.096420103233e-02       4.418216655166e+04 
       1.106354274818e-02       4.418725204686e+04 
       1.116291888435e-02       4.418888452725e+04 
       1.126232947356e-02       4.418711389256e+04 
       1.136177456994e-02       4.418199245086e+04 
       1.146125424867e-02       4.417358598083e+04 
       1.156076860566e-02       4.416193715581e+04 
       1.166031775727e-02       4.414708713114e+04 
       1.175990184005e-02       4.412912830139e+04 
       1.185952101049e-02       4.410806611907e+04 
       1.195917544482e-02       4.408397715099e+04 
       1.205886533883e-02       4.405689459331e+04 
       1.215859090771e-02       4.402691239125e+04 
       1.225835238590e-02       4.399401778642e+04 
       1.235815002698e-02       4.395829931449e+04 
       1.245798410360e-02       4.391978225907e+04 
       1.255785490737e-02       4.387854029934e+04 
       1.265776274881e-02       4.383459996029e+04 
       1.275770795736e-02       4.378801451629e+04 
       1.285769088132e-02       4.373885861698e+04 
       1.295771188787e-02       4.368711195656e+04 
       1.305777136308e-02       4.363286157938e+04 
       1.315786971198e-02       4.357614321133e+04 
       1.325800735857e-02       4.351700820333e+04 
       1.335818474595e-02       4.345551908352e+04 
       1.345840233635e-02       4.339168460281e+04 
       1.355866061129e-02       4.332552147661e+04 
       1.365896007164e-02       4.325715611998e+04 
       1.375930123784e-02       4.318656131814e+04 
       1.385968464997e-02       4.311380286368e+04 
       1.396011086798e-02       4.303892165515e+04 
       1.406058047183e-02       4.296196007862e+04 
       1.416109406174e-02       4.288299316079e+04 
       1.426165225834e-02       4.280193370846e+04 
       1.436225570296e-02       4.271896538876e+04 
       1.446290505785e-02       4.263405942384e+04 
       1.456360100643e-02       4.254727638305e+04 
       1.466434425358e-02       4.245864190371e+04 
       1.476513552594e-02       4.236814920489e+04 
       1.486597557218e-02       4.227588355070e+04 
       1.496686516337e-02       4.218191451655e+04 
       1.506780509328e-02       4.208622196371e+04 
       1.516879617876e-02       4.198883058120e+04 
       1.526983926007e-02       4.188984919349e+04 
       1.537093520132e-02       4.178924079556e+04 
       1.547208489083e-02       4.168708400030e+04 
       1.557328924155e-02       4.158344469634e+04 
       1.567454919152e-02       4.147824162068e+04 
       1.577586570431e-02       4.137159858773e+04 
       1.587723976946e-02       4.126351603030e+04 
       1.597867240303e-02       4.115406908062e+04 
       1.608016464804e-02       4.104323523368e+04 
       1.618171757502e-02       4.093105472741e+04 
       1.628333228258e-02       4.081748647599e+04 
       1.638500989792e-02       4.070281667001e+04 
       1.648675157744e-02       4.058687675042e+04 
       1.658855850735e-02       4.046961737421e+04 
       1.669043190427e-02       4.035130149290e+04 
       1.679237301587e-02       4.023176392142e+04 
       1.689438312157e-02       4.011118350008e+04 
       1.699646353319e-02       3.998941199459e+04 
       1.709861559566e-02       3.986665103887e+04 
       1.720084068780e-02       3.974290099635e+04 
       1.730314022300e-02       3.961798806148e+04 
       1.740551565008e-02       3.949208909378e+04 
       1.750796845405e-02       3.936542733872e+04 
       1.761050015697e-02       3.923781390512e+04 
       1.771311231877e-02       3.910917378212e+04 
       1.781580653820e-02       3.897973354048e+04 
       1.791858445370e-02       3.884947242906e+04 
       1.802144774437e-02       3.871833833730e+04 
       1.812439813096e-02       3.858649010557e+04 
       1.822743737683e-02       3.845386527634e+04 
       1.833056728906e-02       3.832046559626e+04 
       1.843378971949e-02       3.818633519395e+04 
       1.853710656583e-02       3.805150287174e+04 
       1.864051977284e-02       3.791612558206e+04 
       1.874403133349e-02       3.777993497657e+04 
       1.884764329017e-02       3.764314948941e+04 
       1.895135773601e-02       3.750577512031e+04 
       1.905517681614e-02       3.736780659102e+04 
       1.915910272908e-02       3.722942091221e+04 
       1.926313772810e-02       3.709046029707e+04 
       1.936728412269e-02       3.695084711437e+04 
       1.947154428003e-02       3.681094815832e+04 
       1.957592062656e-02       3.667045100672e+04 
       1.968041564955e-02       3.652950342886e+04 
       1.978503189876e-02       3.638814212103e+04 
       1.988977198815e-02       3.624639013758e+04 
       1.999463859763e-02       3.610426489787e+04 
       2.009963447489e-02       3.596173996650e+04 
       2.020476243729e-02       3.581885540116e+04 
       2.031002537382e-02       3.567561176614e+04 
       2.041542624710e-02       3.553212875873e+04 
       2.052096809551e-02       3.538833345144e+04 
       2.062665403532e-02       3.524426725033e+04 
       2.073248726296e-02       3.509997829908e+04 
       2.083847105734e-02       3.495528042234e+04 
       2.094460878224e-02       3.481053189470e+04 
       2.105090388885e-02       3.466548729973e+04 
       2.115735991832e-02       3.452031211681e+04 
       2.126398050448e-02       3.437496262361e+04 
       2.137076937659e-02       3.422944842369e+04 
       2.147773036226e-02       3.408368314505e+04 
       2.158486739040e-02       3.393788769532e+04 
       2.169218449441e-02       3.379194850631e+04 
       2.179968581534e-02       3.364600653275e+04 
       2.190737560527e-02       3.349991438629e+04 
       2.201525823079e-02       3.335371315124e+04 
       2.212333817665e-02       3.320749001897e+04 
       2.223162004947e-02       3.306119671734e+04 
       2.234010858168e-02       3.291491825371e+04 
       2.244880863562e-02       3.276860183089e+04 
       2.255772520772e-02       3.262231602077e+04 
       2.266686343292e-02       3.247610981011e+04 
       2.277622858926e-02       3.232977302915e+04 
       2.288582610268e-02       3.218353423358e+04 
       2.299566155193e-02       3.203732219379e+04 
       2.310574067381e-02       3.189112901828e+04 
       2.321606936853e-02       3.174507559262e+04 
       2.332665370537e-02       3.159914737511e+04 
       2.343749992852e-02       3.145320807552e+04 
       2.354861446322e-02       3.130739945206e+04 
       2.366000392217e-02       3.116177600365e+04 
       2.377167511217e-02       3.101617313400e+04 
       2.388363504113e-02       3.087074176835e+04 
       2.399589092532e-02       3.072547140945e+04 
       2.410845019703e-02       3.058026882001e+04 
       2.422132051247e-02       3.043528739882e+04 
       2.433450976018e-02       3.029053099905e+04 
       2.444802606966e-02       3.014580798596e+04 
       2.456187782060e-02       3.000130435437e+04 
       2.467607365234e-02       2.985712325214e+04 
       2.479062247396e-02       2.971293716091e+04 
       2.490553347476e-02       2.956915165177e+04 
       2.502081613526e-02       2.942550209849e+04 
       2.513648023880e-02       2.928200328901e+04 
       2.525253588363e-02       2.913862238587e+04 
       2.536899349570e-02       2.899577632032e+04 
       2.548586384198e-02       2.885295780172e+04 
       2.560315804463e-02       2.871051014191e+04 
       2.572088759575e-02       2.856813994843e+04 
       2.583906437297e-02       2.842619490056e+04 
       2.595770065585e-02       2.828437382236e+04 
       2.607680914321e-02       2.814290121626e+04 
       2.619640297129e-02       2.800159218854e+04 
       2.631649573298e-02       2.786066947930e+04 
       2.643710149813e-02       2.771995011647e+04 
       2.655823483491e-02       2.757946594638e+04 
       2.667991083242e-02       2.743933778757e+04 
       2.680214512462e-02       2.729942781062e+04 
       2.692495391562e-02       2.715985316580e+04 
       2.704835400638e-02       2.702053913854e+04 
       2.717236282310e-02       2.688151857327e+04 
       2.729699844722e-02       2.674277743171e+04 
       2.742227964727e-02       2.660432915104e+04 
       2.754822591265e-02       2.646620676440e+04 
       2.767485748952e-02       2.632836814343e+04 
       2.780219541892e-02       2.619075059812e+04 
       2.793026157731e-02       2.605339378075e+04 
       2.805907871972e-02       2.591645659701e+04 
       2.818867052569e-02       2.577982865821e+04 
       2.831906164825e-02       2.564341860302e+04 
       2.845027776616e-02       2.550728410343e+04 
       2.858234563970e-02       2.537145872249e+04 
       2.871529317019e-02       2.523590903252e+04 
       2.884914946378e-02       2.510066673545e+04 
       2.898394489960e-02       2.496571945531e+04 
       2.911971120283e-02       2.483099854391e+04 
       2.925648152304e-02       2.469660681780e+04 
       2.939429051823e-02       2.456243994064e+04 
       2.953317444520e-02       2.442855294690e+04 
       2.967317125661e-02       2.429497190429e+04 
       2.981432070560e-02       2.416157074369e+04 
       2.995666445840e-02       2.402848605707e+04 
       3.010024621591e-02       2.389565661797e+04 
       3.024511184495e-02       2.376302330720e+04 
       3.039130952018e-02       2.363063621322e+04 
       3.053888987772e-02       2.349849405313e+04 
       3.068790618169e-02       2.336660144191e+04 
       3.083841450485e-02       2.323493287228e+04 
       3.099047392491e-02       2.310340023673e+04 
       3.114414673816e-02       2.297202049293e+04 
       3.129949869211e-02       2.284094403746e+04 
       3.145659923936e-02       2.270994823842e+04 
       3.161552181502e-02       2.257917685488e+04 
       3.177634414011e-02       2.244855861446e+04 
       3.193914855422e-02       2.231811133688e+04 
       3.210402238057e-02       2.218775089321e+04 
       3.227105832737e-02       2.205742272545e+04 
       3.244035492989e-02       2.192728265241e+04 
       3.261201703814e-02       2.179717323227e+04 
       3.278615635594e-02       2.166719385080e+04 
       3.296289203783e-02       2.153723583056e+04 
       3.314235135138e-02       2.140728016136e+04 
       3.332467041354e-02       2.127746375289e+04 
       3.350999501102e-02       2.114737852712e+04 
       3.369848151631e-02       2.101746843214e+04 
       3.389029791269e-02       2.088738381712e+04 
       3.408562494410e-02       2.075727497532e+04 
       3.428465740802e-02       2.062706553555e+04 
       3.448760561293e-02       2.049667131917e+04 
       3.469469702561e-02       2.036610664188e+04 
       3.490617813809e-02       2.023535162280e+04 
       3.512231658961e-02       2.010432760904e+04 
       3.534340358547e-02       1.997302941068e+04 
       3.556975666289e-02       1.984138178139e+04 
       3.580172286384e-02       1.970939642654e+04 
       3.603968238673e-02       1.957690937262e+04 
       3.628405280403e-02       1.944401169117e+04 
       3.653529395100e-02       1.931053266607e+04 
       3.679391361367e-02       1.917640648739e+04 
       3.706047417268e-02       1.904166292936e+04 
       3.733560039505e-02       1.890615097041e+04 
       3.761998861062e-02       1.876971818478e+04 
       3.791441756639e-02       1.863239096183e+04 
       3.821976132312e-02       1.849398347133e+04 
       3.853700464908e-02       1.835439212753e+04 
       3.886726148110e-02       1.821338701943e+04 
       3.921179716975e-02       1.807098915293e+04 
       3.957205541263e-02       1.792679415154e+04 
       3.994969101772e-02       1.778068661057e+04 
       4.034660993986e-02       1.763240198780e+04 
       4.076501841059e-02       1.748161513311e+04 
       4.120748344515e-02       1.732799760471e+04 
       4.167700756183e-02       1.717101347667e+04 
       4.217712116570e-02       1.701012377645e+04 
       4.271199665373e-02       1.684471345482e+04 
       4.328658870141e-02       1.667383763402e+04 
       4.390680497086e-02       1.649638352774e+04 
       4.457970977079e-02       1.631090679997e+04 
       4.531375830822e-02       1.611552675068e+04 
       4.611904797744e-02       1.590772282741e+04 
       4.700755029985e-02       1.568407790943e+04 
       4.799324472002e-02       1.544016032524e+04 
       4.909200500120e-02       1.516994784977e+04 
       5.032099136964e-02       1.486563454639e+04 
       5.169721435812e-02       1.451752433046e+04 
       5.323498005331e-02       1.411450974175e+04 
       5.494231882369e-02       1.364570923824e+04 
       5.681737265209e-02       1.310355168587e+04 
       5.884663074351e-02       1.248765885798e+04 
       6.100667334985e-02       1.180797279014e+04 
       6.326909411858e-02       1.108494745280e+04 
       6.560613245787e-02       1.034638894701e+04 
       6.799451059332e-02       9.622338566574e+03 
       7.041673563738e-02       8.940130978911e+03 
       7.286062393997e-02       8.320931074305e+03 
       7.531810973814e-02       7.778139554737e+03 
       7.778402595265e-02       7.317214944564e+03 
       8.025513044680e-02       6.936756343130e+03 
       8.272941492008e-02       6.629639364316e+03 
       8.520564507086e-02       6.384723617757e+03 
       8.768306582144e-02       6.188211380624e+03 
       9.016121646530e-02       6.025059588722e+03 
       9.263981625925e-02       5.880303397231e+03 
       9.511869417124e-02       5.740295006586e+03 
       9.759774594591e-02       5.593801705306e+03 
       1.000769079398e-01       5.432880594582e+03 
       1.025561412029e-01       5.253333678048e+03 
       1.050354218027e-01       5.054778317040e+03 
       1.072292226224e-01       4.865525348970e+03 
       1.075147349464e-01       4.840146121097e+03 
       1.099940714098e-01       4.614878562990e+03 
       1.124734253687e-01       4.385938911889e+03 
       1.149527930800e-01       4.160665251088e+03 
       1.174321720806e-01       3.945931840856e+03 
       1.199115606987e-01       3.747380398778e+03 
       1.223909577571e-01       3.569012266931e+03 
       1.248703623906e-01       3.412987781542e+03 
       1.273497739350e-01       3.279665739784e+03 
       1.298291918582e-01       3.167793879511e+03 
       1.323086157176e-01       3.074817457314e+03 
       1.347880451338e-01       2.997236274624e+03 
       1.372674797730e-01       2.930983728515e+03 
       1.397469193368e-01       2.871853614687e+03 
       1.422263635543e-01       2.816520699417e+03 
       1.447058121776e-01       2.760642120328e+03 
       1.471852649781e-01       2.701361645416e+03 
       1.496647217440e-01       2.636799239761e+03 
       1.521441822783e-01       2.566204521722e+03 
       1.546236463976e-01       2.489918642564e+03 
       1.571031139300e-01       2.409173761859e+03 
       1.595825847151e-01       2.325816175031e+03 
       1.620620586021e-01       2.241949926921e+03 
       1.645415354497e-01       2.159633380809e+03 
       1.670210151249e-01       2.080718610683e+03 
       1.695004975028e-01       2.006659123027e+03 
       1.719799824656e-01       1.938518503022e+03 
       1.744594699022e-01       1.876929197111e+03 
       1.769389597080e-01       1.822089260885e+03 
       1.794184517841e-01       1.773760133204e+03 
       1.818979460369e-01       1.731305933416e+03 
       1.843774423782e-01       1.693751182365e+03 
       1.868569407241e-01       1.659903987038e+03 
       1.893364409955e-01       1.628494098291e+03 
       1.918159431171e-01       1.598300572749e+03 
       1.942954470178e-01       1.568293449935e+03 
       1.967749526297e-01       1.537680251176e+03 
       1.992544598888e-01       1.505946949645e+03 
       2.017339687338e-01       1.472844004923e+03 
       2.042134791066e-01       1.438376961357e+03 
       2.066929909520e-01       1.402762056368e+03 
       2.091725042172e-01       1.366411763608e+03 
       2.116520188520e-01       1.329871536269e+03 
       2.141315348087e-01       1.293775200947e+03 
       2.166110520416e-01       1.258726622250e+03 
       2.190905705070e-01       1.225266843568e+03 
       2.215700901634e-01       1.193784965436e+03 
       2.240496109711e-01       1.164492344705e+03 
       2.265291328919e-01       1.137439834989e+03 
       2.290086558897e-01       1.112530229960e+03 
       2.314881799295e-01       1.089564592369e+03 
       2.339677049780e-01       1.068276229868e+03 
       2.364472310035e-01       1.048357085946e+03 
       2.389267579752e-01       1.029473076555e+03 
       2.414062858640e-01       1.011279926669e+03 
       2.438858146416e-01       9.934593521665e+02 
       2.463653442812e-01       9.757308965153e+02 
       2.488448747567e-01       9.578925089597e+02 
       2.513244060434e-01       9.398259251904e+02 
       2.538039381174e-01       9.215244924300e+02 
       2.562834709557e-01       9.030512191191e+02 
       2.587630045362e-01       8.845247584455e+02 
       2.612425388378e-01       8.660937524760e+02 
       2.637220738399e-01       8.479102087297e+02 
       2.662016095228e-01       8.301231733470e+02 
       2.686811458678e-01       8.128608539424e+02 
       2.711606828565e-01       7.962431548345e+02 
       2.736402204713e-01       7.803566220822e+02 
       2.761197586953e-01       7.652563602278e+02 
       2.785992975122e-01       7.509488052285e+02 
       2.810788369062e-01       7.373958104683e+02 
       2.835583768620e-01       7.245133403369e+02 
       2.860379173651e-01       7.121936475784e+02 
       2.885174584013e-01       7.003247981072e+02 
       2.909969999568e-01       6.887990659485e+02 
       2.934765420185e-01       6.775289791775e+02 
       2.959560845736e-01       6.664476862728e+02 
       2.984356276097e-01       6.555040987876e+02 
       3.009151711148e-01       6.446604257999e+02 
       3.033947150776e-01       6.338930929356e+02 
       3.058742594867e-01       6.231892716225e+02 
       3.083538043313e-01       6.125618000615e+02 
       3.108333496010e-01       6.020376067105e+02 
       3.133128952857e-01       5.916608996830e+02 
       3.157924413756e-01       5.814737217646e+02 
       3.182719878611e-01       5.715229681870e+02 
       3.207515347330e-01       5.618357636918e+02 
       3.232310819824e-01       5.524284476015e+02 
       3.257106296007e-01       5.433086438732e+02 
       3.281901775795e-01       5.344762568547e+02 
       3.306697259105e-01       5.259277220770e+02 
       3.331492745860e-01       5.176599474587e+02 
       3.356288235983e-01       5.096605039927e+02 
       3.381083729398e-01       5.019141712999e+02 
       3.405879226035e-01       4.943883415487e+02 
       3.430674725823e-01       4.870492821782e+02 
       3.455470228694e-01       4.798647766073e+02 
       3.480265734582e-01       4.728034901596e+02 
       3.505061243422e-01       4.658486931710e+02 
       3.529856755152e-01       4.589879374523e+02 
       3.554652269711e-01       4.522177477344e+02 
       3.579447787041e-01       4.455408526524e+02 
       3.604243307085e-01       4.389546397265e+02 
       3.629038829785e-01       4.324619955017e+02 
       3.653834355088e-01       4.260659615004e+02 
       3.678629882942e-01       4.197761210019e+02 
       3.703425413294e-01       4.136038461490e+02 
       3.728220946095e-01       4.075648595482e+02 
       3.753016481296e-01       4.016718495547e+02 
       3.777812018849e-01       3.959289653362e+02 
       3.802607558709e-01       3.903382354305e+02 
       3.827403100831e-01       3.848887692670e+02 
       3.852198645170e-01       3.795707172425e+02 
       3.876994191684e-01       3.743749006183e+02 
       3.901789740332e-01       3.692908137113e+02 
       3.926585291072e-01       3.643144805278e+02 
       3.951380843866e-01       3.594375695206e+02 
       3.976176398675e-01       3.546542006831e+02 
       4.000971955461e-01       3.499539014880e+02 
       4.025767514187e-01       3.453276242182e+02 
       4.050563074818e-01       3.407690272182e+02 
       4.075358637319e-01       3.362737930725e+02 
       4.100154201656e-01       3.318440677278e+02 
       4.124949767796e-01       3.274847914191e+02 
       4.149745335706e-01       3.231996667097e+02 
       4.174540905355e-01       3.189906145454e+02 
       4.199336476712e-01       3.148593916725e+02 
       4.224132049746e-01       3.108013723604e+02 
       4.248927624428e-01       3.068151752570e+02 
       4.273723200730e-01       3.029012971296e+02 
       4.298518778623e-01       2.990608220893e+02 
       4.323314358080e-01       2.952956018719e+02 
       4.348109939074e-01       2.916052961413e+02 
       4.372905521579e-01       2.879926672937e+02 
       4.397701105569e-01       2.844481067168e+02 
       4.422496691019e-01       2.809684307134e+02 
       4.447292277904e-01       2.775484647849e+02 
       4.472087866201e-01       2.741849181671e+02 
       4.496883455887e-01       2.708758863791e+02 
       4.521679046938e-01       2.676219583224e+02 
       4.546474639332e-01       2.644224327874e+02 
       4.571270233046e-01       2.612753553432e+02 
       4.596065828061e-01       2.581779439700e+02 
       4.620861424354e-01       2.551267124101e+02 
       4.645657021905e-01       2.521192479188e+02 
       4.670452620694e-01       2.491549672926e+02 
       4.695248220702e-01       2.462362269624e+02 
       4.720043821909e-01       2.433655969213e+02 
       4.744839424296e-01       2.405440156662e+02 
       4.769635027844e-01       2.377715681035e+02 
       4.794430632537e-01       2.350459689092e+02 
       4.819226238355e-01       2.323650771745e+02 
       4.844021845282e-01       2.297252105908e+02 
       4.868817453301e-01       2.271274679475e+02 
       4.893613062395e-01       2.245717137351e+02 
       4.918408672548e-01       2.220590153429e+02 
       4.943204283743e-01       2.195888628962e+02 
       4.967999895966e-01       2.171595889564e+02 
       4.992795509200e-01       2.147688343000e+02 
       5.017591123431e-01       2.124131863554e+02 
       5.042386738644e-01       2.100912299109e+02 
       5.067182354825e-01       2.078009671577e+02 
       5.091977971959e-01       2.055456195253e+02 
       5.116773590033e-01       2.033236670214e+02 
       5.141569209032e-01       2.011367342435e+02 
       5.166364828944e-01       1.989832835327e+02 
       5.191160449756e-01       1.968611345710e+02 
       5.215956071454e-01       1.947694368502e+02 
       5.240751694026e-01       1.927058866642e+02 
       5.265547317459e-01       1.906710017123e+02 
       5.290342941742e-01       1.886668528471e+02 
       5.315138566863e-01       1.866929503037e+02 
       5.339934192809e-01       1.847502700901e+02 
       5.364729819570e-01       1.828382142678e+02 
       5.389525447133e-01       1.809538044093e+02 
       5.414321075489e-01       1.790960452122e+02 
       5.439116704626e-01       1.772627801373e+02 
       5.463912334533e-01       1.754549102361e+02 
       5.488707965201e-01       1.736739334140e+02 
       5.513503596618e-01       1.719185417029e+02 
       5.538299228775e-01       1.701892738537e+02 
       5.563094861661e-01       1.684859277423e+02 
       5.587890495268e-01       1.668059221301e+02 
       5.612686129585e-01       1.651470895489e+02 
       5.637481764603e-01       1.635099807126e+02 
       5.662277400313e-01       1.618941024490e+02 
       5.687073036706e-01       1.603006294967e+02 
       5.711868673772e-01       1.587305491763e+02 
       5.736664311504e-01       1.571826385464e+02 
       5.761459949892e-01       1.556567700873e+02 
       5.786255588928e-01       1.541512091477e+02 
       5.811051228604e-01       1.526643869171e+02 
       5.835846868911e-01       1.511966721374e+02 
       5.860642509842e-01       1.497485073776e+02 
       5.885438151389e-01       1.483190769197e+02 
       5.910233793543e-01       1.469104440839e+02 
       5.935029436298e-01       1.455217825250e+02 
       5.959825079645e-01       1.441519585713e+02 
       5.984620723577e-01       1.427995379820e+02 
       6.009416368088e-01       1.414643234222e+02 
       6.034212013170e-01       1.401443387930e+02 
       6.059007658815e-01       1.388416698813e+02 
       6.083803305018e-01       1.375561707914e+02 
       6.108598951770e-01       1.362880542692e+02 
       6.133394599066e-01       1.350375213708e+02 
       6.158190246900e-01       1.338032153373e+02 
       6.182985895263e-01       1.325839227208e+02 
       6.207781544151e-01       1.313791025434e+02 
       6.232577193556e-01       1.301886467586e+02 
       6.257372843473e-01       1.290125188784e+02 
       6.282168493896e-01       1.278517033927e+02 
       6.306964144818e-01       1.267066642976e+02 
       6.331759796234e-01       1.255765995181e+02 
       6.356555448138e-01       1.244605036996e+02 
       6.381351100525e-01       1.233582962921e+02 
       6.406146753388e-01       1.222682360321e+02 
       6.430942406721e-01       1.211910822611e+02 
       6.455738060521e-01       1.201266789168e+02 
       6.480533714781e-01       1.190758057426e+02 
       6.505329369496e-01       1.180392058791e+02 
       6.530125024661e-01       1.170152096112e+02 
       6.554920680270e-01       1.160042778611e+02 
       6.579716336320e-01       1.150049221850e+02 
       6.604511992804e-01       1.140163767029e+02 
       6.629307649717e-01       1.130390284128e+02 
       6.654103307056e-01       1.120728111018e+02 
       6.678898964815e-01       1.111190738079e+02 
       6.703694622990e-01       1.101774457807e+02 
       6.728490281576e-01       1.092476647586e+02 
       6.753285940568e-01       1.083279468547e+02 
       6.778081599962e-01       1.074189920691e+02 
       6.802877259754e-01       1.065199155904e+02 
       6.827672919939e-01       1.056307046391e+02 
       6.852468580513e-01       1.047516909390e+02 
       6.877264241472e-01       1.038836457350e+02 
       6.902059902812e-01       1.030259719562e+02 
       6.926855564528e-01       1.021790726541e+02 
       6.951651226616e-01       1.013417364710e+02 
       6.976446889073e-01       1.005130106319e+02 
       7.001242551895e-01       9.969328966676e+01 
       7.026038215077e-01       9.888232378308e+01 
       7.050833878616e-01       9.808087218497e+01 
       7.075629542508e-01       9.728871492131e+01 
       7.100425206750e-01       9.650620222203e+01 
       7.125220871338e-01       9.573268976059e+01 
       7.150016536268e-01       9.496785671549e+01 
       7.174812201536e-01       9.421103362097e+01 
       7.199607867139e-01       9.346151452935e+01 
       7.224403533075e-01       9.272068527038e+01 
       7.249199199338e-01       9.198781446808e+01 
       7.273994865926e-01       9.126341860040e+01 
       7.298790532836e-01       9.054772692614e+01 
       7.323586200065e-01       8.984001990729e+01 
       7.348381867608e-01       8.913996820024e+01 
       7.373177535463e-01       8.844660062545e+01 
       7.397973203627e-01       8.776059520794e+01 
       7.422768872097e-01       8.708148642757e+01 
       7.447564540869e-01       8.640995590020e+01 
       7.472360209940e-01       8.574629370166e+01 
       7.497155879309e-01       8.509004983481e+01 
       7.521951548971e-01       8.444107840904e+01 
       7.546747218924e-01       8.379867734315e+01 
       7.571542889164e-01       8.316252855081e+01 
       7.596338559690e-01       8.253278993599e+01 
       7.621134230498e-01       8.190943415297e+01 
       7.645929901586e-01       8.129274429939e+01 
       7.670725572950e-01       8.068326176280e+01 
       7.695521244589e-01       8.008029856482e+01 
       7.720316916499e-01       7.948391695110e+01 
       7.745112588678e-01       7.889346341009e+01 
       7.769908261123e-01       7.830811133791e+01 
       7.794703933832e-01       7.772915713409e+01 
       7.819499606803e-01       7.715556823761e+01 
       7.844295280032e-01       7.658853626759e+01 
       7.869090953517e-01       7.602738715369e+01 
       7.893886627256e-01       7.547242846738e+01 
       7.918682301247e-01       7.492309195070e+01 
       7.943477975487e-01       7.437889553974e+01 
       7.968273649974e-01       7.384008675511e+01 
       7.993069324705e-01       7.330610185147e+01 
       8.017864999679e-01       7.277746210515e+01 
       8.042660674893e-01       7.225456880977e+01 
       8.067456350344e-01       7.173720468050e+01 
       8.092252026031e-01       7.122523982075e+01 
       8.117047701951e-01       7.071825057747e+01 
       8.141843378103e-01       7.021638607274e+01 
       8.166639054484e-01       6.971897241082e+01 
       8.191434731092e-01       6.922580547642e+01 
       8.216230407925e-01       6.873774242293e+01 
       8.241026084981e-01       6.825446856357e+01 
       8.265821762258e-01       6.777643216954e+01 
       8.290617439754e-01       6.730358527667e+01 
       8.315413117467e-01       6.683513971069e+01 
       8.340208795396e-01       6.637084973318e+01 
       8.365004473537e-01       6.591050025577e+01 
       8.389800151890e-01       6.545455797669e+01 
       8.414595830452e-01       6.500288814773e+01 
       8.439391509222e-01       6.455593838374e+01 
       8.464187188197e-01       6.411351753260e+01 
       8.488982867377e-01       6.367555501684e+01 
       8.513778546759e-01       6.324188404237e+01 
       8.538574226341e-01       6.281181281695e+01 
       8.563369906122e-01       6.238524452487e+01 
       8.588165586099e-01       6.196299199677e+01 
       8.612961266272e-01       6.154467862107e+01 
       8.637756946639e-01       6.113017190242e+01 
       8.662552627197e-01       6.072020916665e+01 
       8.687348307946e-01       6.031413486488e+01 
       8.712143988883e-01       5.991178500922e+01 
       8.736939670007e-01       5.951263615680e+01 
       8.761735351317e-01       5.911721408734e+01 
       8.786531032811e-01       5.872521524826e+01 
       8.811326714486e-01       5.833662384010e+01 
       8.836122396343e-01       5.795217537451e+01 
       8.860918078379e-01       5.757133762428e+01 
       8.885713760592e-01       5.719445054768e+01 
       8.910509442982e-01       5.682060583714e+01 
       8.935305125547e-01       5.644990170982e+01 
       8.960100808285e-01       5.608204293462e+01 
       8.984896491195e-01       5.571766283630e+01 
       9.009692174275e-01       5.535674348834e+01 
       9.034487857524e-01       5.499926346885e+01 
       9.059283540941e-01       5.464528751040e+01 
       9.084079224525e-01       5.429431458375e+01 
       9.108874908273e-01       5.394663544635e+01 
       9.133670592185e-01       5.360154732926e+01 
       9.158466276259e-01       5.325972203263e+01 
       9.183261960494e-01       5.292065259391e+01 
       9.208057644889e-01       5.258450970748e+01 
       9.232853329442e-01       5.225166500822e+01 
       9.257649014152e-01       5.192208684972e+01 
       9.282444699018e-01       5.159522829841e+01 
       9.307240384038e-01       5.127137648465e+01 
       9.332036069212e-01       5.094965990219e+01 
       9.356831754538e-01       5.063110309678e+01 
       9.381627440015e-01       5.031499556767e+01 
       9.406423125642e-01       5.000179877984e+01 
       9.431218811417e-01       4.969160079791e+01 
       9.456014497339e-01       4.938415866520e+01 
       9.480810183408e-01       4.907908407584e+01 
       9.505605869622e-01       4.877706286262e+01 
       9.530401555980e-01       4.847678656295e+01 
       9.555197242480e-01       4.817945689452e+01 
       9.579992929122e-01       4.788444800305e+01 
       9.604788615905e-01       4.759199040698e+01 
       9.629584302827e-01       4.730229423067e+01 
       9.654379989888e-01       4.701537317684e+01 
       9.679175677086e-01       4.673060946912e+01 
       9.703971364421e-01       4.644819191680e+01 
       9.728767051890e-01       4.616765971395e+01 
       9.753562739494e-01       4.588989861112e+01 
       9.778358427232e-01       4.561400378870e+01 
       9.803154115101e-01       4.534068351383e+01 
       9.827949803102e-01       4.507002912233e+01 
       9.852745491232e-01       4.480154473772e+01 
       9.877541179492e-01       4.453534171299e+01 
       9.902336867881e-01       4.427109366992e+01 
       9.927132556396e-01       4.400912178260e+01 
       9.951928245038e-01       4.374891133346e+01 
       9.976723933805e-01       4.349058186944e+01 
       1.000151962270e+00       4.323501200743e+01 
       1.002631531171e+00       4.298127041063e+01 
       1.005111100085e+00       4.272993381996e+01 
       1.007590669011e+00       4.248064132257e+01 
       1.010070237949e+00       4.223319268296e+01 
       1.012549806899e+00       4.198761488791e+01 
       1.015029375861e+00       4.174359188461e+01 
       1.017508944835e+00       4.150190931352e+01 
       1.019988513820e+00       4.126228725849e+01 
       1.022468082817e+00       4.102456234704e+01 
       1.024947651826e+00       4.078892459617e+01 
       1.027427220846e+00       4.055520091862e+01 
       1.029906789878e+00       4.032317204381e+01 
       1.032386358921e+00       4.009264640772e+01 
       1.034865927975e+00       3.986404161484e+01 
       1.037345497040e+00       3.963712528167e+01 
       1.039825066116e+00       3.941226762878e+01 
       1.042304635204e+00       3.918926979535e+01 
       1.044784204302e+00       3.896824886202e+01 
       1.047263773411e+00       3.874874096642e+01 
       1.049743342531e+00       3.853082994065e+01 
       1.052222911661e+00       3.831446514376e+01 
       1.054702480803e+00       3.809982060798e+01 
       1.057182049954e+00       3.788670714944e+01 
       1.059661619116e+00       3.767544408575e+01 
       1.062141188289e+00       3.746624169544e+01 
       1.064620757472e+00       3.725835856657e+01 
       1.067100326665e+00       3.705207759125e+01 
       1.069579895868e+00       3.684720768669e+01 
       1.072059465081e+00       3.664359818621e+01 
       1.072292226224e+00       3.662467619283e+01 
       1.074539034305e+00       3.644201375162e+01 
       1.077018603538e+00       3.624183538425e+01 
       1.079498172781e+00       3.604320482594e+01 
       1.081977742034e+00       3.584627314334e+01 
       1.084457311297e+00       3.565084462079e+01 
       1.086936880569e+00       3.545682138120e+01 
       1.089416449851e+00       3.526419049994e+01 
       1.091896019143e+00       3.507277014121e+01 
       1.094375588444e+00       3.488280315216e+01 
       1.096855157755e+00       3.469422282079e+01 
       1.099334727075e+00       3.450759576556e+01 
       1.101814296404e+00       3.432192181495e+01 
       1.104293865742e+00       3.413794045092e+01 
       1.106773435090e+00       3.395528578973e+01 
       1.109253004447e+00       3.377384843025e+01 
       1.111732573813e+00       3.359368395072e+01 
       1.114212143187e+00       3.341453381881e+01 
       1.116691712571e+00       3.323711862684e+01 
       1.119171281964e+00       3.306114454472e+01 
       1.121650851365e+00       3.288637764276e+01 
       1.124130420775e+00       3.271297025843e+01 
       1.126609990194e+00       3.254073085845e+01 
       1.129089559622e+00       3.236962979997e+01 
       1.131569129058e+00       3.219963439303e+01 
       1.134048698502e+00       3.203100077375e+01 
       1.136528267955e+00       3.186358688345e+01 
       1.139007837417e+00       3.169749461221e+01 
       1.141487406887e+00       3.153279739884e+01 
       1.143966976365e+00       3.136913049160e+01 
       1.146446545851e+00       3.120661827310e+01 
       1.148926115346e+00       3.104508590553e+01 
       1.151405684849e+00       3.088479452761e+01 
       1.153885254360e+00       3.072539636897e+01 
       1.156364823879e+00       3.056747165637e+01 
       1.158844393405e+00       3.041091337724e+01 
       1.161323962940e+00       3.025543711576e+01 
       1.461761561928e+00       1.733363110770e+01 
       1.840246801743e+00       9.845981214554e+00 
       2.316733460211e+00       5.551345689007e+00 
       2.916594625413e+00       3.108801589381e+00 
       3.671775089834e+00       1.730181012602e+00 
       4.622490966985e+00       9.574516682882e-01 
       5.819371344127e+00       5.271122305768e-01 
       7.326154465788e+00       2.887881290655e-01 
       9.223082027710e+00       1.575581022248e-01 
       1.161117233975e+01       8.559492078596e-02 
       1.461759991923e+01       4.633208872239e-02 
       1.840246799776e+01       2.498345858123e-02 
       2.316733460210e+01       1.342786474227e-02 
