# Matter power spectrum P(k) at redshift z=0
# for k=9.01777e-06 to 20.5825 h/Mpc,
# number of wavenumbers equal to 855
#    1:k (h/Mpc)              2:P (Mpc/h)^3        
       9.017768204720e-06       7.368668906329e+01 
       2.013117065551e-05       1.598249961134e+02 
       3.127368623152e-05       2.443900573144e+02 
       4.246761821429e-05       3.282332806137e+02 
       5.373554514272e-05       4.118153170678e+02 
       6.510047082172e-05       4.954659818953e+02 
       7.658597794245e-05       5.794564469124e+02 
       8.821638686582e-05       6.640282286237e+02 
       1.000169211334e-04       7.494075649115e+02 
       1.120138812866e-04       8.358136599737e+02 
       1.242348285901e-04       9.234640425441e+02 
       1.367087802636e-04       1.012578397612e+03 
       1.494664178164e-04       1.103381576340e+03 
       1.625403100413e-04       1.196106126564e+03 
       1.759651521417e-04       1.290994548736e+03 
       1.897780223194e-04       1.388301435434e+03 
       2.040186569110e-04       1.488295492674e+03 
       2.187297447984e-04       1.591261575940e+03 
       2.339572412864e-04       1.697502695387e+03 
       2.497507008914e-04       1.807342030261e+03 
       2.661636274439e-04       1.921124939040e+03 
       2.832538385149e-04       2.039220946639e+03 
       3.010838393218e-04       2.162025658011e+03 
       3.197211988802e-04       2.289962555443e+03 
       3.392389181229e-04       2.423484587960e+03 
       3.597157759348e-04       2.563075446301e+03 
       3.812366344790e-04       2.709250397591e+03 
       4.038926798210e-04       2.862556491363e+03 
       4.277815677867e-04       3.023571937412e+03 
       4.530074384697e-04       3.192904412357e+03 
       4.796807563165e-04       3.371188015824e+03 
       5.079179270207e-04       3.559078551617e+03 
       5.378406386927e-04       3.757246887417e+03 
       5.695748744280e-04       3.966369997802e+03 
       6.032495483134e-04       4.187119585214e+03 
       6.389947290495e-04       4.420148020836e+03 
       6.769394364803e-04       4.666071812821e+03 
       7.172090273991e-04       4.925452652167e+03 
       7.599222275715e-04       5.198776811669e+03 
       8.051879143593e-04       5.486433644825e+03 
       8.531018034307e-04       5.788694364915e+03 
       9.037432361260e-04       6.105692595194e+03 
       9.571722920002e-04       6.437408335947e+03 
       1.013427455223e-03       6.783656818599e+03 
       1.072524038191e-03       7.144083602721e+03 
       1.134453510456e-03       7.518166586794e+03 
       1.199183801970e-03       7.905225786490e+03 
       1.237436309153e-03       8.132072995168e+03 
       1.266660558409e-03       8.304439159353e+03 
       1.336809238052e-03       8.714864316009e+03 
       1.409537868692e-03       9.135464073186e+03 
       1.484740239600e-03       9.565133525092e+03 
       1.562299291522e-03       1.000272752373e+04 
       1.642090484503e-03       1.044708611215e+04 
       1.723984961446e-03       1.089705742697e+04 
       1.807852375162e-03       1.135151658270e+04 
       1.893563298875e-03       1.180938079906e+04 
       1.980991187410e-03       1.226962083167e+04 
       2.070013894393e-03       1.273126816855e+04 
       2.160514777863e-03       1.319342053663e+04 
       2.252383443363e-03       1.365524482105e+04 
       2.345516181282e-03       1.411597879125e+04 
       2.439816156371e-03       1.457493065665e+04 
       2.535193403933e-03       1.503147738017e+04 
       2.631564681181e-03       1.548506189469e+04 
       2.728853215055e-03       1.593518825856e+04 
       2.826988380429e-03       1.638141592256e+04 
       2.925905335651e-03       1.682335582237e+04 
       3.025544636276e-03       1.726066201843e+04 
       3.125851842553e-03       1.769303218659e+04 
       3.226777131995e-03       1.812020023706e+04 
       3.328274924875e-03       1.854193584199e+04 
       3.430303527867e-03       1.895804349729e+04 
       3.532824798954e-03       1.936835612702e+04 
       3.635803835260e-03       1.977273731851e+04 
       3.739208684334e-03       2.017107177020e+04 
       3.843010078631e-03       2.056326798213e+04 
       3.947181192420e-03       2.094925184591e+04 
       4.051697420008e-03       2.132896051170e+04 
       4.156536173955e-03       2.170234532332e+04 
       4.261676701857e-03       2.206937799596e+04 
       4.367099920266e-03       2.243003061623e+04 
       4.472788264292e-03       2.278429439409e+04 
       4.578725551528e-03       2.313216884020e+04 
       4.684896858992e-03       2.347366205373e+04 
       4.791288411857e-03       2.380879363566e+04 
       4.897887482858e-03       2.413758802587e+04 
       5.004682301321e-03       2.446006770129e+04 
       5.111661970888e-03       2.477626732849e+04 
       5.218816395059e-03       2.508621997921e+04 
       5.326136209784e-03       2.538996255018e+04 
       5.433612722403e-03       2.568754567570e+04 
       5.541237856288e-03       2.597901468774e+04 
       5.649004100628e-03       2.626441854184e+04 
       5.756904464843e-03       2.654381354247e+04 
       5.864932437163e-03       2.681725600079e+04 
       5.973081946959e-03       2.708480110284e+04 
       6.081347330465e-03       2.734650010309e+04 
       6.189723299550e-03       2.760241835731e+04 
       6.298204913243e-03       2.785260104099e+04 
       6.406787551753e-03       2.809711514254e+04 
       6.515466892733e-03       2.833603068129e+04 
       6.624238889588e-03       2.856939752450e+04 
       6.733099751614e-03       2.879728144926e+04 
       6.842045925821e-03       2.901974682418e+04 
       6.951074080257e-03       2.923685215501e+04 
       7.060181088721e-03       2.944867026549e+04 
       7.169364016712e-03       2.965524628992e+04 
       7.278620108523e-03       2.985665581765e+04 
       7.387946775368e-03       3.005294665385e+04 
       7.497341584446e-03       3.024419111369e+04 
       7.606802248869e-03       3.043044672273e+04 
       7.716326618374e-03       3.061178370437e+04 
       7.825912670749e-03       3.078825232728e+04 
       7.935558503913e-03       3.095991811876e+04 
       8.045262328602e-03       3.112684174040e+04 
       8.155022461594e-03       3.128907946287e+04 
       8.264837319447e-03       3.144667745028e+04 
       8.374705412693e-03       3.159971382505e+04 
       8.484625340461e-03       3.174823029250e+04 
       8.594595785482e-03       3.189230946304e+04 
       8.704615509463e-03       3.203198386605e+04 
       8.814683348788e-03       3.216732348005e+04 
       8.924798210516e-03       3.229837645165e+04 
       9.034959068675e-03       3.242520348648e+04 
       9.145164960802e-03       3.254785089686e+04 
       9.255414984729e-03       3.266639477901e+04 
       9.365708295591e-03       3.278085905444e+04 
       9.476044103039e-03       3.289131130607e+04 
       9.586421668641e-03       3.299779748334e+04 
       9.696840303463e-03       3.310039641747e+04 
       9.807299365809e-03       3.319912759721e+04 
       9.917798259121e-03       3.329405484671e+04 
       1.002833643001e-02       3.338522279043e+04 
       1.013891336643e-02       3.347269363959e+04 
       1.024952859596e-02       3.355650601158e+04 
       1.036018168421e-02       3.363669981065e+04 
       1.047087223335e-02       3.371334939873e+04 
       1.058159988071e-02       3.378648308506e+04 
       1.069236429745e-02       3.385615997566e+04 
       1.080316518742e-02       3.392243091477e+04 
       1.091400228596e-02       3.398532077399e+04 
       1.102487535892e-02       3.404489321810e+04 
       1.113578420160e-02       3.410118518958e+04 
       1.124672863791e-02       3.415424574613e+04 
       1.135770851948e-02       3.420411530789e+04 
       1.146872372489e-02       3.425082313317e+04 
       1.157977415889e-02       3.429445277484e+04 
       1.169085975180e-02       3.433500989595e+04 
       1.180198045879e-02       3.437256887638e+04 
       1.191313625937e-02       3.440713699252e+04 
       1.202432715680e-02       3.443877307323e+04 
       1.213555317760e-02       3.446752054606e+04 
       1.224681437110e-02       3.449341502191e+04 
       1.235811080903e-02       3.451650876160e+04 
       1.237436309153e-02       3.451963641977e+04 
       1.246944258512e-02       3.453681958496e+04 
       1.258080981472e-02       3.455441117786e+04 
       1.269221263455e-02       3.456930917590e+04 
       1.280365120235e-02       3.458155715878e+04 
       1.291512569667e-02       3.459118679728e+04 
       1.302663631659e-02       3.459825168036e+04 
       1.313818328155e-02       3.460277007253e+04 
       1.324976683118e-02       3.460479187667e+04 
       1.336138722513e-02       3.460434761252e+04 
       1.347304474295e-02       3.460147689184e+04 
       1.358473968398e-02       3.459622431054e+04 
       1.369647236726e-02       3.458860621265e+04 
       1.380824313151e-02       3.457867575717e+04 
       1.392005233503e-02       3.456644927362e+04 
       1.403190035574e-02       3.455199374304e+04 
       1.414378759114e-02       3.453531552842e+04 
       1.425571445833e-02       3.451646830052e+04 
       1.436768139409e-02       3.449546430267e+04 
       1.447968885487e-02       3.447234288868e+04 
       1.459173731692e-02       3.444715317736e+04 
       1.470382727637e-02       3.441990951418e+04 
       1.481595924932e-02       3.439066327511e+04 
       1.492813377198e-02       3.435941558185e+04 
       1.504035140080e-02       3.432624883345e+04 
       1.515261271265e-02       3.429113076019e+04 
       1.526491830498e-02       3.425415520464e+04 
       1.537726879602e-02       3.421531624686e+04 
       1.548966482496e-02       3.417465924335e+04 
       1.560210705222e-02       3.413220111345e+04 
       1.571459615965e-02       3.408800478746e+04 
       1.582713285081e-02       3.404204354598e+04 
       1.593971785121e-02       3.399438170093e+04 
       1.605235190863e-02       3.394507024578e+04 
       1.616503579341e-02       3.389410179838e+04 
       1.627777029876e-02       3.384151051671e+04 
       1.639055624109e-02       3.378734114014e+04 
       1.650339446038e-02       3.373161503493e+04 
       1.661628582054e-02       3.367434305243e+04 
       1.672923120979e-02       3.361559707197e+04 
       1.684223154105e-02       3.355534908654e+04 
       1.695528775235e-02       3.349370305013e+04 
       1.706840080732e-02       3.343057494422e+04 
       1.718157169555e-02       3.336606798673e+04 
       1.729480143313e-02       3.330022104754e+04 
       1.740809106312e-02       3.323301171515e+04 
       1.752144165602e-02       3.316449878829e+04 
       1.763485431034e-02       3.309470962001e+04 
       1.774833015309e-02       3.302363889254e+04 
       1.786187034040e-02       3.295130755622e+04 
       1.797547605804e-02       3.287780600010e+04 
       1.808914852206e-02       3.280310864895e+04 
       1.820288897940e-02       3.272724120117e+04 
       1.831669870852e-02       3.265020746201e+04 
       1.843057902006e-02       3.257209833461e+04 
       1.854453125757e-02       3.249286841567e+04 
       1.865855679814e-02       3.241260186867e+04 
       1.877265705321e-02       3.233126387133e+04 
       1.888683346926e-02       3.224894931801e+04 
       1.900108752863e-02       3.216555029660e+04 
       1.911542075032e-02       3.208123597901e+04 
       1.922983469077e-02       3.199600011412e+04 
       1.934433094480e-02       3.190979723715e+04 
       1.945891114643e-02       3.182269751116e+04 
       1.957357696982e-02       3.173467550861e+04 
       1.968833013019e-02       3.164579517679e+04 
       1.980317238481e-02       3.155606109359e+04 
       1.991810553402e-02       3.146557054492e+04 
       2.003313142220e-02       3.137422190255e+04 
       2.014825193893e-02       3.128212594944e+04 
       2.026346902000e-02       3.118921985930e+04 
       2.037878464861e-02       3.109558066049e+04 
       2.049420085653e-02       3.100122686078e+04 
       2.060971972528e-02       3.090622732740e+04 
       2.072534338742e-02       3.081046807606e+04 
       2.084107402784e-02       3.071408682989e+04 
       2.095691388505e-02       3.061701682150e+04 
       2.107286525261e-02       3.051933740525e+04 
       2.118893048051e-02       3.042110185282e+04 
       2.130511197668e-02       3.032216404298e+04 
       2.142141220844e-02       3.022270475777e+04 
       2.153783370415e-02       3.012279287308e+04 
       2.165437905476e-02       3.002224116485e+04 
       2.177105091553e-02       2.992121112304e+04 
       2.188785200770e-02       2.981963812348e+04 
       2.200478512035e-02       2.971763472268e+04 
       2.212185311220e-02       2.961506287447e+04 
       2.223905891351e-02       2.951213671422e+04 
       2.235640552811e-02       2.940869628265e+04 
       2.247389603537e-02       2.930490014364e+04 
       2.259153359238e-02       2.920065987331e+04 
       2.270932143609e-02       2.909608211943e+04 
       2.282726288560e-02       2.899114201662e+04 
       2.294536134450e-02       2.888573818881e+04 
       2.306362030328e-02       2.878001124553e+04 
       2.318204334185e-02       2.867402593871e+04 
       2.330063413216e-02       2.856768912199e+04 
       2.341939644087e-02       2.846098382903e+04 
       2.353833413217e-02       2.835411415659e+04 
       2.365745117065e-02       2.824691794247e+04 
       2.377675162432e-02       2.813945576745e+04 
       2.389623966771e-02       2.803174166791e+04 
       2.401591958514e-02       2.792382388754e+04 
       2.413579577401e-02       2.781564801946e+04 
       2.425587274834e-02       2.770728517533e+04 
       2.437615514233e-02       2.759876371141e+04 
       2.449664771415e-02       2.748990278527e+04 
       2.461735534981e-02       2.738101137717e+04 
       2.473828306724e-02       2.727199232618e+04 
       2.485943602043e-02       2.716278463718e+04 
       2.498081950390e-02       2.705336383052e+04 
       2.510243895716e-02       2.694394302813e+04 
       2.522429996947e-02       2.683427705144e+04 
       2.534640828479e-02       2.672457896616e+04 
       2.546876980687e-02       2.661479011085e+04 
       2.559139060460e-02       2.650491181402e+04 
       2.571427691755e-02       2.639497292178e+04 
       2.583743516177e-02       2.628489496280e+04 
       2.596087193583e-02       2.617477121302e+04 
       2.608459402711e-02       2.606468242482e+04 
       2.620860841833e-02       2.595454745936e+04 
       2.633292229443e-02       2.584437948939e+04 
       2.645754304970e-02       2.573418621191e+04 
       2.658247829524e-02       2.562396502727e+04 
       2.670773586674e-02       2.551375387157e+04 
       2.683332383264e-02       2.540356312088e+04 
       2.695925050260e-02       2.529333073360e+04 
       2.708552443645e-02       2.518321637406e+04 
       2.721215445346e-02       2.507297859882e+04 
       2.733914964208e-02       2.496298354299e+04 
       2.746651937014e-02       2.485287074841e+04 
       2.759427329556e-02       2.474283808808e+04 
       2.772242137749e-02       2.463290184495e+04 
       2.785097388808e-02       2.452314632362e+04 
       2.797994142477e-02       2.441326075611e+04 
       2.810933492320e-02       2.430348208103e+04 
       2.823916567079e-02       2.419387487722e+04 
       2.836944532091e-02       2.408433359140e+04 
       2.850018590792e-02       2.397486035333e+04 
       2.863139986282e-02       2.386545627984e+04 
       2.876310002983e-02       2.375612291657e+04 
       2.889529968376e-02       2.364705449588e+04 
       2.902801254839e-02       2.353800034262e+04 
       2.916125281569e-02       2.342903546247e+04 
       2.929503516625e-02       2.332021381722e+04 
       2.942937479065e-02       2.321155876362e+04 
       2.956428741218e-02       2.310302455853e+04 
       2.969978931066e-02       2.299459702336e+04 
       2.983589734776e-02       2.288627033621e+04 
       2.997262899363e-02       2.277814557438e+04 
       3.011000235518e-02       2.267009924784e+04 
       3.024803620590e-02       2.256226970612e+04 
       3.038675001755e-02       2.245453453871e+04 
       3.052616399362e-02       2.234691129233e+04 
       3.066629910495e-02       2.223949521192e+04 
       3.080717712740e-02       2.213222927028e+04 
       3.094882068192e-02       2.202509661190e+04 
       3.109125327712e-02       2.191808091813e+04 
       3.123449935452e-02       2.181124158955e+04 
       3.137858433671e-02       2.170457739754e+04 
       3.152353467864e-02       2.159803923005e+04 
       3.166937792232e-02       2.149172869759e+04 
       3.181614275507e-02       2.138551600529e+04 
       3.196385907183e-02       2.127941529716e+04 
       3.211255804162e-02       2.117353769867e+04 
       3.226227217867e-02       2.106773793690e+04 
       3.241303541855e-02       2.096217337929e+04 
       3.256488319967e-02       2.085668691614e+04 
       3.271785255073e-02       2.075137802520e+04 
       3.287198218451e-02       2.064616809460e+04 
       3.302731259871e-02       2.054113396493e+04 
       3.318388618428e-02       2.043625402966e+04 
       3.334174734211e-02       2.033147648464e+04 
       3.350094260877e-02       2.022684592531e+04 
       3.366152079208e-02       2.012231633259e+04 
       3.382353311761e-02       2.001793990716e+04 
       3.398703338700e-02       1.991370443643e+04 
       3.415207814938e-02       1.980949426824e+04 
       3.431872688710e-02       1.970545099575e+04 
       3.448704221730e-02       1.960144889684e+04 
       3.465709011093e-02       1.949765101501e+04 
       3.482894013096e-02       1.939383953013e+04 
       3.500266569195e-02       1.929012456608e+04 
       3.517834434320e-02       1.918647236299e+04 
       3.535605807812e-02       1.908298160253e+04 
       3.553589367267e-02       1.897947069853e+04 
       3.571794305632e-02       1.887593591909e+04 
       3.590230371914e-02       1.877248502054e+04 
       3.608907915936e-02       1.866906905004e+04 
       3.627837937633e-02       1.856567443165e+04 
       3.647032141422e-02       1.846226771199e+04 
       3.666502996307e-02       1.835880951104e+04 
       3.686263802426e-02       1.825533183289e+04 
       3.706328764880e-02       1.815183430671e+04 
       3.726713075816e-02       1.804821105843e+04 
       3.747433005868e-02       1.794464288668e+04 
       3.768506006250e-02       1.784080579182e+04 
       3.789950822990e-02       1.773694809315e+04 
       3.811787625070e-02       1.763292360029e+04 
       3.834038148490e-02       1.752873583657e+04 
       3.856725858652e-02       1.742436861628e+04 
       3.879876133894e-02       1.731975888286e+04 
       3.903516473463e-02       1.721492445573e+04 
       3.927676733878e-02       1.710986033052e+04 
       3.952389398344e-02       1.700443634634e+04 
       3.977689884778e-02       1.689864912774e+04 
       4.003616899120e-02       1.679245395611e+04 
       4.030212841933e-02       1.668590115691e+04 
       4.057524277953e-02       1.657890996534e+04 
       4.085602480297e-02       1.647137462411e+04 
       4.114504063566e-02       1.636321933190e+04 
       4.144291723242e-02       1.625443269860e+04 
       4.175035102728e-02       1.614496833849e+04 
       4.206811814335e-02       1.603471614687e+04 
       4.239708646778e-02       1.592359128661e+04 
       4.273822999666e-02       1.581149289674e+04 
       4.309264595494e-02       1.569834820104e+04 
       4.346157532457e-02       1.558404633268e+04 
       4.384642757673e-02       1.546840371964e+04 
       4.424881061190e-02       1.535127816204e+04 
       4.467056717555e-02       1.523249378726e+04 
       4.511381935167e-02       1.511182795511e+04 
       4.558102315543e-02       1.498897124151e+04 
       4.607503576148e-02       1.486371196837e+04 
       4.659919851862e-02       1.473563304450e+04 
       4.715743958996e-02       1.460426790498e+04 
       4.775440073787e-02       1.446906207737e+04 
       4.839559323696e-02       1.432925155575e+04 
       4.908758768683e-02       1.418402861602e+04 
       4.983824066149e-02       1.403213220963e+04 
       5.065695582128e-02       1.387202805194e+04 
       5.155496489616e-02       1.370166216563e+04 
       5.254558895199e-02       1.351831019896e+04 
       5.364439377319e-02       1.331830430620e+04 
       5.486907546501e-02       1.309675541427e+04 
       5.623880384040e-02       1.284726748524e+04 
       5.777265172789e-02       1.256188194910e+04 
       5.948677913446e-02       1.223134414776e+04 
       6.139046365045e-02       1.184645329184e+04 
       6.348203063671e-02       1.140045756707e+04 
       6.574677655892e-02       1.089229926902e+04 
       6.815878394325e-02       1.032931523477e+04 
       7.068634929257e-02       9.727609003319e+03 
       7.329831040103e-02       9.109702540882e+03 
       7.596842872366e-02       8.500442927993e+03 
       7.867692904829e-02       7.922909455389e+03 
       8.141001117788e-02       7.395395628651e+03 
       8.415852767959e-02       6.929941444759e+03 
       8.691661400936e-02       6.532057498759e+03 
       8.968058876488e-02       6.201352732658e+03 
       9.244817104470e-02       5.932524647951e+03 
       9.521795892198e-02       5.716731397290e+03 
       9.798909483509e-02       5.542641867054e+03 
       1.007610556503e-01       5.397745202247e+03 
       1.035335226922e-01       5.269398016958e+03 
       1.063063019241e-01       5.145936504561e+03 
       1.090792751636e-01       5.017635067275e+03 
       1.118523703519e-01       4.877455991924e+03 
       1.146255434669e-01       4.721537293790e+03 
       1.173987675302e-01       4.549234342152e+03 
       1.201720259297e-01       4.362797026457e+03 
       1.229453083635e-01       4.166699089304e+03 
       1.237436309153e-01       4.109270930592e+03 
       1.257186083775e-01       3.966792378788e+03 
       1.284919218682e-01       3.769403792341e+03 
       1.312652461739e-01       3.580505066267e+03 
       1.340385795207e-01       3.405123976331e+03 
       1.368119206865e-01       3.246893502109e+03 
       1.395852687945e-01       3.107884545222e+03 
       1.423586231877e-01       2.988589538813e+03 
       1.451319833522e-01       2.888090269893e+03 
       1.479053488686e-01       2.804277327575e+03 
       1.506787193831e-01       2.734179997543e+03 
       1.534520945883e-01       2.674286660409e+03 
       1.562254742117e-01       2.620893224670e+03 
       1.589988580075e-01       2.571031797112e+03 
       1.617722457517e-01       2.521025668201e+03 
       1.645456372383e-01       2.468163206663e+03 
       1.673190322769e-01       2.410698041787e+03 
       1.700924306907e-01       2.347849096150e+03 
       1.728658323149e-01       2.279821148341e+03 
       1.756392369955e-01       2.207645711817e+03 
       1.784126445885e-01       2.132939772692e+03 
       1.811860549591e-01       2.057583209364e+03 
       1.839594679804e-01       1.983454904852e+03 
       1.867328835334e-01       1.912225235254e+03 
       1.895063015060e-01       1.845253254384e+03 
       1.922797217929e-01       1.783522410808e+03 
       1.950531442946e-01       1.727627503353e+03 
       1.978265689172e-01       1.677772471195e+03 
       2.005999955723e-01       1.633781529160e+03 
       2.033734241760e-01       1.595114997721e+03 
       2.061468546492e-01       1.560927337205e+03 
       2.089202869170e-01       1.530164982564e+03 
       2.116937209083e-01       1.501679520937e+03 
       2.144671565559e-01       1.474360991220e+03 
       2.172405937959e-01       1.447245310690e+03 
       2.200140325678e-01       1.419585917163e+03 
       2.227874728140e-01       1.390898590875e+03 
       2.255609144797e-01       1.360934828748e+03 
       2.283343575129e-01       1.329677875318e+03 
       2.311078018642e-01       1.297328172613e+03 
       2.338812474863e-01       1.264239586287e+03 
       2.366546943342e-01       1.230908236675e+03 
       2.394281423653e-01       1.197896091684e+03 
       2.422015915385e-01       1.165782141560e+03 
       2.449750418148e-01       1.135070395653e+03 
       2.477484931571e-01       1.106141986597e+03 
       2.505219455297e-01       1.079223630823e+03 
       2.532953988986e-01       1.054376171508e+03 
       2.560688532312e-01       1.031520637575e+03 
       2.588423084965e-01       1.010478189368e+03 
       2.616157646645e-01       9.910028078960e+02 
       2.643892217067e-01       9.727992623693e+02 
       2.671626795958e-01       9.555573605248e+02 
       2.699361383056e-01       9.389637421385e+02 
       2.727095978107e-01       9.227129470773e+02 
       2.754830580872e-01       9.065448717378e+02 
       2.782565191119e-01       8.902637306469e+02 
       2.810299808624e-01       8.737527729136e+02 
       2.838034433174e-01       8.569902949326e+02 
       2.865769064563e-01       8.400290403301e+02 
       2.893503702595e-01       8.229824558655e+02 
       2.921238347078e-01       8.059933009976e+02 
       2.948972997829e-01       7.892124430394e+02 
       2.976707654674e-01       7.727799761854e+02 
       3.004442317442e-01       7.568293147594e+02 
       3.032176985970e-01       7.414654338418e+02 
       3.059911660101e-01       7.267756199639e+02 
       3.087646339683e-01       7.128170230375e+02 
       3.115381024569e-01       6.995952574185e+02 
       3.143115714620e-01       6.870878556986e+02 
       3.170850409698e-01       6.752191307951e+02 
       3.198585109672e-01       6.638893707858e+02 
       3.226319814416e-01       6.529890108217e+02 
       3.254054523807e-01       6.424084894615e+02 
       3.281789237727e-01       6.320612675869e+02 
       3.309523956061e-01       6.218754915452e+02 
       3.337258678700e-01       6.118032719757e+02 
       3.364993405535e-01       6.018097086526e+02 
       3.392728136464e-01       5.918717242756e+02 
       3.420462871386e-01       5.819825777995e+02 
       3.448197610206e-01       5.721496780231e+02 
       3.475932352829e-01       5.624020571198e+02 
       3.503667099165e-01       5.527763224086e+02 
       3.531401849125e-01       5.433212038460e+02 
       3.559136602625e-01       5.340782423070e+02 
       3.586871359583e-01       5.250815919112e+02 
       3.614606119918e-01       5.163509939808e+02 
       3.642340883553e-01       5.078939454357e+02 
       3.670075650413e-01       4.997112722809e+02 
       3.697810420425e-01       4.917936539484e+02 
       3.725545193518e-01       4.841388797514e+02 
       3.753279969624e-01       4.767329855685e+02 
       3.781014748677e-01       4.695591928687e+02 
       3.808749530611e-01       4.625937688313e+02 
       3.836484315364e-01       4.558039931273e+02 
       3.864219102875e-01       4.491582794119e+02 
       3.891953893086e-01       4.426270341602e+02 
       3.919688685937e-01       4.361876209845e+02 
       3.947423481374e-01       4.298298196961e+02 
       3.975158279343e-01       4.235494078427e+02 
       4.002893079789e-01       4.173479358791e+02 
       4.030627882663e-01       4.112289558588e+02 
       4.058362687914e-01       4.051930148152e+02 
       4.086097495494e-01       3.992448561601e+02 
       4.113832305355e-01       3.933940485419e+02 
       4.141567117452e-01       3.876492325025e+02 
       4.169301931739e-01       3.820247445740e+02 
       4.197036748173e-01       3.765337141015e+02 
       4.224771566711e-01       3.711840991111e+02 
       4.252506387313e-01       3.659762964400e+02 
       4.280241209938e-01       3.609066713758e+02 
       4.307976034547e-01       3.559642840815e+02 
       4.335710861102e-01       3.511371999737e+02 
       4.363445689565e-01       3.464152381786e+02 
       4.391180519900e-01       3.417922605316e+02 
       4.418915352072e-01       3.372603496941e+02 
       4.446650186046e-01       3.328126376613e+02 
       4.474385021789e-01       3.284428380149e+02 
       4.502119859268e-01       3.241409939860e+02 
       4.529854698451e-01       3.199006430530e+02 
       4.557589539307e-01       3.157165870560e+02 
       4.585324381805e-01       3.115895322988e+02 
       4.613059225915e-01       3.075239506913e+02 
       4.640794071609e-01       3.035240520631e+02 
       4.668528918859e-01       2.995951487918e+02 
       4.696263767636e-01       2.957371445523e+02 
       4.723998617914e-01       2.919506129195e+02 
       4.751733469666e-01       2.882321511737e+02 
       4.779468322866e-01       2.845816953249e+02 
       4.807203177490e-01       2.810000077539e+02 
       4.834938033513e-01       2.774864411086e+02 
       4.862672890911e-01       2.740444629931e+02 
       4.890407749660e-01       2.706713390173e+02 
       4.918142609738e-01       2.673655123428e+02 
       4.945877471122e-01       2.641217461457e+02 
       4.973612333789e-01       2.609329536510e+02 
       5.001347197720e-01       2.577966508985e+02 
       5.029082062892e-01       2.547108419362e+02 
       5.056816929286e-01       2.516731090183e+02 
       5.084551796881e-01       2.486853042113e+02 
       5.112286665657e-01       2.457462504336e+02 
       5.140021535596e-01       2.428529205165e+02 
       5.167756406679e-01       2.400034888819e+02 
       5.195491278887e-01       2.371943877978e+02 
       5.223226152203e-01       2.344262476841e+02 
       5.250961026608e-01       2.316974677908e+02 
       5.278695902086e-01       2.290120505031e+02 
       5.306430778619e-01       2.263721895888e+02 
       5.334165656192e-01       2.237776282631e+02 
       5.361900534787e-01       2.212281221611e+02 
       5.389635414390e-01       2.187212430296e+02 
       5.417370294984e-01       2.162550966607e+02 
       5.445105176555e-01       2.138266764707e+02 
       5.472840059088e-01       2.114372283421e+02 
       5.500574942567e-01       2.090871775195e+02 
       5.528309826980e-01       2.067758697337e+02 
       5.556044712311e-01       2.045031749597e+02 
       5.583779598547e-01       2.022666873652e+02 
       5.611514485674e-01       2.000649362157e+02 
       5.639249373680e-01       1.978931226554e+02 
       5.666984262551e-01       1.957519890539e+02 
       5.694719152275e-01       1.936412473664e+02 
       5.722454042840e-01       1.915604265595e+02 
       5.750188934232e-01       1.895118688156e+02 
       5.777923826441e-01       1.874943030148e+02 
       5.805658719454e-01       1.855074952641e+02 
       5.833393613260e-01       1.835489289924e+02 
       5.861128507848e-01       1.816170351431e+02 
       5.888863403206e-01       1.797130168139e+02 
       5.916598299324e-01       1.778344245649e+02 
       5.944333196192e-01       1.759846917755e+02 
       5.972068093797e-01       1.741632103748e+02 
       5.999802992132e-01       1.723706840525e+02 
       6.027537891184e-01       1.706050827901e+02 
       6.055272790945e-01       1.688658982169e+02 
       6.083007691404e-01       1.671490064774e+02 
       6.110742592553e-01       1.654559147734e+02 
       6.138477494381e-01       1.637861913472e+02 
       6.166212396880e-01       1.621400762603e+02 
       6.193947300041e-01       1.605190436772e+02 
       6.221682203854e-01       1.589215086590e+02 
       6.249417108311e-01       1.573460042467e+02 
       6.277152013404e-01       1.557919725140e+02 
       6.304886919124e-01       1.542577446217e+02 
       6.332621825462e-01       1.527432723768e+02 
       6.360356732411e-01       1.512479805149e+02 
       6.388091639963e-01       1.497740857894e+02 
       6.415826548110e-01       1.483211106073e+02 
       6.443561456843e-01       1.468891099297e+02 
       6.471296366157e-01       1.454767641022e+02 
       6.499031276042e-01       1.440826502335e+02 
       6.526766186493e-01       1.427062181993e+02 
       6.554501097501e-01       1.413473054334e+02 
       6.582236009059e-01       1.400059810618e+02 
       6.609970921161e-01       1.386827292219e+02 
       6.637705833800e-01       1.373781485604e+02 
       6.665440746969e-01       1.360917017853e+02 
       6.693175660662e-01       1.348228412764e+02 
       6.720910574872e-01       1.335701858690e+02 
       6.748645489592e-01       1.323322222632e+02 
       6.776380404816e-01       1.311090938167e+02 
       6.804115320539e-01       1.299018185691e+02 
       6.831850236754e-01       1.287101420429e+02 
       6.859585153455e-01       1.275348248128e+02 
       6.887320070636e-01       1.263752535723e+02 
       6.915054988292e-01       1.252303497581e+02 
       6.942789906416e-01       1.240993565041e+02 
       6.970524825003e-01       1.229818761120e+02 
       6.998259744048e-01       1.218768642284e+02 
       7.025994663545e-01       1.207857023111e+02 
       7.053729583489e-01       1.197090755058e+02 
       7.081464503875e-01       1.186463709178e+02 
       7.109199424697e-01       1.175975230378e+02 
       7.136934345950e-01       1.165618190743e+02 
       7.164669267629e-01       1.155381681869e+02 
       7.192404189730e-01       1.145261434696e+02 
       7.220139112247e-01       1.135262615144e+02 
       7.247874035176e-01       1.125379001153e+02 
       7.275608958512e-01       1.115621010910e+02 
       7.303343882250e-01       1.105997359073e+02 
       7.331078806386e-01       1.096484701651e+02 
       7.358813730916e-01       1.087091672601e+02 
       7.386548655834e-01       1.077804332130e+02 
       7.414283581136e-01       1.068616981988e+02 
       7.442018506818e-01       1.059535842360e+02 
       7.469753432877e-01       1.050560252597e+02 
       7.497488359307e-01       1.041697056614e+02 
       7.525223286105e-01       1.032943866130e+02 
       7.552958213266e-01       1.024295590128e+02 
       7.580693140787e-01       1.015750899978e+02 
       7.608428068663e-01       1.007301022577e+02 
       7.636162996891e-01       9.989346839122e+01 
       7.663897925467e-01       9.906682489199e+01 
       7.691632854387e-01       9.824931452199e+01 
       7.719367783647e-01       9.744194587702e+01 
       7.747102713244e-01       9.664448318797e+01 
       7.774837643175e-01       9.585634112220e+01 
       7.802572573434e-01       9.507690710166e+01 
       7.830307504020e-01       9.430612028853e+01 
       7.858042434929e-01       9.354314002596e+01 
       7.885777366156e-01       9.278859097182e+01 
       7.913512297700e-01       9.204271805866e+01 
       7.941247229556e-01       9.130562395280e+01 
       7.968982161721e-01       9.057697242904e+01 
       7.996717094192e-01       8.985727513733e+01 
       8.024452026967e-01       8.914522200690e+01 
       8.052186960040e-01       8.844054220743e+01 
       8.079921893411e-01       8.774245960591e+01 
       8.107656827075e-01       8.705254490006e+01 
       8.135391761029e-01       8.637023066057e+01 
       8.163126695271e-01       8.569573993907e+01 
       8.190861629798e-01       8.502875857961e+01 
       8.218596564607e-01       8.436951110959e+01 
       8.246331499694e-01       8.371702303760e+01 
       8.274066435058e-01       8.307124008429e+01 
       8.301801370695e-01       8.243211414585e+01 
       8.329536306602e-01       8.179917151867e+01 
       8.357271242778e-01       8.117329979782e+01 
       8.385006179219e-01       8.055482003653e+01 
       8.412741115922e-01       7.994310959360e+01 
       8.440476052885e-01       7.933784616959e+01 
       8.468210990106e-01       7.873901992060e+01 
       8.495945927582e-01       7.814586545065e+01 
       8.523680865310e-01       7.755889765178e+01 
       8.551415803289e-01       7.697749014582e+01 
       8.579150741514e-01       7.640259910244e+01 
       8.606885679985e-01       7.583432369436e+01 
       8.634620618699e-01       7.527186327983e+01 
       8.662355557654e-01       7.471502072462e+01 
       8.690090496846e-01       7.416457683402e+01 
       8.717825436274e-01       7.361864939278e+01 
       8.745560375936e-01       7.307818597278e+01 
       8.773295315829e-01       7.254321711691e+01 
       8.801030255952e-01       7.201379495379e+01 
       8.828765196302e-01       7.149028769279e+01 
       8.856500136876e-01       7.097220239346e+01 
       8.884235077674e-01       7.045918204738e+01 
       8.911970018692e-01       6.995158624479e+01 
       8.939704959928e-01       6.944860383340e+01 
       8.967439901382e-01       6.895016744966e+01 
       8.995174843050e-01       6.845661203558e+01 
       9.022909784931e-01       6.796818985813e+01 
       9.050644727022e-01       6.748514077832e+01 
       9.078379669322e-01       6.700694915617e+01 
       9.106114611829e-01       6.653355446850e+01 
       9.133849554541e-01       6.606461711793e+01 
       9.161584497456e-01       6.559976060739e+01 
       9.189319440573e-01       6.513939128316e+01 
       9.217054383888e-01       6.468349697981e+01 
       9.244789327402e-01       6.423196975604e+01 
       9.272524271111e-01       6.378533849337e+01 
       9.300259215014e-01       6.334337300952e+01 
       9.327994159110e-01       6.290560757378e+01 
       9.355729103396e-01       6.247174689352e+01 
       9.383464047872e-01       6.204161749546e+01 
       9.411198992534e-01       6.161556786587e+01 
       9.438933937383e-01       6.119347971772e+01 
       9.466668882415e-01       6.077548140182e+01 
       9.494403827630e-01       6.036191479727e+01 
       9.522138773025e-01       5.995267820389e+01 
       9.549873718600e-01       5.954711416735e+01 
       9.577608664352e-01       5.914501789514e+01 
       9.605343610281e-01       5.874632879769e+01 
       9.633078556384e-01       5.835117767866e+01 
       9.660813502660e-01       5.795996818980e+01 
       9.688548449108e-01       5.757271441980e+01 
       9.716283395726e-01       5.718893975070e+01 
       9.744018342512e-01       5.680889342606e+01 
       9.771753289466e-01       5.643286897355e+01 
       9.799488236586e-01       5.605965639334e+01 
       9.827223183870e-01       5.568970497950e+01 
       9.854958131317e-01       5.532278777150e+01 
       9.882693078926e-01       5.495934351312e+01 
       9.910428026694e-01       5.459975763283e+01 
       9.938162974622e-01       5.424325258669e+01 
       9.965897922708e-01       5.389040380617e+01 
       9.993632870950e-01       5.354067495677e+01 
       1.002136781935e+00       5.319380828836e+01 
       1.004910276790e+00       5.284989904394e+01 
       1.007683771660e+00       5.250855468896e+01 
       1.010457266545e+00       5.217085907570e+01 
       1.013230761446e+00       5.183630179949e+01 
       1.016004256361e+00       5.150478770195e+01 
       1.018777751291e+00       5.117620641253e+01 
       1.021551246236e+00       5.085088872254e+01 
       1.024324741195e+00       5.052788570559e+01 
       1.027098236169e+00       5.020751538510e+01 
       1.029871731156e+00       4.989009408241e+01 
       1.032645226158e+00       4.957512059832e+01 
       1.035418721174e+00       4.926374922484e+01 
       1.038192216204e+00       4.895487141111e+01 
       1.040965711248e+00       4.864899314986e+01 
       1.043739206306e+00       4.834540807770e+01 
       1.046512701377e+00       4.804439433959e+01 
       1.049286196461e+00       4.774557216407e+01 
       1.052059691559e+00       4.744969455006e+01 
       1.054833186671e+00       4.715613285636e+01 
       1.057606681795e+00       4.686547166786e+01 
       1.060380176933e+00       4.657720289804e+01 
       1.063153672083e+00       4.629171449774e+01 
       1.065927167247e+00       4.600852829654e+01 
       1.068700662423e+00       4.572741747222e+01 
       1.071474157612e+00       4.544854166675e+01 
       1.074247652813e+00       4.517214968745e+01 
       1.077021148027e+00       4.489808335676e+01 
       1.079794643253e+00       4.462650022851e+01 
       1.082568138492e+00       4.435728904726e+01 
       1.085341633742e+00       4.409051311687e+01 
       1.088115129005e+00       4.382564696852e+01 
       1.090888624280e+00       4.356290105949e+01 
       1.093662119567e+00       4.330239674556e+01 
       1.096435614865e+00       4.304377142437e+01 
       1.099209110176e+00       4.278746562225e+01 
       1.101982605498e+00       4.253348262980e+01 
       1.104756100831e+00       4.228170457699e+01 
       1.107529596176e+00       4.203204511433e+01 
       1.110303091532e+00       4.178424136200e+01 
       1.113076586900e+00       4.153831224385e+01 
       1.115850082279e+00       4.129430547196e+01 
       1.118623577669e+00       4.105221060770e+01 
       1.121397073070e+00       4.081230839418e+01 
       1.124170568482e+00       4.057436827169e+01 
       1.126944063905e+00       4.033866849486e+01 
       1.129717559338e+00       4.010444277967e+01 
       1.132491054783e+00       3.987234742025e+01 
       1.135264550238e+00       3.964192773016e+01 
       1.138038045704e+00       3.941320725398e+01 
       1.140811541180e+00       3.918637859144e+01 
       1.143585036666e+00       3.896128886241e+01 
       1.146358532163e+00       3.873826292001e+01 
       1.149132027670e+00       3.851719685146e+01 
       1.151905523187e+00       3.829768510755e+01 
       1.154679018715e+00       3.807974578700e+01 
       1.157452514252e+00       3.786372975421e+01 
       1.160226009800e+00       3.764906903395e+01 
       1.162999505357e+00       3.743612196728e+01 
       1.165773000924e+00       3.722502643295e+01 
       1.168546496501e+00       3.701566548206e+01 
       1.171319992088e+00       3.680795304036e+01 
       1.174093487684e+00       3.660189671511e+01 
       1.176866983290e+00       3.639749346010e+01 
       1.179640478905e+00       3.619442564977e+01 
       1.182413974530e+00       3.599283341253e+01 
       1.185187470164e+00       3.579270266720e+01 
       1.187960965807e+00       3.559429608893e+01 
       1.190734461460e+00       3.539763677411e+01 
       1.193507957122e+00       3.520236346818e+01 
       1.196281452792e+00       3.500856128066e+01 
       1.199054948472e+00       3.481635602602e+01 
       1.201828444161e+00       3.462538723578e+01 
       1.204601939859e+00       3.443585234519e+01 
       1.207375435565e+00       3.424765364183e+01 
       1.210148931281e+00       3.406119042969e+01 
       1.212922427005e+00       3.387610805932e+01 
       1.215695922738e+00       3.369259662638e+01 
       1.218469418479e+00       3.351017673214e+01 
       1.221242914229e+00       3.332917639725e+01 
       1.224016409987e+00       3.314943499081e+01 
       1.226789905754e+00       3.297092451136e+01 
       1.229563401529e+00       3.279392905385e+01 
       1.232336897313e+00       3.261828801394e+01 
       1.235110393104e+00       3.244409160704e+01 
       1.237436309153e+00       3.229876508671e+01 
       1.237883888904e+00       3.227129845041e+01 
       1.240657384712e+00       3.209943806179e+01 
       1.243430880529e+00       3.192885576188e+01 
       1.246204376353e+00       3.175935232834e+01 
       1.248977872185e+00       3.159128786974e+01 
       1.251751368025e+00       3.142440533666e+01 
       1.254524863873e+00       3.125884450055e+01 
       1.257298359729e+00       3.109476840302e+01 
       1.260071855593e+00       3.093159969220e+01 
       1.262845351464e+00       3.076972943409e+01 
       1.265618847343e+00       3.060897508269e+01 
       1.268392343230e+00       3.044915501466e+01 
       1.271165839124e+00       3.029071035669e+01 
       1.273939335026e+00       3.013316061788e+01 
       1.276712830935e+00       2.997692936990e+01 
       1.279486326852e+00       2.982207001709e+01 
       1.282259822776e+00       2.966823151689e+01 
       1.285033318707e+00       2.951539043473e+01 
       1.287806814646e+00       2.936369275974e+01 
       1.290580310592e+00       2.921257423063e+01 
       1.293353806545e+00       2.906290041517e+01 
       1.296127302505e+00       2.891425570328e+01 
       1.298900798472e+00       2.876681860198e+01 
       1.634929533045e+00       1.651319546898e+01 
       2.058252123404e+00       9.396629706288e+00 
       2.591185899256e+00       5.306523570188e+00 
       3.262109775256e+00       2.976207325527e+00 
       4.106752892132e+00       1.658817186563e+00 
       5.170095575864e+00       9.191801365611e-01 
       6.508764701860e+00       5.066757835771e-01 
       8.194049282560e+00       2.779486330869e-01 
       1.031569686731e+01       1.517950064031e-01 
       1.298669292662e+01       8.254772449288e-02 
       1.634927774049e+01       4.472113819978e-02 
       2.058252121198e+01       2.414353645928e-02 
