# Matter power spectrum P(k) at redshift z=0
# for k=8.06198e-06 to 23.1673 h/Mpc,
# number of wavenumbers equal to 861
#    1:k (h/Mpc)              2:P (Mpc/h)^3        
       8.061980080967e-06       1.011571462122e+02 
       1.799630943511e-05       2.193937206422e+02 
       2.795144444371e-05       3.354098492985e+02 
       3.794330216898e-05       4.503296505263e+02 
       4.798795688201e-05       5.647406447174e+02 
       5.810172544538e-05       6.790497208834e+02 
       6.830125434979e-05       7.935816452865e+02 
       7.860360911496e-05       9.086183062332e+02 
       8.902636677084e-05       1.024417765293e+03 
       9.958771214245e-05       1.141225024487e+03 
       1.103065386704e-04       1.259278707606e+03 
       1.212025545063e-04       1.378815651755e+03 
       1.322963946267e-04       1.500074292506e+03 
       1.436097397060e-04       1.623297407700e+03 
       1.551654424775e-04       1.748734345619e+03 
       1.669876622809e-04       1.876643105548e+03 
       1.791020084481e-04       2.007292174401e+03 
       1.915356930940e-04       2.140962337025e+03 
       2.043176937639e-04       2.277948399770e+03 
       2.174789262103e-04       2.418560910508e+03 
       2.310524273322e-04       2.563127852188e+03 
       2.450735479811e-04       2.711996351387e+03 
       2.595801548955e-04       2.865534347682e+03 
       2.746128404513e-04       3.024132246655e+03 
       2.902151381750e-04       3.188204520717e+03 
       3.064337410232e-04       3.358191193168e+03 
       3.233187182630e-04       3.534559203348e+03 
       3.409237253478e-04       3.717803532242e+03 
       3.593061994556e-04       3.908448041770e+03 
       3.785275313216e-04       4.107045891393e+03 
       3.986532016651e-04       4.314179460668e+03 
       4.197528679206e-04       4.530459528080e+03 
       4.419003842333e-04       4.756523633770e+03 
       4.651737349255e-04       4.993033379219e+03 
       4.896548591380e-04       5.240670477973e+03 
       5.154293424640e-04       5.500131266810e+03 
       5.425859505803e-04       5.772119590754e+03 
       5.712159807542e-04       6.057337749780e+03 
       6.014124102975e-04       6.356475490074e+03 
       6.332688272377e-04       6.670196791648e+03 
       6.668781382122e-04       6.999124798813e+03 
       7.023310621381e-04       7.343824768045e+03 
       7.397144353408e-04       7.704785896327e+03 
       7.791093736539e-04       8.082401967383e+03 
       8.205893578336e-04       8.476952462437e+03 
       8.642183279931e-04       8.888584515683e+03 
       9.100488876135e-04       9.317297510556e+03 
       9.581207249038e-04       9.762930850367e+03 
       1.008459356273e-03       1.022515644449e+04 
       1.061075282125e-03       1.070347695750e+04 
       1.072292226224e-03       1.080481309301e+04 
       1.115963619604e-03       1.119722985761e+04 
       1.173104242760e-03       1.170559779148e+04 
       1.232462422144e-03       1.222762413125e+04 
       1.293989918186e-03       1.276223335181e+04 
       1.357626450844e-03       1.330825453205e+04 
       1.423301445879e-03       1.386444632010e+04 
       1.490935947676e-03       1.442952161676e+04 
       1.560444589730e-03       1.500217173001e+04 
       1.631737524957e-03       1.558108660117e+04 
       1.704722235902e-03       1.616497431799e+04 
       1.779305166283e-03       1.675257424061e+04 
       1.855393137210e-03       1.734267155898e+04 
       1.932894531257e-03       1.793410550867e+04 
       2.011720244074e-03       1.852578053025e+04 
       2.091784415607e-03       1.911667213204e+04 
       2.173004961316e-03       1.970583312473e+04 
       2.255303928519e-03       2.029239653919e+04 
       2.338607704804e-03       2.087557444582e+04 
       2.422847105149e-03       2.145465617846e+04 
       2.507957362592e-03       2.202900127647e+04 
       2.593878044691e-03       2.259803498187e+04 
       2.680552914988e-03       2.316123939836e+04 
       2.767929755618e-03       2.371814998745e+04 
       2.855960164255e-03       2.426835412113e+04 
       2.944599335947e-03       2.481148657012e+04 
       3.033805838064e-03       2.534723116191e+04 
       3.123541384599e-03       2.587531746702e+04 
       3.213770614470e-03       2.639552066209e+04 
       3.304460877095e-03       2.690765262152e+04 
       3.395582027508e-03       2.741155658715e+04 
       3.487106232435e-03       2.790710485189e+04 
       3.579007788121e-03       2.839419011192e+04 
       3.671262950231e-03       2.887271653605e+04 
       3.763849775804e-03       2.934262244321e+04 
       3.856747976971e-03       2.980385249893e+04 
       3.949938785993e-03       3.025637393501e+04 
       4.043404831068e-03       3.070016938944e+04 
       4.137130022261e-03       3.113524416310e+04 
       4.231099446911e-03       3.156161734990e+04 
       4.325299273839e-03       3.197931640583e+04 
       4.419716665697e-03       3.238837539251e+04 
       4.514339698823e-03       3.278883190729e+04 
       4.609157289984e-03       3.318072706386e+04 
       4.704159129438e-03       3.356411028454e+04 
       4.799335619774e-03       3.393904244878e+04 
       4.894677820024e-03       3.430558261956e+04 
       4.990177394600e-03       3.466381091629e+04 
       5.085826566600e-03       3.501380036784e+04 
       5.181618075130e-03       3.535563649820e+04 
       5.277545136245e-03       3.568940071843e+04 
       5.373601407215e-03       3.601516719090e+04 
       5.469780953795e-03       3.633302560034e+04 
       5.566078220244e-03       3.664305364656e+04 
       5.662488001836e-03       3.694533435153e+04 
       5.759005419646e-03       3.723995602860e+04 
       5.855625897403e-03       3.752701420421e+04 
       5.952345140231e-03       3.780659996703e+04 
       6.049159115110e-03       3.807881485242e+04 
       6.146064032898e-03       3.834374249921e+04 
       6.243056331793e-03       3.860148392548e+04 
       6.340132662092e-03       3.885211739471e+04 
       6.437289872143e-03       3.909573933730e+04 
       6.534524995394e-03       3.933243794095e+04 
       6.631835238435e-03       3.956230359775e+04 
       6.729217969946e-03       3.978542665713e+04 
       6.826670710493e-03       4.000190309387e+04 
       6.924191123085e-03       4.021182066997e+04 
       7.021777004428e-03       4.041527939798e+04 
       7.119426276831e-03       4.061235814676e+04 
       7.217136980705e-03       4.080314291697e+04 
       7.314907267602e-03       4.098772135490e+04 
       7.412735393758e-03       4.116617615830e+04 
       7.510619714095e-03       4.133859839162e+04 
       7.608558676651e-03       4.150506419769e+04 
       7.706550817403e-03       4.166564889799e+04 
       7.804594755442e-03       4.182048900279e+04 
       7.902689188495e-03       4.196961733745e+04 
       8.000832888749e-03       4.211314694577e+04 
       8.099024698957e-03       4.225112485753e+04 
       8.197263528816e-03       4.238365219784e+04 
       8.295548351580e-03       4.251079448604e+04 
       8.393878200914e-03       4.263262568434e+04 
       8.492252167940e-03       4.274924847987e+04 
       8.590669398492e-03       4.286072044727e+04 
       8.689129090551e-03       4.296711284845e+04 
       8.787630491838e-03       4.306851862741e+04 
       8.886172897582e-03       4.316498807648e+04 
       8.984755648411e-03       4.325662252812e+04 
       9.083378128405e-03       4.334347595308e+04 
       9.182039763251e-03       4.342560488691e+04 
       9.280740018539e-03       4.350311471199e+04 
       9.379478398147e-03       4.357604874145e+04 
       9.478254442751e-03       4.364448615345e+04 
       9.577067728413e-03       4.370848987816e+04 
       9.675917865273e-03       4.376813315773e+04 
       9.774804496316e-03       4.382346836639e+04 
       9.873727296229e-03       4.387457994338e+04 
       9.972685970321e-03       4.392150562296e+04 
       1.007168025352e-02       4.396433013501e+04 
       1.017070990945e-02       4.400311696242e+04 
       1.026977472953e-02       4.403790455936e+04 
       1.036887453217e-02       4.406876687634e+04 
       1.046800916202e-02       4.409578629380e+04 
       1.056717848923e-02       4.411900097029e+04 
       1.066638240882e-02       4.413847069992e+04 
       1.072292226224e-02       4.414792791119e+04 
       1.076562084005e-02       4.415427176226e+04 
       1.086489372586e-02       4.416642996911e+04 
       1.096420103233e-02       4.417502768825e+04 
       1.106354274818e-02       4.418011036674e+04 
       1.116291888435e-02       4.418174029740e+04 
       1.126232947356e-02       4.417996841749e+04 
       1.136177456994e-02       4.417484765570e+04 
       1.146125424867e-02       4.416644371795e+04 
       1.156076860566e-02       4.415479858652e+04 
       1.166031775727e-02       4.413995246508e+04 
       1.175990184005e-02       4.412199699129e+04 
       1.185952101049e-02       4.410093741900e+04 
       1.195917544482e-02       4.407685071068e+04 
       1.205886533883e-02       4.404977084129e+04 
       1.215859090771e-02       4.401979250548e+04 
       1.225835238590e-02       4.398690332849e+04 
       1.235815002698e-02       4.395119167155e+04 
       1.245798410360e-02       4.391268222133e+04 
       1.255785490737e-02       4.387144792861e+04 
       1.265776274881e-02       4.382751482354e+04 
       1.275770795736e-02       4.378093612791e+04 
       1.285769088132e-02       4.373178687507e+04 
       1.295771188787e-02       4.368004738176e+04 
       1.305777136308e-02       4.362580521096e+04 
       1.315786971198e-02       4.356909627859e+04 
       1.325800735857e-02       4.350997171377e+04 
       1.335818474595e-02       4.344849354054e+04 
       1.345840233635e-02       4.338466998764e+04 
       1.355866061129e-02       4.331851747267e+04 
       1.365896007164e-02       4.325016244771e+04 
       1.375930123784e-02       4.317957806224e+04 
       1.385968464997e-02       4.310683056763e+04 
       1.396011086798e-02       4.303196120185e+04 
       1.406058047183e-02       4.295501240810e+04 
       1.416109406174e-02       4.287605897068e+04 
       1.426165225834e-02       4.279501331618e+04 
       1.436225570296e-02       4.271205872510e+04 
       1.446290505785e-02       4.262716627451e+04 
       1.456360100643e-02       4.254039663988e+04 
       1.466434425358e-02       4.245177576189e+04 
       1.476513552594e-02       4.236129719823e+04 
       1.486597557218e-02       4.226904640105e+04 
       1.496686516337e-02       4.217509291197e+04 
       1.506780509328e-02       4.207941637499e+04 
       1.516879617876e-02       4.198204117731e+04 
       1.526983926007e-02       4.188307590086e+04 
       1.537093520132e-02       4.178248349883e+04 
       1.547208489083e-02       4.168034271162e+04 
       1.557328924155e-02       4.157671966403e+04 
       1.567454919152e-02       4.147153333168e+04 
       1.577586570431e-02       4.136490760431e+04 
       1.587723976946e-02       4.125684284284e+04 
       1.597867240303e-02       4.114741397505e+04 
       1.608016464804e-02       4.103659828993e+04 
       1.618171757502e-02       4.092443589565e+04 
       1.628333228258e-02       4.081088573062e+04 
       1.638500989792e-02       4.069623407852e+04 
       1.648675157744e-02       4.058031259143e+04 
       1.658855850735e-02       4.046307206879e+04 
       1.669043190427e-02       4.034477544195e+04 
       1.679237301587e-02       4.022525746040e+04 
       1.689438312157e-02       4.010469678240e+04 
       1.699646353319e-02       3.998294506412e+04 
       1.709861559566e-02       3.986020385754e+04 
       1.720084068780e-02       3.973647357890e+04 
       1.730314022300e-02       3.961158057203e+04 
       1.740551565008e-02       3.948570179196e+04 
       1.750796845405e-02       3.935906051296e+04 
       1.761050015697e-02       3.923146785237e+04 
       1.771311231877e-02       3.910284872012e+04 
       1.781580653820e-02       3.897342954064e+04 
       1.791858445370e-02       3.884318949443e+04 
       1.802144774437e-02       3.871207647866e+04 
       1.812439813096e-02       3.858024937293e+04 
       1.822743737683e-02       3.844764582288e+04 
       1.833056728906e-02       3.831426764680e+04 
       1.843378971949e-02       3.818015898236e+04 
       1.853710656583e-02       3.804534858405e+04 
       1.864051977284e-02       3.790999330275e+04 
       1.874403133349e-02       3.777382476574e+04 
       1.884764329017e-02       3.763706134611e+04 
       1.895135773601e-02       3.749970906865e+04 
       1.905517681614e-02       3.736176271628e+04 
       1.915910272908e-02       3.722339933211e+04 
       1.926313772810e-02       3.708446118536e+04 
       1.936728412269e-02       3.694487064419e+04 
       1.947154428003e-02       3.680499439697e+04 
       1.957592062656e-02       3.666452001881e+04 
       1.968041564955e-02       3.652359522318e+04 
       1.978503189876e-02       3.638225670448e+04 
       1.988977198815e-02       3.624052754833e+04 
       1.999463859763e-02       3.609842521640e+04 
       2.009963447489e-02       3.595592330856e+04 
       2.020476243729e-02       3.581306187793e+04 
       2.031002537382e-02       3.566984146295e+04 
       2.041542624710e-02       3.552638170400e+04 
       2.052096809551e-02       3.538260965668e+04 
       2.062665403532e-02       3.523856671490e+04 
       2.073248726296e-02       3.509430103313e+04 
       2.083847105734e-02       3.494962649695e+04 
       2.094460878224e-02       3.480490134861e+04 
       2.105090388885e-02       3.465988021865e+04 
       2.115735991832e-02       3.451472854633e+04 
       2.126398050448e-02       3.436940259133e+04 
       2.137076937659e-02       3.422391193335e+04 
       2.147773036226e-02       3.407817020653e+04 
       2.158486739040e-02       3.393239829237e+04 
       2.169218449441e-02       3.378648266133e+04 
       2.179968581534e-02       3.364056426438e+04 
       2.190737560527e-02       3.349449574453e+04 
       2.201525823079e-02       3.334831817242e+04 
       2.212333817665e-02       3.320211870884e+04 
       2.223162004947e-02       3.305584907346e+04 
       2.234010858168e-02       3.290959425312e+04 
       2.244880863562e-02       3.276330146456e+04 
       2.255772520772e-02       3.261703928199e+04 
       2.266686343292e-02       3.247085669750e+04 
       2.277622858926e-02       3.232454358103e+04 
       2.288582610268e-02       3.217832844692e+04 
       2.299566155193e-02       3.203214006605e+04 
       2.310574067381e-02       3.188597053733e+04 
       2.321606936853e-02       3.173994072223e+04 
       2.332665370537e-02       3.159403608521e+04 
       2.343749992852e-02       3.144812036725e+04 
       2.354861446322e-02       3.130233531238e+04 
       2.366000392217e-02       3.115673541404e+04 
       2.377167511217e-02       3.101115609905e+04 
       2.388363504113e-02       3.086574826057e+04 
       2.399589092532e-02       3.072050139611e+04 
       2.410845019703e-02       3.057532228125e+04 
       2.422132051247e-02       3.043036429337e+04 
       2.433450976018e-02       3.028563129143e+04 
       2.444802606966e-02       3.014093167701e+04 
       2.456187782060e-02       2.999645141599e+04 
       2.467607365234e-02       2.985229363619e+04 
       2.479062247396e-02       2.970813086691e+04 
       2.490553347476e-02       2.956436860972e+04 
       2.502081613526e-02       2.942074228099e+04 
       2.513648023880e-02       2.927726666952e+04 
       2.525253588363e-02       2.913390894752e+04 
       2.536899349570e-02       2.899108598140e+04 
       2.548586384198e-02       2.884829056199e+04 
       2.560315804463e-02       2.870586594247e+04 
       2.572088759575e-02       2.856351877448e+04 
       2.583906437297e-02       2.842159667956e+04 
       2.595770065585e-02       2.827979853172e+04 
       2.607680914321e-02       2.813834879988e+04 
       2.619640297129e-02       2.799706262266e+04 
       2.631649573298e-02       2.785616270458e+04 
       2.643710149813e-02       2.771546610157e+04 
       2.655823483491e-02       2.757500465244e+04 
       2.667991083242e-02       2.743489915469e+04 
       2.680214512462e-02       2.729501180154e+04 
       2.692495391562e-02       2.715545972605e+04 
       2.704835400638e-02       2.701616822750e+04 
       2.717236282310e-02       2.687717014560e+04 
       2.729699844722e-02       2.673845144343e+04 
       2.742227964727e-02       2.660002555440e+04 
       2.754822591265e-02       2.646192550525e+04 
       2.767485748952e-02       2.632410917460e+04 
       2.780219541892e-02       2.618651388376e+04 
       2.793026157731e-02       2.604917927976e+04 
       2.805907871972e-02       2.591226424287e+04 
       2.818867052569e-02       2.577565840159e+04 
       2.831906164825e-02       2.563927040829e+04 
       2.845027776616e-02       2.550315792508e+04 
       2.858234563970e-02       2.536735450988e+04 
       2.871529317019e-02       2.523182674126e+04 
       2.884914946378e-02       2.509660631668e+04 
       2.898394489960e-02       2.496168086210e+04 
       2.911971120283e-02       2.482698173982e+04 
       2.925648152304e-02       2.469261174911e+04 
       2.939429051823e-02       2.455846657044e+04 
       2.953317444520e-02       2.442460122983e+04 
       2.967317125661e-02       2.429104179130e+04 
       2.981432070560e-02       2.415766220628e+04 
       2.995666445840e-02       2.402459904432e+04 
       3.010024621591e-02       2.389179108838e+04 
       3.024511184495e-02       2.375917922870e+04 
       3.039130952018e-02       2.362681354590e+04 
       3.053888987772e-02       2.349469275765e+04 
       3.068790618169e-02       2.336282147830e+04 
       3.083841450485e-02       2.323117420448e+04 
       3.099047392491e-02       2.309966284262e+04 
       3.114414673816e-02       2.296830434759e+04 
       3.129949869211e-02       2.283724909184e+04 
       3.145659923936e-02       2.270627447972e+04 
       3.161552181502e-02       2.257552424703e+04 
       3.177634414011e-02       2.244492713274e+04 
       3.193914855422e-02       2.231450095352e+04 
       3.210402238057e-02       2.218416159412e+04 
       3.227105832737e-02       2.205385450553e+04 
       3.244035492989e-02       2.192373548141e+04 
       3.261201703814e-02       2.179364710532e+04 
       3.278615635594e-02       2.166368874683e+04 
       3.296289203783e-02       2.153375174608e+04 
       3.314235135138e-02       2.140381709607e+04 
       3.332467041354e-02       2.127402168439e+04 
       3.350999501102e-02       2.114395749896e+04 
       3.369848151631e-02       2.101406841597e+04 
       3.389029791269e-02       2.088400484118e+04 
       3.408562494410e-02       2.075391704360e+04 
       3.428465740802e-02       2.062372866442e+04 
       3.448760561293e-02       2.049335553854e+04 
       3.469469702561e-02       2.036281197932e+04 
       3.490617813809e-02       2.023207810914e+04 
       3.512231658961e-02       2.010107528787e+04 
       3.534340358547e-02       1.996979832638e+04 
       3.556975666289e-02       1.983817199049e+04 
       3.580172286384e-02       1.970620798371e+04 
       3.603968238673e-02       1.957374235908e+04 
       3.628405280403e-02       1.944086617336e+04 
       3.653529395100e-02       1.930740873803e+04 
       3.679391361367e-02       1.917330425386e+04 
       3.706047417268e-02       1.903858249023e+04 
       3.733560039505e-02       1.890309244999e+04 
       3.761998861062e-02       1.876668173207e+04 
       3.791441756639e-02       1.862937672153e+04 
       3.821976132312e-02       1.849099161820e+04 
       3.853700464908e-02       1.835142285310e+04 
       3.886726148110e-02       1.821044055241e+04 
       3.921179716975e-02       1.806806571862e+04 
       3.957205541263e-02       1.792389404068e+04 
       3.994969101772e-02       1.777781013254e+04 
       4.034660993986e-02       1.762954949479e+04 
       4.076501841059e-02       1.747878702990e+04 
       4.120748344515e-02       1.732519434920e+04 
       4.167700756183e-02       1.716823561347e+04 
       4.217712116570e-02       1.700737193735e+04 
       4.271199665373e-02       1.684198837110e+04 
       4.328658870141e-02       1.667114018982e+04 
       4.390680497086e-02       1.649371478722e+04 
       4.457970977079e-02       1.630826806092e+04 
       4.531375830822e-02       1.611291961519e+04 
       4.611904797744e-02       1.590514930529e+04 
       4.700755029985e-02       1.568154056334e+04 
       4.799324472002e-02       1.543766243478e+04 
       4.909200500120e-02       1.516749366886e+04 
       5.032099136964e-02       1.486322959181e+04 
       5.169721435812e-02       1.451517568769e+04 
       5.323498005331e-02       1.411222629335e+04 
       5.494231882369e-02       1.364350162733e+04 
       5.681737265209e-02       1.310143178060e+04 
       5.884663074351e-02       1.248563858785e+04 
       6.100667334985e-02       1.180606247638e+04 
       6.326909411858e-02       1.108315410763e+04 
       6.560613245787e-02       1.034471508416e+04 
       6.799451059332e-02       9.620781839575e+03 
       7.041673563738e-02       8.938684618943e+03 
       7.286062393997e-02       8.319584888332e+03 
       7.531810973814e-02       7.776881181608e+03 
       7.778402595265e-02       7.316031139932e+03 
       8.025513044680e-02       6.935634089205e+03 
       8.272941492008e-02       6.628566795843e+03 
       8.520564507086e-02       6.383690671757e+03 
       8.768306582144e-02       6.187210226325e+03 
       9.016121646530e-02       6.024084829047e+03 
       9.263981625925e-02       5.879352056157e+03 
       9.511869417124e-02       5.739366316076e+03 
       9.759774594591e-02       5.592896714593e+03 
       1.000769079398e-01       5.432001637930e+03 
       1.025561412029e-01       5.252483768892e+03 
       1.050354218027e-01       5.053960530717e+03 
       1.072292226224e-01       4.864738180589e+03 
       1.075147349464e-01       4.839363058651e+03 
       1.099940714098e-01       4.614131945117e+03 
       1.124734253687e-01       4.385229332728e+03 
       1.149527930800e-01       4.159992117582e+03 
       1.174321720806e-01       3.945293447791e+03 
       1.199115606987e-01       3.746774128187e+03 
       1.223909577571e-01       3.568434853486e+03 
       1.248703623906e-01       3.412435610396e+03 
       1.273497739350e-01       3.279135138039e+03 
       1.298291918582e-01       3.167281376859e+03 
       1.323086157176e-01       3.074319996767e+03 
       1.347880451338e-01       2.996751365471e+03 
       1.372674797730e-01       2.930509537957e+03 
       1.397469193368e-01       2.871388990428e+03 
       1.422263635543e-01       2.816065027134e+03 
       1.447058121776e-01       2.760195488309e+03 
       1.471852649781e-01       2.700924604046e+03 
       1.496647217440e-01       2.636372643587e+03 
       1.521441822783e-01       2.565789346693e+03 
       1.546236463976e-01       2.489515809434e+03 
       1.571031139300e-01       2.408783992038e+03 
       1.595825847151e-01       2.325439891223e+03 
       1.620620586021e-01       2.241587211427e+03 
       1.645415354497e-01       2.159283982914e+03 
       1.670210151249e-01       2.080381980032e+03 
       1.695004975028e-01       2.006334474111e+03 
       1.719799824656e-01       1.938204878256e+03 
       1.744594699022e-01       1.876625536589e+03 
       1.769389597080e-01       1.821794472657e+03 
       1.794184517841e-01       1.773473163918e+03 
       1.818979460369e-01       1.731025832592e+03 
       1.843774423782e-01       1.693477157346e+03 
       1.868569407241e-01       1.659635437994e+03 
       1.893364409955e-01       1.628230630902e+03 
       1.918159431171e-01       1.598041990227e+03 
       1.942954470178e-01       1.568039722124e+03 
       1.967749526297e-01       1.537431476132e+03 
       1.992544598888e-01       1.505703308586e+03 
       2.017339687338e-01       1.472605719440e+03 
       2.042134791066e-01       1.438144252143e+03 
       2.066929909520e-01       1.402535109131e+03 
       2.091725042172e-01       1.366190697327e+03 
       2.116520188520e-01       1.329656381672e+03 
       2.141315348087e-01       1.293565886220e+03 
       2.166110520416e-01       1.258522977882e+03 
       2.190905705070e-01       1.225068612514e+03 
       2.215700901634e-01       1.193591827700e+03 
       2.240496109711e-01       1.164303946097e+03 
       2.265291328919e-01       1.137255813091e+03 
       2.290086558897e-01       1.112350238080e+03 
       2.314881799295e-01       1.089388316001e+03 
       2.339677049780e-01       1.068103397653e+03 
       2.364472310035e-01       1.048187476365e+03 
       2.389267579752e-01       1.029306522137e+03 
       2.414062858640e-01       1.011116315642e+03 
       2.438858146416e-01       9.932986242552e+02 
       2.463653442812e-01       9.755730368160e+02 
       2.488448747567e-01       9.577375352581e+02 
       2.513244060434e-01       9.396738744058e+02 
       2.538039381174e-01       9.213754025582e+02 
       2.562834709557e-01       9.029051179618e+02 
       2.587630045362e-01       8.843816546080e+02 
       2.612425388378e-01       8.659536305153e+02 
       2.637220738399e-01       8.477730286102e+02 
       2.662016095228e-01       8.299888709195e+02 
       2.686811458678e-01       8.127293443153e+02 
       2.711606828565e-01       7.961143337174e+02 
       2.736402204713e-01       7.802303711827e+02 
       2.761197586953e-01       7.651325523385e+02 
       2.785992975122e-01       7.508273121006e+02 
       2.810788369062e-01       7.372765100245e+02 
       2.835583768620e-01       7.243961240958e+02 
       2.860379173651e-01       7.120784244905e+02 
       2.885174584013e-01       7.002114952325e+02 
       2.909969999568e-01       6.886876277756e+02 
       2.934765420185e-01       6.774193643466e+02 
       2.959560845736e-01       6.663398642398e+02 
       2.984356276097e-01       6.553980472737e+02 
       3.009151711148e-01       6.445561286406e+02 
       3.033947150776e-01       6.337905377801e+02 
       3.058742594867e-01       6.230884481957e+02 
       3.083538043313e-01       6.124626960112e+02 
       3.108333496010e-01       6.019402053278e+02 
       3.133128952857e-01       5.915651771066e+02 
       3.157924413756e-01       5.813796473315e+02 
       3.182719878611e-01       5.714305036471e+02 
       3.207515347330e-01       5.617448664067e+02 
       3.232310819824e-01       5.523390722890e+02 
       3.257106296007e-01       5.432207440180e+02 
       3.281901775795e-01       5.343897859567e+02 
       3.306697259105e-01       5.258426342129e+02 
       3.331492745860e-01       5.175761972055e+02 
       3.356288235983e-01       5.095780479381e+02 
       3.381083729398e-01       5.018329684942e+02 
       3.405879226035e-01       4.943083563176e+02 
       3.430674725823e-01       4.869704843049e+02 
       3.455470228694e-01       4.797871410871e+02 
       3.480265734582e-01       4.727269970574e+02 
       3.505061243422e-01       4.657733252583e+02 
       3.529856755152e-01       4.589136795147e+02 
       3.554652269711e-01       4.521445851195e+02 
       3.579447787041e-01       4.454687702665e+02 
       3.604243307085e-01       4.388836228986e+02 
       3.629038829785e-01       4.323920290935e+02 
       3.653834355088e-01       4.259970298819e+02 
       3.678629882942e-01       4.197082069924e+02 
       3.703425413294e-01       4.135369307280e+02 
       3.728220946095e-01       4.074989211516e+02 
       3.753016481296e-01       4.016068645656e+02 
       3.777812018849e-01       3.958649094662e+02 
       3.802607558709e-01       3.902750840632e+02 
       3.827403100831e-01       3.848264995480e+02 
       3.852198645170e-01       3.795093079107e+02 
       3.876994191684e-01       3.743143318977e+02 
       3.901789740332e-01       3.692310675257e+02 
       3.926585291072e-01       3.642555394441e+02 
       3.951380843866e-01       3.593794174536e+02 
       3.976176398675e-01       3.545968224990e+02 
       4.000971955461e-01       3.498972837474e+02 
       4.025767514187e-01       3.452717549454e+02 
       4.050563074818e-01       3.407138954634e+02 
       4.075358637319e-01       3.362193885844e+02 
       4.100154201656e-01       3.317903799082e+02 
       4.124949767796e-01       3.274318088702e+02 
       4.149745335706e-01       3.231473774348e+02 
       4.174540905355e-01       3.189390062371e+02 
       4.199336476712e-01       3.148084517390e+02 
       4.224132049746e-01       3.107510889584e+02 
       4.248927624428e-01       3.067655367668e+02 
       4.273723200730e-01       3.028522918508e+02 
       4.298518778623e-01       2.990124381464e+02 
       4.323314358080e-01       2.952478270898e+02 
       4.348109939074e-01       2.915581183998e+02 
       4.372905521579e-01       2.879460740257e+02 
       4.397701105569e-01       2.844020869098e+02 
       4.422496691019e-01       2.809229738701e+02 
       4.447292277904e-01       2.775035612450e+02 
       4.472087866201e-01       2.741405588026e+02 
       4.496883455887e-01       2.708320623704e+02 
       4.521679046938e-01       2.675786607544e+02 
       4.546474639332e-01       2.643796528586e+02 
       4.571270233046e-01       2.612330845682e+02 
       4.596065828061e-01       2.581361743135e+02 
       4.620861424354e-01       2.550854364009e+02 
       4.645657021905e-01       2.520784584759e+02 
       4.670452620694e-01       2.491146574296e+02 
       4.695248220702e-01       2.461963893114e+02 
       4.720043821909e-01       2.433262236987e+02 
       4.744839424296e-01       2.405050989367e+02 
       4.769635027844e-01       2.377330999178e+02 
       4.794430632537e-01       2.350079416879e+02 
       4.819226238355e-01       2.323274836847e+02 
       4.844021845282e-01       2.296880441951e+02 
       4.868817453301e-01       2.270907218309e+02 
       4.893613062395e-01       2.245353811044e+02 
       4.918408672548e-01       2.220230892323e+02 
       4.943204283743e-01       2.195533364223e+02 
       4.967999895966e-01       2.171244555056e+02 
       4.992795509200e-01       2.147340876404e+02 
       5.017591123431e-01       2.123788208072e+02 
       5.042386738644e-01       2.100572400235e+02 
       5.067182354825e-01       2.077673478033e+02 
       5.091977971959e-01       2.055123650551e+02 
       5.116773590033e-01       2.032907720326e+02 
       5.141569209032e-01       2.011041930704e+02 
       5.166364828944e-01       1.989510907584e+02 
       5.191160449756e-01       1.968292851312e+02 
       5.215956071454e-01       1.947379258184e+02 
       5.240751694026e-01       1.926747094865e+02 
       5.265547317459e-01       1.906401537510e+02 
       5.290342941742e-01       1.886363291296e+02 
       5.315138566863e-01       1.866627459365e+02 
       5.339934192809e-01       1.847203800219e+02 
       5.364729819570e-01       1.828086335440e+02 
       5.389525447133e-01       1.809245285572e+02 
       5.414321075489e-01       1.790670699200e+02 
       5.439116704626e-01       1.772341014422e+02 
       5.463912334533e-01       1.754265240296e+02 
       5.488707965201e-01       1.736458353452e+02 
       5.513503596618e-01       1.718907276323e+02 
       5.538299228775e-01       1.701617395549e+02 
       5.563094861661e-01       1.684586690216e+02 
       5.587890495268e-01       1.667789352113e+02 
       5.612686129585e-01       1.651203710064e+02 
       5.637481764603e-01       1.634835270319e+02 
       5.662277400313e-01       1.618679101952e+02 
       5.687073036706e-01       1.602746950450e+02 
       5.711868673772e-01       1.587048687420e+02 
       5.736664311504e-01       1.571572085429e+02 
       5.761459949892e-01       1.556315869484e+02 
       5.786255588928e-01       1.541262695879e+02 
       5.811051228604e-01       1.526396879048e+02 
       5.835846868911e-01       1.511722105812e+02 
       5.860642509842e-01       1.497242801146e+02 
       5.885438151389e-01       1.482950809190e+02 
       5.910233793543e-01       1.468866759807e+02 
       5.935029436298e-01       1.454982390882e+02 
       5.959825079645e-01       1.441286367533e+02 
       5.984620723577e-01       1.427764349670e+02 
       6.009416368088e-01       1.414414364266e+02 
       6.034212013170e-01       1.401216653529e+02 
       6.059007658815e-01       1.388192071952e+02 
       6.083803305018e-01       1.375339160814e+02 
       6.108598951770e-01       1.362660047231e+02 
       6.133394599066e-01       1.350156741438e+02 
       6.158190246900e-01       1.337815678041e+02 
       6.182985895263e-01       1.325624724525e+02 
       6.207781544151e-01       1.313578471985e+02 
       6.232577193556e-01       1.301675840131e+02 
       6.257372843473e-01       1.289916464143e+02 
       6.282168493896e-01       1.278310187326e+02 
       6.306964144818e-01       1.266861648892e+02 
       6.331759796234e-01       1.255562829387e+02 
       6.356555448138e-01       1.244403676893e+02 
       6.381351100525e-01       1.233383386038e+02 
       6.406146753388e-01       1.222484547006e+02 
       6.430942406721e-01       1.211714751983e+02 
       6.455738060521e-01       1.201072440600e+02 
       6.480533714781e-01       1.190565409026e+02 
       6.505329369496e-01       1.180201087468e+02 
       6.530125024661e-01       1.169962781475e+02 
       6.554920680270e-01       1.159855099523e+02 
       6.579716336320e-01       1.149863159583e+02 
       6.604511992804e-01       1.139979304094e+02 
       6.629307649717e-01       1.130207402409e+02 
       6.654103307056e-01       1.120546792506e+02 
       6.678898964815e-01       1.111010962583e+02 
       6.703694622990e-01       1.101596205736e+02 
       6.728490281576e-01       1.092299899774e+02 
       6.753285940568e-01       1.083104208712e+02 
       6.778081599962e-01       1.074016131421e+02 
       6.802877259754e-01       1.065026821216e+02 
       6.827672919939e-01       1.056136150326e+02 
       6.852468580513e-01       1.047347435448e+02 
       6.877264241472e-01       1.038668387787e+02 
       6.902059902812e-01       1.030093037597e+02 
       6.926855564528e-01       1.021625414744e+02 
       6.951651226616e-01       1.013253407609e+02 
       6.976446889073e-01       1.004967489983e+02 
       7.001242551895e-01       9.967716065275e+01 
       7.026038215077e-01       9.886632597226e+01 
       7.050833878616e-01       9.806500403806e+01 
       7.075629542508e-01       9.727297493461e+01 
       7.100425206750e-01       9.649058883518e+01 
       7.125220871338e-01       9.571720151749e+01 
       7.150016536268e-01       9.495249221192e+01 
       7.174812201536e-01       9.419579156103e+01 
       7.199607867139e-01       9.344639373135e+01 
       7.224403533075e-01       9.270568432843e+01 
       7.249199199338e-01       9.197293209460e+01 
       7.273994865926e-01       9.124865342427e+01 
       7.298790532836e-01       9.053307753914e+01 
       7.323586200065e-01       8.982548501761e+01 
       7.348381867608e-01       8.912554656935e+01 
       7.373177535463e-01       8.843229117196e+01 
       7.397973203627e-01       8.774639674076e+01 
       7.422768872097e-01       8.706739783090e+01 
       7.447564540869e-01       8.639597594799e+01 
       7.472360209940e-01       8.573242112092e+01 
       7.497155879309e-01       8.507628342536e+01 
       7.521951548971e-01       8.442741699430e+01 
       7.546747218924e-01       8.378511986013e+01 
       7.571542889164e-01       8.314907398796e+01 
       7.596338559690e-01       8.251943725625e+01 
       7.621134230498e-01       8.189618232368e+01 
       7.645929901586e-01       8.127959224209e+01 
       7.670725572950e-01       8.067020831144e+01 
       7.695521244589e-01       8.006734266467e+01 
       7.720316916499e-01       7.947105753735e+01 
       7.745112588678e-01       7.888069952365e+01 
       7.769908261123e-01       7.829544215344e+01 
       7.794703933832e-01       7.771658161650e+01 
       7.819499606803e-01       7.714308551886e+01 
       7.844295280032e-01       7.657614528687e+01 
       7.869090953517e-01       7.601508695924e+01 
       7.893886627256e-01       7.546021805765e+01 
       7.918682301247e-01       7.491097041612e+01 
       7.943477975487e-01       7.436686204871e+01 
       7.968273649974e-01       7.382814043598e+01 
       7.993069324705e-01       7.329424192380e+01 
       8.017864999679e-01       7.276568770417e+01 
       8.042660674893e-01       7.224287900579e+01 
       8.067456350344e-01       7.172559857897e+01 
       8.092252026031e-01       7.121371654814e+01 
       8.117047701951e-01       7.070680932879e+01 
       8.141843378103e-01       7.020502601888e+01 
       8.166639054484e-01       6.970769283170e+01 
       8.191434731092e-01       6.921460568497e+01 
       8.216230407925e-01       6.872662159342e+01 
       8.241026084981e-01       6.824342592117e+01 
       8.265821762258e-01       6.776546686690e+01 
       8.290617439754e-01       6.729269647420e+01 
       8.315413117467e-01       6.682432669632e+01 
       8.340208795396e-01       6.636011183458e+01 
       8.365004473537e-01       6.589983683543e+01 
       8.389800151890e-01       6.544396832159e+01 
       8.414595830452e-01       6.499237156664e+01 
       8.439391509222e-01       6.454549411302e+01 
       8.464187188197e-01       6.410314483953e+01 
       8.488982867377e-01       6.366525318013e+01 
       8.513778546759e-01       6.323165236770e+01 
       8.538574226341e-01       6.280165072194e+01 
       8.563369906122e-01       6.237515144278e+01 
       8.588165586099e-01       6.195296722937e+01 
       8.612961266272e-01       6.153472153106e+01 
       8.637756946639e-01       6.112028187395e+01 
       8.662552627197e-01       6.071038546455e+01 
       8.687348307946e-01       6.030437686006e+01 
       8.712143988883e-01       5.990209209911e+01 
       8.736939670007e-01       5.950300782353e+01 
       8.761735351317e-01       5.910764972796e+01 
       8.786531032811e-01       5.871571430894e+01 
       8.811326714486e-01       5.832718576956e+01 
       8.836122396343e-01       5.794279950249e+01 
       8.860918078379e-01       5.756202336661e+01 
       8.885713760592e-01       5.718519726520e+01 
       8.910509442982e-01       5.681141303762e+01 
       8.935305125547e-01       5.644076888517e+01 
       8.960100808285e-01       5.607296962451e+01 
       8.984896491195e-01       5.570864847790e+01 
       9.009692174275e-01       5.534778752177e+01 
       9.034487857524e-01       5.499036533767e+01 
       9.059283540941e-01       5.463644664770e+01 
       9.084079224525e-01       5.428553050367e+01 
       9.108874908273e-01       5.393790761602e+01 
       9.133670592185e-01       5.359287532948e+01 
       9.158466276259e-01       5.325110533551e+01 
       9.183261960494e-01       5.291209075360e+01 
       9.208057644889e-01       5.257600225050e+01 
       9.232853329442e-01       5.224321140097e+01 
       9.257649014152e-01       5.191368656372e+01 
       9.282444699018e-01       5.158688089366e+01 
       9.307240384038e-01       5.126308147471e+01 
       9.332036069212e-01       5.094141694160e+01 
       9.356831754538e-01       5.062291167433e+01 
       9.381627440015e-01       5.030685528711e+01 
       9.406423125642e-01       4.999370917024e+01 
       9.431218811417e-01       4.968356137412e+01 
       9.456014497339e-01       4.937616898135e+01 
       9.480810183408e-01       4.907114374889e+01 
       9.505605869622e-01       4.876917139859e+01 
       9.530401555980e-01       4.846894367953e+01 
       9.555197242480e-01       4.817166211498e+01 
       9.579992929122e-01       4.787670095192e+01 
       9.604788615905e-01       4.758429067150e+01 
       9.629584302827e-01       4.729464136408e+01 
       9.654379989888e-01       4.700776673016e+01 
       9.679175677086e-01       4.672304909332e+01 
       9.703971364421e-01       4.644067723232e+01 
       9.728767051890e-01       4.616019041575e+01 
       9.753562739494e-01       4.588247425087e+01 
       9.778358427232e-01       4.560662406447e+01 
       9.803154115101e-01       4.533334800910e+01 
       9.827949803102e-01       4.506273740578e+01 
       9.852745491232e-01       4.479429645828e+01 
       9.877541179492e-01       4.452813650157e+01 
       9.902336867881e-01       4.426393121023e+01 
       9.927132556396e-01       4.400200170638e+01 
       9.951928245038e-01       4.374183335574e+01 
       9.976723933805e-01       4.348354568591e+01 
       1.000151962270e+00       4.322801717162e+01 
       1.002631531171e+00       4.297431662675e+01 
       1.005111100085e+00       4.272302069891e+01 
       1.007590669011e+00       4.247376853364e+01 
       1.010070237949e+00       4.222635992785e+01 
       1.012549806899e+00       4.198082186394e+01 
       1.015029375861e+00       4.173683834023e+01 
       1.017508944835e+00       4.149519487008e+01 
       1.019988513820e+00       4.125561158263e+01 
       1.022468082817e+00       4.101792513183e+01 
       1.024947651826e+00       4.078232550393e+01 
       1.027427220846e+00       4.054863963969e+01 
       1.029906789878e+00       4.031664830399e+01 
       1.032386358921e+00       4.008615996380e+01 
       1.034865927975e+00       3.985759215606e+01 
       1.037345497040e+00       3.963071253485e+01 
       1.039825066116e+00       3.940589126087e+01 
       1.042304635204e+00       3.918292950545e+01 
       1.044784204302e+00       3.896194433029e+01 
       1.047263773411e+00       3.874247194807e+01 
       1.049743342531e+00       3.852459617734e+01 
       1.052222911661e+00       3.830826638531e+01 
       1.054702480803e+00       3.809365657609e+01 
       1.057182049954e+00       3.788057759641e+01 
       1.059661619116e+00       3.766934871219e+01 
       1.062141188289e+00       3.746018016799e+01 
       1.064620757472e+00       3.725233067176e+01 
       1.067100326665e+00       3.704608306990e+01 
       1.069579895868e+00       3.684124631049e+01 
       1.072059465081e+00       3.663766975125e+01 
       1.072292226224e+00       3.661875081919e+01 
       1.074539034305e+00       3.643611793028e+01 
       1.077018603538e+00       3.623597194904e+01 
       1.079498172781e+00       3.603737352645e+01 
       1.081977742034e+00       3.584047370471e+01 
       1.084457311297e+00       3.564507679982e+01 
       1.086936880569e+00       3.545108495055e+01 
       1.089416449851e+00       3.525848523434e+01 
       1.091896019143e+00       3.506709584482e+01 
       1.094375588444e+00       3.487715958983e+01 
       1.096855157755e+00       3.468860976819e+01 
       1.099334727075e+00       3.450201290667e+01 
       1.101814296404e+00       3.431636899557e+01 
       1.104293865742e+00       3.413241739722e+01 
       1.106773435090e+00       3.394979228706e+01 
       1.109253004447e+00       3.376838428168e+01 
       1.111732573813e+00       3.358824895030e+01 
       1.114212143187e+00       3.340912780244e+01 
       1.116691712571e+00       3.323174131383e+01 
       1.119171281964e+00       3.305579570192e+01 
       1.121650851365e+00       3.288105707485e+01 
       1.124130420775e+00       3.270767774548e+01 
       1.126609990194e+00       3.253546621148e+01 
       1.129089559622e+00       3.236439283482e+01 
       1.131569129058e+00       3.219442493082e+01 
       1.134048698502e+00       3.202581859416e+01 
       1.136528267955e+00       3.185843178915e+01 
       1.139007837417e+00       3.169236638937e+01 
       1.141487406887e+00       3.152769582176e+01 
       1.143966976365e+00       3.136405539360e+01 
       1.146446545851e+00       3.120156946736e+01 
       1.148926115346e+00       3.104006323353e+01 
       1.151405684849e+00       3.087979778856e+01 
       1.153885254360e+00       3.072042541838e+01 
       1.156364823879e+00       3.056252625585e+01 
       1.158844393405e+00       3.040599330571e+01 
       1.161323962940e+00       3.025054219816e+01 
       1.461761561928e+00       1.733082676222e+01 
       1.840246801743e+00       9.844388268836e+00 
       2.316733460211e+00       5.550447556839e+00 
       2.916594625413e+00       3.108298627598e+00 
       3.671775089834e+00       1.729901092862e+00 
       4.622490966985e+00       9.572967656388e-01 
       5.819371344127e+00       5.270269509915e-01 
       7.326154465788e+00       2.887414070764e-01 
       9.223082027710e+00       1.575326114681e-01 
       1.161117233975e+01       8.558107269262e-02 
       1.461759991923e+01       4.632459282096e-02 
       1.840246799776e+01       2.497941659762e-02 
       2.316733460210e+01       1.342569229649e-02 
