# Matter power spectrum P(k) at redshift z=0
# for k=9.01777e-06 to 20.5825 h/Mpc,
# number of wavenumbers equal to 855
#    1:k (h/Mpc)              2:P (Mpc/h)^3        
       9.017768204720e-06       7.367426636807e+01 
       2.013117065551e-05       1.597980883206e+02 
       3.127368623152e-05       2.443490116900e+02 
       4.246761821429e-05       3.281783453996e+02 
       5.373554514272e-05       4.117467086072e+02 
       6.510047082172e-05       4.953839088375e+02 
       7.658597794245e-05       5.793611231153e+02 
       8.821638686582e-05       6.639198820612e+02 
       1.000169211334e-04       7.492864451032e+02 
       1.120138812866e-04       8.356800450467e+02 
       1.242348285901e-04       9.233182465103e+02 
       1.367087802636e-04       1.012420778235e+03 
       1.494664178164e-04       1.103212543865e+03 
       1.625403100413e-04       1.195926153548e+03 
       1.759651521417e-04       1.290804181185e+03 
       1.897780223194e-04       1.388101305459e+03 
       2.040186569110e-04       1.488086332867e+03 
       2.187297447984e-04       1.591044235652e+03 
       2.339572412864e-04       1.697278159088e+03 
       2.497507008914e-04       1.807111438106e+03 
       2.661636274439e-04       1.920889609705e+03 
       2.832538385149e-04       2.038982402378e+03 
       3.010838393218e-04       2.161785651736e+03 
       3.197211988802e-04       2.289723099361e+03 
       3.392389181229e-04       2.423247982980e+03 
       3.597157759348e-04       2.562844310951e+03 
       3.812366344790e-04       2.709027694544e+03 
       4.038926798210e-04       2.862345548881e+03 
       4.277815677867e-04       3.023376461999e+03 
       4.530074384697e-04       3.192728487747e+03 
       4.796807563165e-04       3.371036082151e+03 
       5.079179270207e-04       3.558955357380e+03 
       5.378406386927e-04       3.757157405940e+03 
       5.695748744280e-04       3.966319299781e+03 
       6.032495483134e-04       4.187112660176e+03 
       6.389947290495e-04       4.420189543849e+03 
       6.769394364803e-04       4.666165859351e+03 
       7.172090273991e-04       4.925602374370e+03 
       7.599222275715e-04       5.198984103660e+03 
       8.051879143593e-04       5.486698841554e+03 
       8.531018034307e-04       5.789016036075e+03 
       9.037432361260e-04       6.106067506847e+03 
       9.571722920002e-04       6.437831650854e+03 
       1.013427455223e-03       6.784122583713e+03 
       1.072524038191e-03       7.144585523691e+03 
       1.134453510456e-03       7.518699016605e+03 
       1.199183801970e-03       7.905784770715e+03 
       1.237436309153e-03       8.132646349774e+03 
       1.266660558409e-03       8.305023308824e+03 
       1.336809238052e-03       8.715475251484e+03 
       1.409537868692e-03       9.136106234911e+03 
       1.484740239600e-03       9.565813273907e+03 
       1.562299291522e-03       1.000345165979e+04 
       1.642090484503e-03       1.044786014729e+04 
       1.723984961446e-03       1.089788408943e+04 
       1.807852375162e-03       1.135239503662e+04 
       1.893563298875e-03       1.181030689190e+04 
       1.980991187410e-03       1.227058837060e+04 
       2.070013894393e-03       1.273227087003e+04 
       2.160514777863e-03       1.319445402165e+04 
       2.252383443363e-03       1.365630796553e+04 
       2.345516181282e-03       1.411707393196e+04 
       2.439816156371e-03       1.457606255259e+04 
       2.535193403933e-03       1.503265129386e+04 
       2.631564681181e-03       1.548628150513e+04 
       2.728853215055e-03       1.593645419963e+04 
       2.826988380429e-03       1.638272550932e+04 
       2.925905335651e-03       1.682470406392e+04 
       3.025544636276e-03       1.726204350166e+04 
       3.125851842553e-03       1.769444306486e+04 
       3.226777131995e-03       1.812163951837e+04 
       3.328274924875e-03       1.854340546645e+04 
       3.430303527867e-03       1.895954720221e+04 
       3.532824798954e-03       1.936989760277e+04 
       3.635803835260e-03       1.977431844902e+04 
       3.739208684334e-03       2.017269169779e+04 
       3.843010078631e-03       2.056492336999e+04 
       3.947181192420e-03       2.095093818740e+04 
       4.051697420008e-03       2.133067388928e+04 
       4.156536173955e-03       2.170408384209e+04 
       4.261676701857e-03       2.207114227981e+04 
       4.367099920266e-03       2.243182318393e+04 
       4.472788264292e-03       2.278611823024e+04 
       4.578725551528e-03       2.313402581998e+04 
       4.684896858992e-03       2.347555192410e+04 
       4.791288411857e-03       2.381071398514e+04 
       4.897887482858e-03       2.413953521751e+04 
       5.004682301321e-03       2.446203831607e+04 
       5.111661970888e-03       2.477825945229e+04 
       5.218816395059e-03       2.508823375988e+04 
       5.326136209784e-03       2.539199980446e+04 
       5.433612722403e-03       2.568960876111e+04 
       5.541237856288e-03       2.598110517812e+04 
       5.649004100628e-03       2.626653631742e+04 
       5.756904464843e-03       2.654595669132e+04 
       5.864932437163e-03       2.681942154324e+04 
       5.973081946959e-03       2.708698617449e+04 
       6.081347330465e-03       2.734870303720e+04 
       6.189723299550e-03       2.760463917492e+04 
       6.298204913243e-03       2.785484114632e+04 
       6.406787551753e-03       2.809937640090e+04 
       6.515466892733e-03       2.833831432538e+04 
       6.624238889588e-03       2.857170340126e+04 
       6.733099751614e-03       2.879960794271e+04 
       6.842045925821e-03       2.902209145908e+04 
       6.951074080257e-03       2.923921257397e+04 
       7.060181088721e-03       2.945104511240e+04 
       7.169364016712e-03       2.965763559050e+04 
       7.278620108523e-03       2.985906070838e+04 
       7.387946775368e-03       3.005536860586e+04 
       7.497341584446e-03       3.024663104102e+04 
       7.606802248869e-03       3.043290438943e+04 
       7.716326618374e-03       3.061425769752e+04 
       7.825912670749e-03       3.079074058021e+04 
       7.935558503913e-03       3.096241871982e+04 
       8.045262328602e-03       3.112935363433e+04 
       8.155022461594e-03       3.129160272288e+04 
       8.264837319447e-03       3.144921301200e+04 
       8.374705412693e-03       3.160226283491e+04 
       8.484625340461e-03       3.175079338471e+04 
       8.594595785482e-03       3.189488631720e+04 
       8.704615509463e-03       3.203457322885e+04 
       8.814683348788e-03       3.216992363095e+04 
       8.924798210516e-03       3.230098586435e+04 
       9.034959068675e-03       3.242782137270e+04 
       9.145164960802e-03       3.255047737850e+04 
       9.255414984729e-03       3.266903062963e+04 
       9.365708295591e-03       3.278350514335e+04 
       9.476044103039e-03       3.289396803259e+04 
       9.586421668641e-03       3.300046445644e+04 
       9.696840303463e-03       3.310307252912e+04 
       9.807299365809e-03       3.320181142552e+04 
       9.917798259121e-03       3.329674519625e+04 
       1.002833643001e-02       3.338791909692e+04 
       1.013891336643e-02       3.347539606159e+04 
       1.024952859596e-02       3.355921517612e+04 
       1.036018168421e-02       3.363941635354e+04 
       1.047087223335e-02       3.371607352810e+04 
       1.058159988071e-02       3.378921436512e+04 
       1.069236429745e-02       3.385889743284e+04 
       1.080316518742e-02       3.392517339202e+04 
       1.091400228596e-02       3.398806735417e+04 
       1.102487535892e-02       3.404764351842e+04 
       1.113578420160e-02       3.410393938523e+04 
       1.124672863791e-02       3.415700433321e+04 
       1.135770851948e-02       3.420687872640e+04 
       1.146872372489e-02       3.425359143810e+04 
       1.157977415889e-02       3.429722551328e+04 
       1.169085975180e-02       3.433778622423e+04 
       1.180198045879e-02       3.437534786841e+04 
       1.191313625937e-02       3.440991796266e+04 
       1.202432715680e-02       3.444155577762e+04 
       1.213555317760e-02       3.447030515997e+04 
       1.224681437110e-02       3.449620192166e+04 
       1.235811080903e-02       3.451929822578e+04 
       1.237436309153e-02       3.452242626251e+04 
       1.246944258512e-02       3.453961155681e+04 
       1.258080981472e-02       3.455720520706e+04 
       1.269221263455e-02       3.457210454703e+04 
       1.280365120235e-02       3.458435314411e+04 
       1.291512569667e-02       3.459398290080e+04 
       1.302663631659e-02       3.460104776146e+04 
       1.313818328155e-02       3.460556629068e+04 
       1.324976683118e-02       3.460758850212e+04 
       1.336138722513e-02       3.460714479293e+04 
       1.347304474295e-02       3.460427449411e+04 
       1.358473968398e-02       3.459902190732e+04 
       1.369647236726e-02       3.459140320917e+04 
       1.380824313151e-02       3.458147159672e+04 
       1.392005233503e-02       3.456924360906e+04 
       1.403190035574e-02       3.455478650520e+04 
       1.414378759114e-02       3.453810685141e+04 
       1.425571445833e-02       3.451925836253e+04 
       1.436768139409e-02       3.449825315058e+04 
       1.447968885487e-02       3.447513034170e+04 
       1.459173731692e-02       3.444993884624e+04 
       1.470382727637e-02       3.442269291779e+04 
       1.481595924932e-02       3.439344400002e+04 
       1.492813377198e-02       3.436219339496e+04 
       1.504035140080e-02       3.432902371126e+04 
       1.515261271265e-02       3.429390280296e+04 
       1.526491830498e-02       3.425692451442e+04 
       1.537726879602e-02       3.421808279763e+04 
       1.548966482496e-02       3.417742283314e+04 
       1.560210705222e-02       3.413496139969e+04 
       1.571459615965e-02       3.409076139462e+04 
       1.582713285081e-02       3.404479617403e+04 
       1.593971785121e-02       3.399713020340e+04 
       1.605235190863e-02       3.394781462303e+04 
       1.616503579341e-02       3.389684211861e+04 
       1.627777029876e-02       3.384424681653e+04 
       1.639055624109e-02       3.379007334625e+04 
       1.650339446038e-02       3.373434294309e+04 
       1.661628582054e-02       3.367706637337e+04 
       1.672923120979e-02       3.361831552160e+04 
       1.684223154105e-02       3.355806245797e+04 
       1.695528775235e-02       3.349641126023e+04 
       1.706840080732e-02       3.343327799572e+04 
       1.718157169555e-02       3.336876591721e+04 
       1.729480143313e-02       3.330291384936e+04 
       1.740809106312e-02       3.323569928450e+04 
       1.752144165602e-02       3.316718093503e+04 
       1.763485431034e-02       3.309738611268e+04 
       1.774833015309e-02       3.302630952148e+04 
       1.786187034040e-02       3.295397218580e+04 
       1.797547605804e-02       3.288046458562e+04 
       1.808914852206e-02       3.280576119663e+04 
       1.820288897940e-02       3.272988771771e+04 
       1.831669870852e-02       3.265284790296e+04 
       1.843057902006e-02       3.257473259036e+04 
       1.854453125757e-02       3.249549631673e+04 
       1.865855679814e-02       3.241522323894e+04 
       1.877265705321e-02       3.233387856496e+04 
       1.888683346926e-02       3.225155725657e+04 
       1.900108752863e-02       3.216815144787e+04 
       1.911542075032e-02       3.208383034765e+04 
       1.922983469077e-02       3.199858768656e+04 
       1.934433094480e-02       3.191237794933e+04 
       1.945891114643e-02       3.182527125415e+04 
       1.957357696982e-02       3.173724214274e+04 
       1.968833013019e-02       3.164835457340e+04 
       1.980317238481e-02       3.155861315926e+04 
       1.991810553402e-02       3.146811523838e+04 
       2.003313142220e-02       3.137675920508e+04 
       2.014825193893e-02       3.128465585416e+04 
       2.026346902000e-02       3.119174232985e+04 
       2.037878464861e-02       3.109809562944e+04 
       2.049420085653e-02       3.100373423180e+04 
       2.060971972528e-02       3.090872700104e+04 
       2.072534338742e-02       3.081295995947e+04 
       2.084107402784e-02       3.071657087168e+04 
       2.095691388505e-02       3.061949299326e+04 
       2.107286525261e-02       3.052180569714e+04 
       2.118893048051e-02       3.042356225031e+04 
       2.130511197668e-02       3.032461649577e+04 
       2.142141220844e-02       3.022514920479e+04 
       2.153783370415e-02       3.012522924507e+04 
       2.165437905476e-02       3.002466938138e+04 
       2.177105091553e-02       2.992363113509e+04 
       2.188785200770e-02       2.982204989883e+04 
       2.200478512035e-02       2.972003825234e+04 
       2.212185311220e-02       2.961745813779e+04 
       2.223905891351e-02       2.951452369421e+04 
       2.235640552811e-02       2.941107493073e+04 
       2.247389603537e-02       2.930727041050e+04 
       2.259153359238e-02       2.920302170070e+04 
       2.270932143609e-02       2.909843546771e+04 
       2.282726288560e-02       2.899348685962e+04 
       2.294536134450e-02       2.888807450463e+04 
       2.306362030328e-02       2.878233902676e+04 
       2.318204334185e-02       2.867634517607e+04 
       2.330063413216e-02       2.856999978592e+04 
       2.341939644087e-02       2.846328587751e+04 
       2.353833413217e-02       2.835640756042e+04 
       2.365745117065e-02       2.824920266433e+04 
       2.377675162432e-02       2.814173178529e+04 
       2.389623966771e-02       2.803400897048e+04 
       2.401591958514e-02       2.792608247133e+04 
       2.413579577401e-02       2.781789787298e+04 
       2.425587274834e-02       2.770952628450e+04 
       2.437615514233e-02       2.760099605614e+04 
       2.449664771415e-02       2.749212632721e+04 
       2.461735534981e-02       2.738322610556e+04 
       2.473828306724e-02       2.727419822921e+04 
       2.485943602043e-02       2.716498170508e+04 
       2.498081950390e-02       2.705555205479e+04 
       2.510243895716e-02       2.694612241556e+04 
       2.522429996947e-02       2.683644758340e+04 
       2.534640828479e-02       2.672674063545e+04 
       2.546876980687e-02       2.661694290277e+04 
       2.559139060460e-02       2.650705571558e+04 
       2.571427691755e-02       2.639710792693e+04 
       2.583743516177e-02       2.628702106397e+04 
       2.596087193583e-02       2.617688841236e+04 
       2.608459402711e-02       2.606679072963e+04 
       2.620860841833e-02       2.595664686650e+04 
       2.633292229443e-02       2.584646999287e+04 
       2.645754304970e-02       2.573626780471e+04 
       2.658247829524e-02       2.562603770350e+04 
       2.670773586674e-02       2.551581763169e+04 
       2.683332383264e-02       2.540561796931e+04 
       2.695925050260e-02       2.529537667090e+04 
       2.708552443645e-02       2.518525341234e+04 
       2.721215445346e-02       2.507500672791e+04 
       2.733914964208e-02       2.496500277988e+04 
       2.746651937014e-02       2.485488108028e+04 
       2.759427329556e-02       2.474483951950e+04 
       2.772242137749e-02       2.463489438413e+04 
       2.785097388808e-02       2.452512998741e+04 
       2.797994142477e-02       2.441523553646e+04 
       2.810933492320e-02       2.430544798767e+04 
       2.823916567079e-02       2.419583192316e+04 
       2.836944532091e-02       2.408628177987e+04 
       2.850018590792e-02       2.397679968789e+04 
       2.863139986282e-02       2.386738676548e+04 
       2.876310002983e-02       2.375804455995e+04 
       2.889529968376e-02       2.364896732012e+04 
       2.902801254839e-02       2.353990435010e+04 
       2.916125281569e-02       2.343093066038e+04 
       2.929503516625e-02       2.332210021599e+04 
       2.942937479065e-02       2.321343637526e+04 
       2.956428741218e-02       2.310489339205e+04 
       2.969978931066e-02       2.299645708771e+04 
       2.983589734776e-02       2.288812164058e+04 
       2.997262899363e-02       2.277998813603e+04 
       3.011000235518e-02       2.267193307330e+04 
       3.024803620590e-02       2.256409481226e+04 
       3.038675001755e-02       2.245635093218e+04 
       3.052616399362e-02       2.234871898157e+04 
       3.066629910495e-02       2.224129421384e+04 
       3.080717712740e-02       2.213401959766e+04 
       3.094882068192e-02       2.202687827614e+04 
       3.109125327712e-02       2.191985392878e+04 
       3.123449935452e-02       2.181300596041e+04 
       3.137858433671e-02       2.170633314214e+04 
       3.152353467864e-02       2.159978635822e+04 
       3.166937792232e-02       2.149346722790e+04 
       3.181614275507e-02       2.138724594610e+04 
       3.196385907183e-02       2.128113665785e+04 
       3.211255804162e-02       2.117525049723e+04 
       3.226227217867e-02       2.106944217923e+04 
       3.241303541855e-02       2.096386908402e+04 
       3.256488319967e-02       2.085837408949e+04 
       3.271785255073e-02       2.075305668174e+04 
       3.287198218451e-02       2.064783824262e+04 
       3.302731259871e-02       2.054279561871e+04 
       3.318388618428e-02       2.043790720147e+04 
       3.334174734211e-02       2.033312118248e+04 
       3.350094260877e-02       2.022848216093e+04 
       3.366152079208e-02       2.012394411424e+04 
       3.382353311761e-02       2.001955924740e+04 
       3.398703338700e-02       1.991531534673e+04 
       3.415207814938e-02       1.981109675054e+04 
       3.431872688710e-02       1.970704506333e+04 
       3.448704221730e-02       1.960303455295e+04 
       3.465709011093e-02       1.949922827622e+04 
       3.482894013096e-02       1.939540839544e+04 
       3.500266569195e-02       1.929168504331e+04 
       3.517834434320e-02       1.918802445710e+04 
       3.535605807812e-02       1.908452532647e+04 
       3.553589367267e-02       1.898100605063e+04 
       3.571794305632e-02       1.887746289748e+04 
       3.590230371914e-02       1.877400363205e+04 
       3.608907915936e-02       1.867057929743e+04 
       3.627837937633e-02       1.856717631656e+04 
       3.647032141422e-02       1.846376123341e+04 
       3.666502996307e-02       1.836029466481e+04 
       3.686263802426e-02       1.825680861747e+04 
       3.706328764880e-02       1.815330272046e+04 
       3.726713075816e-02       1.804967109110e+04 
       3.747433005868e-02       1.794609454271e+04 
       3.768506006250e-02       1.784224904946e+04 
       3.789950822990e-02       1.773838295074e+04 
       3.811787625070e-02       1.763435004430e+04 
       3.834038148490e-02       1.753015385376e+04 
       3.856725858652e-02       1.742577819212e+04 
       3.879876133894e-02       1.732115999773e+04 
       3.903516473463e-02       1.721631709144e+04 
       3.927676733878e-02       1.711124446846e+04 
       3.952389398344e-02       1.700581195738e+04 
       3.977689884778e-02       1.690001618250e+04 
       4.003616899120e-02       1.679381242156e+04 
       4.030212841933e-02       1.668725100411e+04 
       4.057524277953e-02       1.658025115882e+04 
       4.085602480297e-02       1.647270711985e+04 
       4.114504063566e-02       1.636454307973e+04 
       4.144291723242e-02       1.625574764744e+04 
       4.175035102728e-02       1.614627443351e+04 
       4.206811814335e-02       1.603601332432e+04 
       4.239708646778e-02       1.592487947590e+04 
       4.273822999666e-02       1.581277201911e+04 
       4.309264595494e-02       1.569961817183e+04 
       4.346157532457e-02       1.558530705829e+04 
       4.384642757673e-02       1.546965509162e+04 
       4.424881061190e-02       1.535252006041e+04 
       4.467056717555e-02       1.523372607784e+04 
       4.511381935167e-02       1.511305048569e+04 
       4.558102315543e-02       1.499018383486e+04 
       4.607503576148e-02       1.486491443015e+04 
       4.659919851862e-02       1.473682514662e+04 
       4.715743958996e-02       1.460544938160e+04 
       4.775440073787e-02       1.447023261780e+04 
       4.839559323696e-02       1.433041078750e+04 
       4.908758768683e-02       1.418517610126e+04 
       4.983824066149e-02       1.403326740851e+04 
       5.065695582128e-02       1.387315030049e+04 
       5.155496489616e-02       1.370277063371e+04 
       5.254558895199e-02       1.351940383603e+04 
       5.364439377319e-02       1.331938176499e+04 
       5.486907546501e-02       1.309781495196e+04 
       5.623880384040e-02       1.284830684156e+04 
       5.777265172789e-02       1.256289821989e+04 
       5.948677913446e-02       1.223233368008e+04 
       6.139046365045e-02       1.184741168835e+04 
       6.348203063671e-02       1.140137988412e+04 
       6.574677655892e-02       1.089318047730e+04 
       6.815878394325e-02       1.033015089848e+04 
       7.068634929257e-02       9.728395989421e+03 
       7.329831040103e-02       9.110439538407e+03 
       7.596842872366e-02       8.501130636178e+03 
       7.867692904829e-02       7.923550440680e+03 
       8.141001117788e-02       7.395993937534e+03 
       8.415852767959e-02       6.930502097836e+03 
       8.691661400936e-02       6.532585962501e+03 
       8.968058876488e-02       6.201854441938e+03 
       9.244817104470e-02       5.933004608685e+03 
       9.521795892198e-02       5.717193900089e+03 
       9.798909483509e-02       5.543090285821e+03 
       1.007610556503e-01       5.398181898731e+03 
       1.035335226922e-01       5.269824330025e+03 
       1.063063019241e-01       5.146352829441e+03 
       1.090792751636e-01       5.018041012364e+03 
       1.118523703519e-01       4.877850596246e+03 
       1.146255434669e-01       4.721919283920e+03 
       1.173987675302e-01       4.549602392513e+03 
       1.201720259297e-01       4.363149993498e+03 
       1.229453083635e-01       4.167036191419e+03 
       1.237436309153e-01       4.109603386587e+03 
       1.257186083775e-01       3.967113307808e+03 
       1.284919218682e-01       3.769708751971e+03 
       1.312652461739e-01       3.580794743350e+03 
       1.340385795207e-01       3.405399464482e+03 
       1.368119206865e-01       3.247156188867e+03 
       1.395852687945e-01       3.108135985671e+03 
       1.423586231877e-01       2.988831327882e+03 
       1.451319833522e-01       2.888323928224e+03 
       1.479053488686e-01       2.804504205154e+03 
       1.506787193831e-01       2.734401204012e+03 
       1.534520945883e-01       2.674503021309e+03 
       1.562254742117e-01       2.621105265864e+03 
       1.589988580075e-01       2.571239804352e+03 
       1.617722457517e-01       2.521229629776e+03 
       1.645456372383e-01       2.468362891478e+03 
       1.673190322769e-01       2.410893077462e+03 
       1.700924306907e-01       2.348039047111e+03 
       1.728658323149e-01       2.280005595581e+03 
       1.756392369955e-01       2.207824319784e+03 
       1.784126445885e-01       2.133112336654e+03 
       1.811860549591e-01       2.057749676681e+03 
       1.839594679804e-01       1.983615374891e+03 
       1.867328835334e-01       1.912379942527e+03 
       1.895063015060e-01       1.845402543352e+03 
       1.922797217929e-01       1.783666705500e+03 
       1.950531442946e-01       1.727767275921e+03 
       1.978265689172e-01       1.677908210289e+03 
       2.005999955723e-01       1.633913709208e+03 
       2.033734241760e-01       1.595244049490e+03 
       2.061468546492e-01       1.561053623055e+03 
       2.089202869170e-01       1.530288779616e+03 
       2.116937209083e-01       1.501801013400e+03 
       2.144671565559e-01       1.474480273505e+03 
       2.172405937959e-01       1.447362399206e+03 
       2.200140325678e-01       1.419700767922e+03 
       2.227874728140e-01       1.391011120711e+03 
       2.255609144797e-01       1.361044934391e+03 
       2.283343575129e-01       1.329785452142e+03 
       2.311078018642e-01       1.297433132211e+03 
       2.338812474863e-01       1.264341868877e+03 
       2.366546943342e-01       1.231007822618e+03 
       2.394281423653e-01       1.197993006803e+03 
       2.422015915385e-01       1.165876458523e+03 
       2.449750418148e-01       1.135162227904e+03 
       2.477484931571e-01       1.106231478417e+03 
       2.505219455297e-01       1.079310944831e+03 
       2.532953988986e-01       1.054461475251e+03 
       2.560688532312e-01       1.031604092207e+03 
       2.588423084965e-01       1.010559941575e+03 
       2.616157646645e-01       9.910829844615e+02 
       2.643892217067e-01       9.728779661899e+02 
       2.671626795958e-01       9.556346694015e+02 
       2.699361383056e-01       9.390397085202e+02 
       2.727095978107e-01       9.227875986997e+02 
       2.754830580872e-01       9.066182152932e+02 
       2.782565191119e-01       8.903357569875e+02 
       2.810299808624e-01       8.738234634460e+02 
       2.838034433174e-01       8.570596293076e+02 
       2.865769064563e-01       8.400970024655e+02 
       2.893503702595e-01       8.230490388576e+02 
       2.921238347078e-01       8.060585094926e+02 
       2.948972997829e-01       7.892762938892e+02 
       2.976707654674e-01       7.728424975764e+02 
       3.004442317442e-01       7.568905456717e+02 
       3.032176985970e-01       7.415254217484e+02 
       3.059911660101e-01       7.268344193998e+02 
       3.087646339683e-01       7.128746931613e+02 
       3.115381024569e-01       6.996518578432e+02 
       3.143115714620e-01       6.871434442193e+02 
       3.170850409698e-01       6.752737590835e+02 
       3.198585109672e-01       6.639430824466e+02 
       3.226319814416e-01       6.530418405952e+02 
       3.254054523807e-01       6.424604632241e+02 
       3.281789237727e-01       6.321124042134e+02 
       3.309523956061e-01       6.219258040973e+02 
       3.337258678700e-01       6.118527696406e+02 
       3.364993405535e-01       6.018583977938e+02 
       3.392728136464e-01       5.919196093898e+02 
       3.420462871386e-01       5.820296628377e+02 
       3.448197610206e-01       5.721959675359e+02 
       3.475932352829e-01       5.624475580065e+02 
       3.503667099165e-01       5.528210445304e+02 
       3.531401849125e-01       5.433651610065e+02 
       3.559136602625e-01       5.341214516705e+02 
       3.586871359583e-01       5.251240734055e+02 
       3.614606119918e-01       5.163927691307e+02 
       3.642340883553e-01       5.079350363724e+02 
       3.670075650413e-01       4.997517012027e+02 
       3.697810420425e-01       4.918334422994e+02 
       3.725545193518e-01       4.841780487969e+02 
       3.753279969624e-01       4.767715554439e+02 
       3.781014748677e-01       4.695971823521e+02 
       3.808749530611e-01       4.626311947806e+02 
       3.836484315364e-01       4.558408697533e+02 
       3.864219102875e-01       4.491946183697e+02 
       3.891953893086e-01       4.426628447109e+02 
       3.919688685937e-01       4.362229105578e+02 
       3.947423481374e-01       4.298645948946e+02 
       3.975158279343e-01       4.235836749276e+02 
       4.002893079789e-01       4.173817012369e+02 
       4.030627882663e-01       4.112622261636e+02 
       4.058362687914e-01       4.052257967851e+02 
       4.086097495494e-01       3.992771568971e+02 
       4.113832305355e-01       3.934258759221e+02 
       4.141567117452e-01       3.876805951012e+02 
       4.169301931739e-01       3.820556521262e+02 
       4.197036748173e-01       3.765641774045e+02 
       4.224771566711e-01       3.712141296061e+02 
       4.252506387313e-01       3.660059056002e+02 
       4.280241209938e-01       3.609358703804e+02 
       4.307976034547e-01       3.559930832246e+02 
       4.335710861102e-01       3.511656085838e+02 
       4.363445689565e-01       3.464432647606e+02 
       4.391180519900e-01       3.418199130937e+02 
       4.418915352072e-01       3.372876356041e+02 
       4.446650186046e-01       3.328395637313e+02 
       4.474385021789e-01       3.284694105483e+02 
       4.502119859268e-01       3.241672184807e+02 
       4.529854698451e-01       3.199265244840e+02 
       4.557589539307e-01       3.157421299779e+02 
       4.585324381805e-01       3.116147413233e+02 
       4.613059225915e-01       3.075488307917e+02 
       4.640794071609e-01       3.035486085536e+02 
       4.668528918859e-01       2.996193874161e+02 
       4.696263767636e-01       2.957610710466e+02 
       4.723998617914e-01       2.919742330661e+02 
       4.751733469666e-01       2.882554704798e+02 
       4.779468322866e-01       2.846047192925e+02 
       4.807203177490e-01       2.810227419467e+02 
       4.834938033513e-01       2.775088910379e+02 
       4.862672890911e-01       2.740666344506e+02 
       4.890407749660e-01       2.706932375737e+02 
       4.918142609738e-01       2.673871434428e+02 
       4.945877471122e-01       2.641431148103e+02 
       4.973612333789e-01       2.609540643278e+02 
       5.001347197720e-01       2.578175078340e+02 
       5.029082062892e-01       2.547314492157e+02 
       5.056816929286e-01       2.516934705313e+02 
       5.084551796881e-01       2.487054239973e+02 
       5.112286665657e-01       2.457661324367e+02 
       5.140021535596e-01       2.428725684360e+02 
       5.167756406679e-01       2.400229062694e+02 
       5.195491278887e-01       2.372135779163e+02 
       5.223226152203e-01       2.344452138473e+02 
       5.250961026608e-01       2.317162131833e+02 
       5.278695902086e-01       2.290305786331e+02 
       5.306430778619e-01       2.263905041420e+02 
       5.334165656192e-01       2.237957329044e+02 
       5.361900534787e-01       2.212460205357e+02 
       5.389635414390e-01       2.187389385862e+02 
       5.417370294984e-01       2.162725926948e+02 
       5.445105176555e-01       2.138439760344e+02 
       5.472840059088e-01       2.114543345886e+02 
       5.500574942567e-01       2.091040936362e+02 
       5.528309826980e-01       2.067925988549e+02 
       5.556044712311e-01       2.045197202095e+02 
       5.583779598547e-01       2.022830516729e+02 
       5.611514485674e-01       2.000811223917e+02 
       5.639249373680e-01       1.979091331217e+02 
       5.666984262551e-01       1.957678262927e+02 
       5.694719152275e-01       1.936569138366e+02 
       5.722454042840e-01       1.915759246817e+02 
       5.750188934232e-01       1.895272012001e+02 
       5.777923826441e-01       1.875094721690e+02 
       5.805658719454e-01       1.855225036765e+02 
       5.833393613260e-01       1.835637789477e+02 
       5.861128507848e-01       1.816317287994e+02 
       5.888863403206e-01       1.797275564264e+02 
       5.916598299324e-01       1.778488121906e+02 
       5.944333196192e-01       1.759989297494e+02 
       5.972068093797e-01       1.741773009825e+02 
       5.999802992132e-01       1.723846296366e+02 
       6.027537891184e-01       1.706188855289e+02 
       6.055272790945e-01       1.688795602477e+02 
       6.083007691404e-01       1.671625296038e+02 
       6.110742592553e-01       1.654693009210e+02 
       6.138477494381e-01       1.637994424065e+02 
       6.166212396880e-01       1.621531941412e+02 
       6.193947300041e-01       1.605320304092e+02 
       6.221682203854e-01       1.589343661431e+02 
       6.249417108311e-01       1.573587342653e+02 
       6.277152013404e-01       1.558045768042e+02 
       6.304886919124e-01       1.542702247859e+02 
       6.332621825462e-01       1.527556300132e+02 
       6.360356732411e-01       1.512602171753e+02 
       6.388091639963e-01       1.497862032050e+02 
       6.415826548110e-01       1.483331104704e+02 
       6.443561456843e-01       1.469009939374e+02 
       6.471296366157e-01       1.454885338447e+02 
       6.499031276042e-01       1.440943071858e+02 
       6.526766186493e-01       1.427177637919e+02 
       6.554501097501e-01       1.413587410837e+02 
       6.582236009059e-01       1.400173081928e+02 
       6.609970921161e-01       1.386939492958e+02 
       6.637705833800e-01       1.373892630876e+02 
       6.665440746969e-01       1.361027122331e+02 
       6.693175660662e-01       1.348337490675e+02 
       6.720910574872e-01       1.335809923146e+02 
       6.748645489592e-01       1.323429285517e+02 
       6.776380404816e-01       1.311197011486e+02 
       6.804115320539e-01       1.299123282268e+02 
       6.831850236754e-01       1.287205552886e+02 
       6.859585153455e-01       1.275451429698e+02 
       6.887320070636e-01       1.263854779147e+02 
       6.915054988292e-01       1.252404814725e+02 
       6.942789906416e-01       1.241093967159e+02 
       6.970524825003e-01       1.229918259145e+02 
       6.998259744048e-01       1.218867246304e+02 
       7.025994663545e-01       1.207954744331e+02 
       7.053729583489e-01       1.197187605237e+02 
       7.081464503875e-01       1.186559699580e+02 
       7.109199424697e-01       1.176070372214e+02 
       7.136934345950e-01       1.165712494647e+02 
       7.164669267629e-01       1.155475157592e+02 
       7.192404189730e-01       1.145354091645e+02 
       7.220139112247e-01       1.135354463142e+02 
       7.247874035176e-01       1.125470049521e+02 
       7.275608958512e-01       1.115711269811e+02 
       7.303343882250e-01       1.106086839377e+02 
       7.331078806386e-01       1.096573412337e+02 
       7.358813730916e-01       1.087179623348e+02 
       7.386548655834e-01       1.077891531488e+02 
       7.414283581136e-01       1.068703438047e+02 
       7.442018506818e-01       1.059621563713e+02 
       7.469753432877e-01       1.050645247783e+02 
       7.497488359307e-01       1.041781334727e+02 
       7.525223286105e-01       1.033027436069e+02 
       7.552958213266e-01       1.024378460382e+02 
       7.580693140787e-01       1.015833078928e+02 
       7.608428068663e-01       1.007382517892e+02 
       7.636162996891e-01       9.990155023520e+01 
       7.663897925467e-01       9.907483985671e+01 
       7.691632854387e-01       9.825726334635e+01 
       7.719367783647e-01       9.744982938153e+01 
       7.747102713244e-01       9.665230217407e+01 
       7.774837643175e-01       9.586409634397e+01 
       7.802572573434e-01       9.508459926363e+01 
       7.830307504020e-01       9.431375009029e+01 
       7.858042434929e-01       9.355070809909e+01 
       7.885777366156e-01       9.279609799845e+01 
       7.913512297700e-01       9.205016474073e+01 
       7.941247229556e-01       9.131301100055e+01 
       7.968982161721e-01       9.058430052553e+01 
       7.996717094192e-01       8.986454500698e+01 
       8.024452026967e-01       8.915243426817e+01 
       8.052186960040e-01       8.844769745685e+01 
       8.079921893411e-01       8.774955837723e+01 
       8.107656827075e-01       8.705958785409e+01 
       8.135391761029e-01       8.637721841224e+01 
       8.163126695271e-01       8.570267312131e+01 
       8.190861629798e-01       8.503563779999e+01 
       8.218596564607e-01       8.437633699381e+01 
       8.246331499694e-01       8.372379613252e+01 
       8.274066435058e-01       8.307796093238e+01 
       8.301801370695e-01       8.243878328570e+01 
       8.329536306602e-01       8.180578945054e+01 
       8.357271242778e-01       8.117986709378e+01 
       8.385006179219e-01       8.056133729462e+01 
       8.412741115922e-01       7.994957736149e+01 
       8.440476052885e-01       7.934426496887e+01 
       8.468210990106e-01       7.874539027208e+01 
       8.495945927582e-01       7.815218781319e+01 
       8.523680865310e-01       7.756517252591e+01 
       8.551415803289e-01       7.698371798140e+01 
       8.579150741514e-01       7.640878042669e+01 
       8.606885679985e-01       7.584045904250e+01 
       8.634620618699e-01       7.527795312232e+01 
       8.662355557654e-01       7.472106551598e+01 
       8.690090496846e-01       7.417057709192e+01 
       8.717825436274e-01       7.362460548263e+01 
       8.745560375936e-01       7.308409833664e+01 
       8.773295315829e-01       7.254908619932e+01 
       8.801030255952e-01       7.201962120350e+01 
       8.828765196302e-01       7.149607158834e+01 
       8.856500136876e-01       7.097794437352e+01 
       8.884235077674e-01       7.046488252172e+01 
       8.911970018692e-01       6.995724565228e+01 
       8.939704959928e-01       6.945422254730e+01 
       8.967439901382e-01       6.895574583774e+01 
       8.995174843050e-01       6.846215049275e+01 
       9.022909784931e-01       6.797368879969e+01 
       9.050644727022e-01       6.749060063898e+01 
       9.078379669322e-01       6.701237032891e+01 
       9.106114611829e-01       6.653893734143e+01 
       9.133849554541e-01       6.606996205166e+01 
       9.161584497456e-01       6.560506793207e+01 
       9.189319440573e-01       6.514466136183e+01 
       9.217054383888e-01       6.468873017453e+01 
       9.244789327402e-01       6.423716642013e+01 
       9.272524271111e-01       6.379049902292e+01 
       9.300259215014e-01       6.334849778202e+01 
       9.327994159110e-01       6.291069692903e+01 
       9.355729103396e-01       6.247680114744e+01 
       9.383464047872e-01       6.204663694991e+01 
       9.411198992534e-01       6.162055285094e+01 
       9.438933937383e-01       6.119843055390e+01 
       9.466668882415e-01       6.078039842001e+01 
       9.494403827630e-01       6.036679835601e+01 
       9.522138773025e-01       5.995752865350e+01 
       9.549873718600e-01       5.955193180495e+01 
       9.577608664352e-01       5.914980300129e+01 
       9.605343610281e-01       5.875108164805e+01 
       9.633078556384e-01       5.835589855947e+01 
       9.660813502660e-01       5.796465741995e+01 
       9.688548449108e-01       5.757737231933e+01 
       9.716283395726e-01       5.719356660108e+01 
       9.744018342512e-01       5.681348952893e+01 
       9.771753289466e-01       5.643743465431e+01 
       9.799488236586e-01       5.606419187947e+01 
       9.827223183870e-01       5.569421053485e+01 
       9.854958131317e-01       5.532726364155e+01 
       9.882693078926e-01       5.496378997885e+01 
       9.910428026694e-01       5.460417500640e+01 
       9.938162974622e-01       5.424764111735e+01 
       9.965897922708e-01       5.389476378974e+01 
       9.993632870950e-01       5.354500664565e+01 
       1.002136781935e+00       5.319811191412e+01 
       1.004910276790e+00       5.285417484585e+01 
       1.007683771660e+00       5.251280287453e+01 
       1.010457266545e+00       5.217507994014e+01 
       1.013230761446e+00       5.184049559669e+01 
       1.016004256361e+00       5.150895467813e+01 
       1.018777751291e+00       5.118034680496e+01 
       1.021551246236e+00       5.085500279526e+01 
       1.024324741195e+00       5.053197364588e+01 
       1.027098236169e+00       5.021157740595e+01 
       1.029871731156e+00       4.989413042241e+01 
       1.032645226158e+00       4.957913145550e+01 
       1.035418721174e+00       4.926773489063e+01 
       1.038192216204e+00       4.895883208726e+01 
       1.040965711248e+00       4.865292907904e+01 
       1.043739206306e+00       4.834931944545e+01 
       1.046512701377e+00       4.804828135394e+01 
       1.049286196461e+00       4.774943500232e+01 
       1.052059691559e+00       4.745353345043e+01 
       1.054833186671e+00       4.715994800624e+01 
       1.057606681795e+00       4.686926330190e+01 
       1.060380176933e+00       4.658097120980e+01 
       1.063153672083e+00       4.629545971216e+01 
       1.065927167247e+00       4.601225059990e+01 
       1.068700662423e+00       4.573111703241e+01 
       1.071474157612e+00       4.545221866459e+01 
       1.074247652813e+00       4.517580432390e+01 
       1.077021148027e+00       4.490171581998e+01 
       1.079794643253e+00       4.463011071939e+01 
       1.082568138492e+00       4.436087775771e+01 
       1.085341633742e+00       4.409408024391e+01 
       1.088115129005e+00       4.382919266667e+01 
       1.090888624280e+00       4.356642550027e+01 
       1.093662119567e+00       4.330590011034e+01 
       1.096435614865e+00       4.304725386517e+01 
       1.099209110176e+00       4.279092732672e+01 
       1.101982605498e+00       4.253692378587e+01 
       1.104756100831e+00       4.228512536305e+01 
       1.107529596176e+00       4.203544570179e+01 
       1.110303091532e+00       4.178762190098e+01 
       1.113076586900e+00       4.154167288602e+01 
       1.115850082279e+00       4.129764637286e+01 
       1.118623577669e+00       4.105553192200e+01 
       1.121397073070e+00       4.081561029928e+01 
       1.124170568482e+00       4.057765092634e+01 
       1.126944063905e+00       4.034193208030e+01 
       1.129717559338e+00       4.010768741517e+01 
       1.132491054783e+00       3.987557327816e+01 
       1.135264550238e+00       3.964513494604e+01 
       1.138038045704e+00       3.941639596532e+01 
       1.140811541180e+00       3.918954895129e+01 
       1.143585036666e+00       3.896444101145e+01 
       1.146358532163e+00       3.874139702523e+01 
       1.149132027670e+00       3.852031307141e+01 
       1.151905523187e+00       3.830078356798e+01 
       1.154679018715e+00       3.808282661513e+01 
       1.157452514252e+00       3.786679310564e+01 
       1.160226009800e+00       3.765211501833e+01 
       1.162999505357e+00       3.743915072326e+01 
       1.165773000924e+00       3.722803811032e+01 
       1.168546496501e+00       3.701866022116e+01 
       1.171319992088e+00       3.681093097457e+01 
       1.174093487684e+00       3.660485797840e+01 
       1.176866983290e+00       3.640043818622e+01 
       1.179640478905e+00       3.619735394677e+01 
       1.182413974530e+00       3.599574539978e+01 
       1.185187470164e+00       3.579559846295e+01 
       1.187960965807e+00       3.559717583267e+01 
       1.190734461460e+00       3.540050060719e+01 
       1.193507957122e+00       3.520521150275e+01 
       1.196281452792e+00       3.501139363573e+01 
       1.199054948472e+00       3.481917283080e+01 
       1.201828444161e+00       3.462818859029e+01 
       1.204601939859e+00       3.443863836546e+01 
       1.207375435565e+00       3.425042443595e+01 
       1.210148931281e+00       3.406394613807e+01 
       1.212922427005e+00       3.387884879368e+01 
       1.215695922738e+00       3.369532251382e+01 
       1.218469418479e+00       3.351288786095e+01 
       1.221242914229e+00       3.333187288230e+01 
       1.224016409987e+00       3.315211693395e+01 
       1.226789905754e+00       3.297359201217e+01 
       1.229563401529e+00       3.279658223491e+01 
       1.232336897313e+00       3.262092698483e+01 
       1.235110393104e+00       3.244671648463e+01 
       1.237436309153e+00       3.230137820671e+01 
       1.237883888904e+00       3.227390934823e+01 
       1.240657384712e+00       3.210203505531e+01 
       1.243430880529e+00       3.193143895450e+01 
       1.246204376353e+00       3.176192180735e+01 
       1.248977872185e+00       3.159384375155e+01 
       1.251751368025e+00       3.142694771690e+01 
       1.254524863873e+00       3.126137348616e+01 
       1.257298359729e+00       3.109728411411e+01 
       1.260071855593e+00       3.093410220218e+01 
       1.262845351464e+00       3.077221884802e+01 
       1.265618847343e+00       3.061145149085e+01 
       1.268392343230e+00       3.045161849263e+01 
       1.271165839124e+00       3.029316101575e+01 
       1.273939335026e+00       3.013559853044e+01 
       1.276712830935e+00       2.997935464263e+01 
       1.279486326852e+00       2.982448276098e+01 
       1.282259822776e+00       2.967063181453e+01 
       1.285033318707e+00       2.951777836682e+01 
       1.287806814646e+00       2.936606841878e+01 
       1.290580310592e+00       2.921493766349e+01 
       1.293353806545e+00       2.906525173872e+01 
       1.296127302505e+00       2.891659500079e+01 
       1.298900798472e+00       2.876914597114e+01 
       1.634929533045e+00       1.651453146319e+01 
       2.058252123404e+00       9.397389937289e+00 
       2.591185899256e+00       5.306952892605e+00 
       3.262109775256e+00       2.976448114532e+00 
       4.106752892132e+00       1.658951392584e+00 
       5.170095575864e+00       9.192545025069e-01 
       6.508764701860e+00       5.067167760033e-01 
       8.194049282560e+00       2.779711204234e-01 
       1.031569686731e+01       1.518072873248e-01 
       1.298669292662e+01       8.255440298754e-02 
       1.634927774049e+01       4.472475634776e-02 
       2.058252121198e+01       2.414548978361e-02 
