# Matter power spectrum P(k) at redshift z=0
# for k=9.0192e-06 to 20.5861 h/Mpc,
# number of wavenumbers equal to 855
#    1:k (h/Mpc)              2:P (Mpc/h)^3        
       9.019201454174e-06       7.372394280236e+01 
       2.013437232318e-05       1.599052723264e+02 
       3.127867019624e-05       2.445116597561e+02 
       4.247440903451e-05       3.283944192279e+02 
       5.374417827534e-05       4.120139257238e+02 
       6.511099296095e-05       4.956996350449e+02 
       7.659844748270e-05       5.797223068713e+02 
       8.823087449441e-05       6.643229982046e+02 
       1.000335105604e-04       7.497274301539e+02 
       1.120326701213e-04       8.361542417174e+02 
       1.242559293744e-04       9.238203284901e+02 
       1.367323216761e-04       1.012944685628e+03 
       1.494925460608e-04       1.103751388010e+03 
       1.625691904350e-04       1.196472127273e+03 
       1.759969709228e-04       1.291348459963e+03 
       1.898129886899e-04       1.388633928375e+03 
       2.040570053356e-04       1.488596085866e+03 
       2.187717375774e-04       1.591518516478e+03 
       2.340031714211e-04       1.697702836188e+03 
       2.498008952548e-04       1.807470712811e+03 
       2.662184502690e-04       1.921165866422e+03 
       2.833136952002e-04       2.039156069924e+03 
       3.011491805457e-04       2.161835073439e+03 
       3.197925249974e-04       2.289624423170e+03 
       3.393167837950e-04       2.422975078983e+03 
       3.598007949172e-04       2.562368738924e+03 
       3.813294844476e-04       2.708318721164e+03 
       4.039941070762e-04       2.861370237188e+03 
       4.278923916126e-04       3.022099827496e+03 
       4.531285548632e-04       3.191113776726e+03 
       4.798131407256e-04       3.369045039435e+03 
       5.080626356595e-04       3.556548607807e+03 
       5.379988079316e-04       3.754294735693e+03 
       5.697477177126e-04       3.962959861120e+03 
       6.034383500518e-04       4.183214859821e+03 
       6.392008349528e-04       4.415710543121e+03 
       6.771642399587e-04       4.661060444060e+03 
       7.174539518240e-04       4.919821173841e+03 
       7.601887045194e-04       5.192471095716e+03 
       8.054773583407e-04       5.479388475833e+03 
       8.534155840436e-04       5.780830302557e+03 
       9.040826490048e-04       6.096913812501e+03 
       9.575385302735e-04       6.427601979325e+03 
       1.013821583378e-03       6.772694748145e+03 
       1.072946970199e-03       7.131825796211e+03 
       1.134905993731e-03       7.504466463300e+03 
       1.199666408215e-03       7.889933605599e+03 
       1.237685953032e-03       8.114329804411e+03 
       1.267173681764e-03       8.287404503301e+03 
       1.337353100265e-03       8.695935256217e+03 
       1.410112530429e-03       9.114484215143e+03 
       1.485345616560e-03       9.541939592372e+03 
       1.562935173802e-03       9.977148879246e+03 
       1.642756557639e-03       1.041894758613e+04 
       1.724680827698e-03       1.086618321487e+04 
       1.808577573914e-03       1.131773328727e+04 
       1.894317325288e-03       1.177251781359e+04 
       1.981773508839e-03       1.222950898186e+04 
       2.070823964317e-03       1.268773925795e+04 
       2.161352047312e-03       1.314631043106e+04 
       2.253247369975e-03       1.360439847762e+04 
       2.346406236227e-03       1.406125339871e+04 
       2.440731829417e-03       1.451619579588e+04 
       2.536134206954e-03       1.496861084112e+04 
       2.632530150392e-03       1.541794544970e+04 
       2.729842912233e-03       1.586370642545e+04 
       2.828001893341e-03       1.630545679065e+04 
       2.926942277899e-03       1.674281547328e+04 
       3.026604646696e-03       1.717544612950e+04 
       3.126934584318e-03       1.760305552201e+04 
       3.227882291507e-03       1.802538593626e+04 
       3.329402210537e-03       1.844221555975e+04 
       3.431452668786e-03       1.885335935885e+04 
       3.533995543625e-03       1.925865865713e+04 
       3.636995950267e-03       1.965798344840e+04 
       3.740421953082e-03       2.005122134736e+04 
       3.844244300126e-03       2.043828335763e+04 
       3.948436180119e-03       2.081909960158e+04 
       4.052973000729e-03       2.119361573020e+04 
       4.157832186856e-03       2.156179391918e+04 
       4.262992997494e-03       2.192360872099e+04 
       4.368436359704e-03       2.227904047578e+04 
       4.474144718296e-03       2.262808726277e+04 
       4.580101899811e-03       2.297074995761e+04 
       4.686292989519e-03       2.330704431259e+04 
       4.792704220213e-03       2.363699001723e+04 
       4.899322871658e-03       2.396061181544e+04 
       5.006137179679e-03       2.427794037642e+04 
       5.113136253919e-03       2.458901111247e+04 
       5.220310003429e-03       2.489386701265e+04 
       5.327649069297e-03       2.519255178088e+04 
       5.435144763619e-03       2.548511409038e+04 
       5.542789014175e-03       2.577160242329e+04 
       5.650574314243e-03       2.605207245119e+04 
       5.758493677037e-03       2.632657540930e+04 
       5.866540594312e-03       2.659517196161e+04 
       5.974708998718e-03       2.685792032661e+04 
       6.082993229540e-03       2.711487511573e+04 
       6.191388001486e-03       2.736610385510e+04 
       6.299888376236e-03       2.761165670173e+04 
       6.408489736469e-03       2.785160403995e+04 
       6.517187762150e-03       2.808601271682e+04 
       6.625978408838e-03       2.831493700295e+04 
       6.734857887851e-03       2.853844276873e+04 
       6.843822648090e-03       2.875659156988e+04 
       6.952869359376e-03       2.896944768574e+04 
       7.061994897172e-03       2.917708242477e+04 
       7.171196328541e-03       2.937954759290e+04 
       7.280470899244e-03       2.957691596747e+04 
       7.389816021878e-03       2.976928573781e+04 
       7.499229264944e-03       2.995667150547e+04 
       7.608708342784e-03       3.013908317566e+04 
       7.718251106291e-03       3.031661556576e+04 
       7.827855534349e-03       3.048938102136e+04 
       7.937519725913e-03       3.065745418309e+04 
       8.047241892697e-03       3.082087778390e+04 
       8.157020352409e-03       3.097967806360e+04 
       8.266853522487e-03       3.113389302597e+04 
       8.376739914299e-03       3.128361466457e+04 
       8.486678127766e-03       3.142892268318e+04 
       8.596666846377e-03       3.156986829270e+04 
       8.706704832558e-03       3.170648883581e+04 
       8.816790923377e-03       3.183883530356e+04 
       8.926924026550e-03       3.196697057845e+04 
       9.037103116728e-03       3.209095792512e+04 
       9.147327232045e-03       3.221086465648e+04 
       9.257595470906e-03       3.232672782671e+04 
       9.367906988995e-03       3.243859577558e+04 
       9.478260996488e-03       3.254652321978e+04 
       9.588656755457e-03       3.265055935745e+04 
       9.699093577455e-03       3.275079359194e+04 
       9.809570821253e-03       3.284723711343e+04 
       9.920087890742e-03       3.293994609258e+04 
       1.003064423297e-02       3.302896954023e+04 
       1.014123933630e-02       3.311436496873e+04 
       1.025187272874e-02       3.319619325201e+04 
       1.036254397627e-02       3.327448603731e+04 
       1.047325268145e-02       3.334928297030e+04 
       1.058399848198e-02       3.342064939860e+04 
       1.069478104937e-02       3.348861548633e+04 
       1.080560008783e-02       3.355324204388e+04 
       1.091645533304e-02       3.361459055840e+04 
       1.102734655117e-02       3.367267983931e+04 
       1.113827353786e-02       3.372756617791e+04 
       1.124923611732e-02       3.377929540422e+04 
       1.136023414150e-02       3.382790774188e+04 
       1.147126748927e-02       3.387344100645e+04 
       1.158233606570e-02       3.391592617400e+04 
       1.169343980138e-02       3.395540807763e+04 
       1.180457865178e-02       3.399194701620e+04 
       1.191575259669e-02       3.402559568953e+04 
       1.202696163964e-02       3.405637712221e+04 
       1.213820580743e-02       3.408434186755e+04 
       1.224948514968e-02       3.410950933604e+04 
       1.236079973837e-02       3.413192725660e+04 
       1.237685953032e-02       3.413493316009e+04 
       1.247214966748e-02       3.415163227783e+04 
       1.258353505266e-02       3.416868231212e+04 
       1.269495603087e-02       3.418310013445e+04 
       1.280641276012e-02       3.419494202191e+04 
       1.291790541920e-02       3.420422235854e+04 
       1.302943420746e-02       3.421099193883e+04 
       1.314099934461e-02       3.421527914624e+04 
       1.325260107051e-02       3.421711449123e+04 
       1.336423964509e-02       3.421655216246e+04 
       1.347591534813e-02       3.421362853400e+04 
       1.358762847924e-02       3.420837385585e+04 
       1.369937935772e-02       3.420081285228e+04 
       1.381116832253e-02       3.419099532228e+04 
       1.392299573225e-02       3.417893299581e+04 
       1.403486196504e-02       3.416468496748e+04 
       1.414676741865e-02       3.414827993457e+04 
       1.425871251047e-02       3.412978097803e+04 
       1.437069767751e-02       3.410913815680e+04 
       1.448272337650e-02       3.408643703494e+04 
       1.459479008397e-02       3.406171495288e+04 
       1.470689829629e-02       3.403499728498e+04 
       1.481904852984e-02       3.400630802340e+04 
       1.493124132110e-02       3.397571306939e+04 
       1.504347722680e-02       3.394319387606e+04 
       1.515575682410e-02       3.390882857428e+04 
       1.526808071071e-02       3.387261329182e+04 
       1.538044950514e-02       3.383459249429e+04 
       1.549286384690e-02       3.379478227346e+04 
       1.560532439667e-02       3.375321374182e+04 
       1.571783183662e-02       3.370991914604e+04 
       1.583038687058e-02       3.366496565703e+04 
       1.594299022439e-02       3.361833326378e+04 
       1.605564264613e-02       3.357011649966e+04 
       1.616834490645e-02       3.352024418813e+04 
       1.628109779887e-02       3.346878953868e+04 
       1.639390214014e-02       3.341578919387e+04 
       1.650675877056e-02       3.336130977384e+04 
       1.661966855437e-02       3.330530269783e+04 
       1.673263238013e-02       3.324784912136e+04 
       1.684565116109e-02       3.318896498845e+04 
       1.695872583566e-02       3.312867845618e+04 
       1.707185736779e-02       3.306697184390e+04 
       1.718504674747e-02       3.300392715870e+04 
       1.729829499114e-02       3.293949196528e+04 
       1.741160314223e-02       3.287384223271e+04 
       1.752497227163e-02       3.280686369700e+04 
       1.763840347825e-02       3.273865160411e+04 
       1.775189788949e-02       3.266918483357e+04 
       1.786545666187e-02       3.259850774753e+04 
       1.797908098160e-02       3.252666442421e+04 
       1.809277206515e-02       3.245367937883e+04 
       1.820653115987e-02       3.237949641080e+04 
       1.832035954466e-02       3.230425320331e+04 
       1.843425853064e-02       3.222792941907e+04 
       1.854822946178e-02       3.215056813581e+04 
       1.866227371567e-02       3.207210602692e+04 
       1.877639270420e-02       3.199261296747e+04 
       1.889058787436e-02       3.191223880342e+04 
       1.900486070897e-02       3.183074551294e+04 
       1.911921272753e-02       3.174840626784e+04 
       1.923364548703e-02       3.166504610529e+04 
       1.934816058281e-02       3.158083051243e+04 
       1.946275964942e-02       3.149575632978e+04 
       1.957744436158e-02       3.140979333997e+04 
       1.969221643508e-02       3.132302325739e+04 
       1.980707762778e-02       3.123537678315e+04 
       1.992202974060e-02       3.114689707287e+04 
       2.003707461854e-02       3.105772140897e+04 
       2.015221415178e-02       3.096773160108e+04 
       2.026745027677e-02       3.087703561286e+04 
       2.038278497735e-02       3.078553509906e+04 
       2.049822028594e-02       3.069341917554e+04 
       2.061375828477e-02       3.060055212268e+04 
       2.072940110709e-02       3.050702415089e+04 
       2.084515093849e-02       3.041291008030e+04 
       2.096101001822e-02       3.031815705697e+04 
       2.107698064060e-02       3.022275244173e+04 
       2.119306515638e-02       3.012679165421e+04 
       2.130926597426e-02       3.003018386284e+04 
       2.142558556241e-02       2.993305988081e+04 
       2.154202644997e-02       2.983547697645e+04 
       2.165859122876e-02       2.973727541957e+04 
       2.177528255490e-02       2.963860627550e+04 
       2.189210315054e-02       2.953944128726e+04 
       2.200905580565e-02       2.943979187588e+04 
       2.212614337989e-02       2.933966007221e+04 
       2.224336880449e-02       2.923916918941e+04 
       2.236073508425e-02       2.913818466642e+04 
       2.247824529957e-02       2.903683482215e+04 
       2.259590260856e-02       2.893503754104e+04 
       2.271371024925e-02       2.883287373857e+04 
       2.283167154183e-02       2.873033172927e+04 
       2.294978989100e-02       2.862752287238e+04 
       2.306806878841e-02       2.852430111214e+04 
       2.318651181515e-02       2.842085476317e+04 
       2.330512264439e-02       2.831696949464e+04 
       2.342390504404e-02       2.821291926229e+04 
       2.354286287957e-02       2.810847280041e+04 
       2.366200011688e-02       2.800385186852e+04 
       2.378132082533e-02       2.789886554093e+04 
       2.390082918088e-02       2.779377464934e+04 
       2.402052946923e-02       2.768833199095e+04 
       2.414042608930e-02       2.758277041344e+04 
       2.426052355659e-02       2.747702698572e+04 
       2.438082650687e-02       2.737104938729e+04 
       2.450133969992e-02       2.726485371902e+04 
       2.462206802339e-02       2.715844396209e+04 
       2.474301649691e-02       2.705201488521e+04 
       2.486419027623e-02       2.694536241596e+04 
       2.498559465764e-02       2.683866424071e+04 
       2.510723508253e-02       2.673176113607e+04 
       2.522911714207e-02       2.662477784035e+04 
       2.535124658217e-02       2.651770583827e+04 
       2.547362930863e-02       2.641048678889e+04 
       2.559627139240e-02       2.630321757946e+04 
       2.571917907523e-02       2.619591577838e+04 
       2.584235877539e-02       2.608849483519e+04 
       2.596581709374e-02       2.598106341182e+04 
       2.608956082001e-02       2.587350030657e+04 
       2.621359693938e-02       2.576602303089e+04 
       2.633793263930e-02       2.565854193738e+04 
       2.646257531666e-02       2.555091009905e+04 
       2.658753258525e-02       2.544337258747e+04 
       2.671281228353e-02       2.533583079724e+04 
       2.683842248280e-02       2.522828477826e+04 
       2.696437149571e-02       2.512068208461e+04 
       2.709066788513e-02       2.501315117338e+04 
       2.721732047350e-02       2.490568952824e+04 
       2.734433835256e-02       2.479818601833e+04 
       2.747173089352e-02       2.469074461880e+04 
       2.759950775781e-02       2.458347104791e+04 
       2.772767890822e-02       2.447614150447e+04 
       2.785625462066e-02       2.436894274651e+04 
       2.798524549648e-02       2.426183769614e+04 
       2.811466247535e-02       2.415470591901e+04 
       2.824451684888e-02       2.404781340381e+04 
       2.837482027479e-02       2.394082036419e+04 
       2.850558479194e-02       2.383396198296e+04 
       2.863682283602e-02       2.372723195476e+04 
       2.876854725609e-02       2.362064483758e+04 
       2.890077133202e-02       2.351416415635e+04 
       2.903350879283e-02       2.340773047725e+04 
       2.916677383594e-02       2.330143803757e+04 
       2.930058114758e-02       2.319528162319e+04 
       2.943494592425e-02       2.308925413682e+04 
       2.956988389536e-02       2.298337701568e+04 
       2.970541134711e-02       2.287754498403e+04 
       2.984154514783e-02       2.277190582035e+04 
       2.997830277459e-02       2.266641679017e+04 
       3.011570234153e-02       2.256105422934e+04 
       3.025376262967e-02       2.245578238183e+04 
       3.039250311863e-02       2.235066207502e+04 
       3.053194402011e-02       2.224573283928e+04 
       3.067210631353e-02       2.214093720155e+04 
       3.081301178370e-02       2.203632567722e+04 
       3.095468306095e-02       2.193175941040e+04 
       3.109714366369e-02       2.182749600654e+04 
       3.124041804370e-02       2.172324406445e+04 
       3.138453163433e-02       2.161922636905e+04 
       3.152951090180e-02       2.151532399077e+04 
       3.167538339992e-02       2.141155513648e+04 
       3.182217782843e-02       2.130799953356e+04 
       3.196992409528e-02       2.120454027262e+04 
       3.211865338317e-02       2.110127462724e+04 
       3.226839822072e-02       2.099817687032e+04 
       3.241919255863e-02       2.089515420596e+04 
       3.257107185125e-02       2.079234544849e+04 
       3.272407314408e-02       2.068961248961e+04 
       3.287823516760e-02       2.058714816793e+04 
       3.303359843821e-02       2.048475283513e+04 
       3.319020536659e-02       2.038248440238e+04 
       3.334810037451e-02       2.028030564387e+04 
       3.350733002060e-02       2.017832684428e+04 
       3.366794313606e-02       2.007641498693e+04 
       3.382999097124e-02       1.997463560090e+04 
       3.399352735407e-02       1.987302437821e+04 
       3.415860886157e-02       1.977151527042e+04 
       3.432529500575e-02       1.967006749163e+04 
       3.449364843534e-02       1.956880553527e+04 
       3.466373515488e-02       1.946758295806e+04 
       3.483562476319e-02       1.936643573795e+04 
       3.500939071309e-02       1.926535118514e+04 
       3.518511059478e-02       1.916439980038e+04 
       3.536286644542e-02       1.906346207778e+04 
       3.554274508785e-02       1.896259532002e+04 
       3.572483850181e-02       1.886187859029e+04 
       3.590924423139e-02       1.876107287779e+04 
       3.609606583291e-02       1.866032083764e+04 
       3.628541336829e-02       1.855955361664e+04 
       3.647740394922e-02       1.845884531223e+04 
       3.667216233868e-02       1.835814230096e+04 
       3.686982161695e-02       1.825740113244e+04 
       3.707052392060e-02       1.815657166914e+04 
       3.727442126399e-02       1.805576703226e+04 
       3.748167645451e-02       1.795482653079e+04 
       3.769246411437e-02       1.785382139378e+04 
       3.790697182412e-02       1.775267810596e+04 
       3.812540140511e-02       1.765142722306e+04 
       3.834797036152e-02       1.755002228739e+04 
       3.857491350587e-02       1.744849919391e+04 
       3.880648479604e-02       1.734666517337e+04 
       3.904295941716e-02       1.724469189235e+04 
       3.928463614761e-02       1.714241071191e+04 
       3.953184005601e-02       1.703989161803e+04 
       3.978492558473e-02       1.693698029716e+04 
       4.004428008681e-02       1.683373463109e+04 
       4.031032789653e-02       1.673010312271e+04 
       4.058353503013e-02       1.662606743431e+04 
       4.086441463424e-02       1.652146176573e+04 
       4.115353332438e-02       1.641636113284e+04 
       4.145151858783e-02       1.631063153055e+04 
       4.175906746475e-02       1.620425341722e+04 
       4.207695677096e-02       1.609713276409e+04 
       4.240605518850e-02       1.598912649376e+04 
       4.274733762948e-02       1.588020389472e+04 
       4.310190237925e-02       1.577031697213e+04 
       4.347099165291e-02       1.565925633180e+04 
       4.385601636264e-02       1.554695130586e+04 
       4.425858610119e-02       1.543321994750e+04 
       4.468054561138e-02       1.531788233977e+04 
       4.512401934694e-02       1.520071765552e+04 
       4.559146614893e-02       1.508143141854e+04 
       4.608574657885e-02       1.495992008483e+04 
       4.661020606377e-02       1.483553854840e+04 
       4.716877769811e-02       1.470796904491e+04 
       4.776610922610e-02       1.457667279363e+04 
       4.840771919058e-02       1.444092371309e+04 
       4.910018701512e-02       1.429977920834e+04 
       4.985137993589e-02       1.415208416958e+04 
       5.067071435485e-02       1.399633308261e+04 
       5.156943690501e-02       1.383040417777e+04 
       5.256088540513e-02       1.365155057456e+04 
       5.366064311757e-02       1.345628184928e+04 
       5.488642175221e-02       1.323947049875e+04 
       5.625739996288e-02       1.299474649248e+04 
       5.779264500647e-02       1.271412252216e+04 
       5.950828769357e-02       1.238826912158e+04 
       6.141354668059e-02       1.200789582250e+04 
       6.350666354964e-02       1.156615796769e+04 
       6.577284684945e-02       1.106192790591e+04 
       6.818611558054e-02       1.050242906202e+04 
       7.071474474981e-02       9.903695842340e+03 
       7.332758867586e-02       9.288160534823e+03 
       7.599844555476e-02       8.680602885858e+03 
       7.870758000952e-02       8.104065488310e+03 
       8.144122540484e-02       7.576866505155e+03 
       8.419025906165e-02       7.111094535091e+03 
       8.694883333246e-02       6.712306975289e+03 
       8.971327782502e-02       6.380269741112e+03 
       9.248131861340e-02       6.109718780838e+03 
       9.525155811558e-02       5.891778593925e+03 
       9.802314144845e-02       5.715234580977e+03 
       1.007955471193e-01       5.567463541128e+03 
       1.035684574543e-01       5.435884933293e+03 
       1.063416790271e-01       5.308780564336e+03 
       1.091150940264e-01       5.176422499158e+03 
       1.118886306189e-01       5.031801555829e+03 
       1.146622449200e-01       4.871081291491e+03 
       1.174359100348e-01       4.693679598304e+03 
       1.202096094020e-01       4.501908689032e+03 
       1.229833327508e-01       4.300316615952e+03 
       1.237685953032e-01       4.242267006983e+03 
       1.257570736458e-01       4.094845226464e+03 
       1.285308279955e-01       3.891886910492e+03 
       1.313045931452e-01       3.697508361087e+03 
       1.340783673256e-01       3.516788392498e+03 
       1.368521493173e-01       3.353423188851e+03 
       1.396259382452e-01       3.209509788952e+03 
       1.423997334538e-01       3.085556697232e+03 
       1.451735344296e-01       2.980637731597e+03 
       1.479473407541e-01       2.892616384067e+03 
       1.507211520737e-01       2.818480252540e+03 
       1.534949680814e-01       2.754701067629e+03 
       1.562687885048e-01       2.697486743085e+03 
       1.590426130985e-01       2.643928206258e+03 
       1.618164416385e-01       2.590086419668e+03 
       1.645902739190e-01       2.533280875807e+03 
       1.673641097497e-01       2.471868142453e+03 
       1.701379489539e-01       2.405178258782e+03 
       1.729117913669e-01       2.333449228052e+03 
       1.756856368349e-01       2.257675637029e+03 
       1.784594852140e-01       2.179394439333e+03 
       1.812333363692e-01       2.100444643574e+03 
       1.840071901739e-01       2.022718097165e+03 
       1.867810465092e-01       1.947974908421e+03 
       1.895549052630e-01       1.877663806931e+03 
       1.923287663300e-01       1.812846477334e+03 
       1.951026296108e-01       1.754122636502e+03 
       1.978764950116e-01       1.701663356120e+03 
       2.006503624439e-01       1.655220787488e+03 
       2.034242318240e-01       1.614198313370e+03 
       2.061981030728e-01       1.577740923413e+03 
       2.089719761154e-01       1.544804914726e+03 
       2.117458508809e-01       1.514290820220e+03 
       2.145197273019e-01       1.485107932721e+03 
       2.172936053147e-01       1.456280327480e+03 
       2.200674848587e-01       1.427021460428e+03 
       2.228413658763e-01       1.396783023415e+03 
       2.256152483129e-01       1.365281184986e+03 
       2.283891321166e-01       1.332499790452e+03 
       2.311630172376e-01       1.298655213273e+03 
       2.339369036290e-01       1.264149379135e+03 
       2.367107912458e-01       1.229503024121e+03 
       2.394846800452e-01       1.195286422734e+03 
       2.422585699863e-01       1.162042339037e+03 
       2.450324610302e-01       1.130260301626e+03 
       2.478063531395e-01       1.100300835181e+03 
       2.505802462788e-01       1.072397617951e+03 
       2.533541404140e-01       1.046629691766e+03 
       2.561280355126e-01       1.022956305189e+03 
       2.589019315434e-01       1.001210344026e+03 
       2.616758284767e-01       9.811361424236e+02 
       2.644497262838e-01       9.624226082703e+02 
       2.672236249375e-01       9.447303611094e+02 
       2.699975244116e-01       9.277247335137e+02 
       2.727714246807e-01       9.111027692894e+02 
       2.755453257210e-01       8.946136027648e+02 
       2.783192275091e-01       8.780747844950e+02 
       2.810931300228e-01       8.613738194802e+02 
       2.838670332407e-01       8.444854160492e+02 
       2.866409371424e-01       8.274360348002e+02 
       2.894148417080e-01       8.103181007723e+02 
       2.921887469185e-01       7.932628003720e+02 
       2.949626527558e-01       7.764221791236e+02 
       2.977365592020e-01       7.599523648017e+02 
       3.005104662404e-01       7.439972784917e+02 
       3.032843738547e-01       7.286720251045e+02 
       3.060582820290e-01       7.140614618941e+02 
       3.088321907482e-01       7.002043883404e+02 
       3.116060999977e-01       6.871021619026e+02 
       3.143800097634e-01       6.747222770635e+02 
       3.171539200317e-01       6.629939086284e+02 
       3.199278307895e-01       6.518271795512e+02 
       3.227017420241e-01       6.411205005592e+02 
       3.254756537233e-01       6.307733243138e+02 
       3.282495658751e-01       6.206878264351e+02 
       3.310234784683e-01       6.107818672921e+02 
       3.337973914917e-01       6.009925896829e+02 
       3.365713049347e-01       5.912778968669e+02 
       3.393452187869e-01       5.816189152730e+02 
       3.421191330384e-01       5.720128275967e+02 
       3.448930476794e-01       5.624758549751e+02 
       3.476669627007e-01       5.530360061054e+02 
       3.504408780931e-01       5.437253690134e+02 
       3.532147938479e-01       5.345841873838e+02 
       3.559887099565e-01       5.256439762657e+02 
       3.587626264107e-01       5.169391303937e+02 
       3.615365432026e-01       5.084908453684e+02 
       3.643104603244e-01       5.003144518256e+02 
       3.670843777686e-01       4.924166199837e+02 
       3.698582955279e-01       4.847950838721e+02 
       3.726322135952e-01       4.774372463707e+02 
       3.754061319637e-01       4.703251426045e+02 
       3.781800506268e-01       4.634367530696e+02 
       3.809539695779e-01       4.567437996378e+02 
       3.837278888109e-01       4.502192759491e+02 
       3.865018083196e-01       4.438344885747e+02 
       3.892757280981e-01       4.375662539824e+02 
       3.920496481406e-01       4.313919876676e+02 
       3.948235684417e-01       4.252953144198e+02 
       3.975974889957e-01       4.192673860360e+02 
       4.003714097976e-01       4.133023154386e+02 
       4.031453308421e-01       4.074025433343e+02 
       4.059192521242e-01       4.015731180016e+02 
       4.086931736391e-01       3.958232711258e+02 
       4.114670953821e-01       3.901650395046e+02 
       4.142410173486e-01       3.846089989619e+02 
       4.170149395340e-01       3.791659113280e+02 
       4.197888619341e-01       3.738454040674e+02 
       4.225627845446e-01       3.686507748362e+02 
       4.253367073614e-01       3.635846495292e+02 
       4.281106303804e-01       3.586439540124e+02 
       4.308845535978e-01       3.538244401867e+02 
       4.336584770096e-01       3.491170053244e+02 
       4.364324006123e-01       3.445133023953e+02 
       4.392063244021e-01       3.400001893918e+02 
       4.419802483755e-01       3.355698391866e+02 
       4.447541725291e-01       3.312107435765e+02 
       4.475280968596e-01       3.269157129023e+02 
       4.503020213636e-01       3.226793562138e+02 
       4.530759460379e-01       3.184974934379e+02 
       4.558498708795e-01       3.143695716854e+02 
       4.586237958852e-01       3.102935535585e+02 
       4.613977210522e-01       3.062724908846e+02 
       4.641716463774e-01       3.023074169300e+02 
       4.669455718582e-01       2.984007027075e+02 
       4.697194974917e-01       2.945557033392e+02 
       4.724934232752e-01       2.907727477639e+02 
       4.752673492061e-01       2.870554803574e+02 
       4.780412752818e-01       2.834025357530e+02 
       4.808152014998e-01       2.798163592512e+02 
       4.835891278577e-01       2.762937597001e+02 
       4.863630543530e-01       2.728355464212e+02 
       4.891369809834e-01       2.694390914726e+02 
       4.919109077466e-01       2.661017213712e+02 
       4.946848346404e-01       2.628217346934e+02 
       4.974587616626e-01       2.595963026738e+02 
       5.002326888110e-01       2.564229520920e+02 
       5.030066160836e-01       2.532979621347e+02 
       5.057805434782e-01       2.502214416029e+02 
       5.085544709930e-01       2.471876108384e+02 
       5.113283986259e-01       2.441984967299e+02 
       5.141023263750e-01       2.412497533865e+02 
       5.168762542384e-01       2.383439749261e+02 
       5.196501822143e-01       2.354779520767e+02 
       5.224241103010e-01       2.326545909622e+02 
       5.251980384966e-01       2.298715511438e+02 
       5.279719667994e-01       2.271309662391e+02 
       5.307458952078e-01       2.244326989135e+02 
       5.335198237200e-01       2.217781147872e+02 
       5.362937523346e-01       2.191648156530e+02 
       5.390676810498e-01       2.165961929580e+02 
       5.418416098641e-01       2.140683659754e+02 
       5.446155387761e-01       2.115837744316e+02 
       5.473894677842e-01       2.091400009610e+02 
       5.501633968870e-01       2.067348137345e+02 
       5.529373260831e-01       2.043693811788e+02 
       5.557112553709e-01       2.020411396530e+02 
       5.584851847493e-01       1.997497632719e+02 
       5.612591142168e-01       1.974943465173e+02 
       5.640330437721e-01       1.952723076978e+02 
       5.668069734139e-01       1.930847643846e+02 
       5.695809031410e-01       1.909310248325e+02 
       5.723548329521e-01       1.888092780899e+02 
       5.751287628460e-01       1.867202937777e+02 
       5.779026928215e-01       1.846619289117e+02 
       5.806766228774e-01       1.826363623473e+02 
       5.834505530126e-01       1.806418887430e+02 
       5.862244832259e-01       1.786778348290e+02 
       5.889984135163e-01       1.767442046553e+02 
       5.917723438826e-01       1.748414498328e+02 
       5.945462743238e-01       1.729698242952e+02 
       5.973202048389e-01       1.711269780593e+02 
       6.000941354268e-01       1.693137531710e+02 
       6.028680660864e-01       1.675298603522e+02 
       6.056419968169e-01       1.657740429037e+02 
       6.084159276173e-01       1.640466288114e+02 
       6.111898584866e-01       1.623461833433e+02 
       6.139637894238e-01       1.606725331986e+02 
       6.167377204280e-01       1.590244478947e+02 
       6.195116514984e-01       1.574017548408e+02 
       6.222855826341e-01       1.558045647898e+02 
       6.250595138341e-01       1.542304365011e+02 
       6.278334450976e-01       1.526808135077e+02 
       6.306073764239e-01       1.511548525869e+02 
       6.333813078120e-01       1.496508543701e+02 
       6.361552392611e-01       1.481705519476e+02 
       6.389291707705e-01       1.467110498156e+02 
       6.417031023394e-01       1.452751054060e+02 
       6.444770339670e-01       1.438595099990e+02 
       6.472509656525e-01       1.424644638369e+02 
       6.500248973952e-01       1.410905804235e+02 
       6.527988291944e-01       1.397367328922e+02 
       6.555727610494e-01       1.384034943365e+02 
       6.583466929594e-01       1.370892257472e+02 
       6.611206249237e-01       1.357945971957e+02 
       6.638945569417e-01       1.345185326017e+02 
       6.666684890127e-01       1.332598952439e+02 
       6.694424211360e-01       1.320205647998e+02 
       6.722163533111e-01       1.307984447351e+02 
       6.749902855372e-01       1.295935737683e+02 
       6.777642178137e-01       1.284053298711e+02 
       6.805381501400e-01       1.272331874057e+02 
       6.833120825155e-01       1.260779283819e+02 
       6.860860149395e-01       1.249383713285e+02 
       6.888599474117e-01       1.238143583246e+02 
       6.916338799312e-01       1.227054476511e+02 
       6.944078124976e-01       1.216116655644e+02 
       6.971817451103e-01       1.205322308699e+02 
       6.999556777687e-01       1.194667795217e+02 
       7.027296104724e-01       1.184155697910e+02 
       7.055035432207e-01       1.173782462406e+02 
       7.082774760132e-01       1.163543124992e+02 
       7.110514088493e-01       1.153443384208e+02 
       7.138253417285e-01       1.143466730087e+02 
       7.165992746503e-01       1.133615038758e+02 
       7.193732076143e-01       1.123884426862e+02 
       7.221471406199e-01       1.114284589701e+02 
       7.249210736666e-01       1.104801286303e+02 
       7.276950067541e-01       1.095435403733e+02 
       7.304689398817e-01       1.086186419085e+02 
       7.332428730492e-01       1.077039590643e+02 
       7.360168062559e-01       1.068003229743e+02 
       7.387907395015e-01       1.059075364327e+02 
       7.415646727856e-01       1.050250251219e+02 
       7.443386061076e-01       1.041526890007e+02 
       7.471125394672e-01       1.032901131114e+02 
       7.498864728640e-01       1.024370869369e+02 
       7.526604062976e-01       1.015937254315e+02 
       7.554343397674e-01       1.007592700829e+02 
       7.582082732733e-01       9.993414131828e+01 
       7.609822068146e-01       9.911787409948e+01 
       7.637561403912e-01       9.830954179376e+01 
       7.665300740025e-01       9.751095425433e+01 
       7.693040076482e-01       9.671965513967e+01 
       7.720779413280e-01       9.593649218726e+01 
       7.748518750414e-01       9.516177722790e+01 
       7.776258087881e-01       9.439472987922e+01 
       7.803997425678e-01       9.363509809131e+01 
       7.831736763800e-01       9.288364026962e+01 
       7.859476102245e-01       9.213897943286e+01 
       7.887215441010e-01       9.140144030122e+01 
       7.914954780090e-01       9.067116326435e+01 
       7.942694119482e-01       8.994874947022e+01 
       7.970433459184e-01       8.923286097706e+01 
       7.998172799192e-01       8.852384481904e+01 
       8.025912139502e-01       8.782176237195e+01 
       8.053651480112e-01       8.712619698126e+01 
       8.081390821019e-01       8.643758532433e+01 
       8.109130162219e-01       8.575565026009e+01 
       8.136869503709e-01       8.508080626517e+01 
       8.164608845487e-01       8.441174131467e+01 
       8.192348187550e-01       8.374944358625e+01 
       8.220087529895e-01       8.309323298450e+01 
       8.247826872518e-01       8.244410930476e+01 
       8.275566215417e-01       8.180126156240e+01 
       8.303305558590e-01       8.116470947597e+01 
       8.331044902033e-01       8.053459157788e+01 
       8.358784245744e-01       7.991078912890e+01 
       8.386523589720e-01       7.929349107909e+01 
       8.414262933959e-01       7.868164983606e+01 
       8.442002278458e-01       7.807620645276e+01 
       8.469741623214e-01       7.747741858109e+01 
       8.497480968225e-01       7.688431620511e+01 
       8.525220313488e-01       7.629777237317e+01 
       8.552959659002e-01       7.571702467413e+01 
       8.580699004763e-01       7.514205454928e+01 
       8.608438350769e-01       7.457311611660e+01 
       8.636177697017e-01       7.401023920390e+01 
       8.663917043507e-01       7.345313678687e+01 
       8.691656390234e-01       7.290113991892e+01 
       8.719395737197e-01       7.235475307648e+01 
       8.747135084394e-01       7.181451496786e+01 
       8.774874431822e-01       7.127960225267e+01 
       8.802613779479e-01       7.074979479127e+01 
       8.830353127363e-01       7.022612560537e+01 
       8.858092475472e-01       6.970706529114e+01 
       8.885831823804e-01       6.919342817292e+01 
       8.913571172357e-01       6.868467516357e+01 
       8.941310521128e-01       6.818100324227e+01 
       8.969049870116e-01       6.768252600992e+01 
       8.996789219318e-01       6.718898550743e+01 
       9.024528568733e-01       6.670051949480e+01 
       9.052267918358e-01       6.621628206510e+01 
       9.080007268193e-01       6.573697324247e+01 
       9.107746618234e-01       6.526166696878e+01 
       9.135485968480e-01       6.479249658184e+01 
       9.163225318929e-01       6.432701438734e+01 
       9.190964669579e-01       6.386662290393e+01 
       9.218704020429e-01       6.340995405872e+01 
       9.246443371476e-01       6.295805748656e+01 
       9.274182722719e-01       6.251067715412e+01 
       9.301922074157e-01       6.206778810675e+01 
       9.329661425786e-01       6.162907134100e+01 
       9.357400777606e-01       6.119491275268e+01 
       9.385140129615e-01       6.076499696814e+01 
       9.412879481812e-01       6.033940773077e+01 
       9.440618834194e-01       5.991821310759e+01 
       9.468358186759e-01       5.950167664163e+01 
       9.496097539508e-01       5.908866129729e+01 
       9.523836892437e-01       5.868099523131e+01 
       9.551576245545e-01       5.827645664973e+01 
       9.579315598831e-01       5.787610991038e+01 
       9.607054952292e-01       5.748045004096e+01 
       9.634794305929e-01       5.708927960481e+01 
       9.662533659738e-01       5.670195643035e+01 
       9.690273013719e-01       5.631915775650e+01 
       9.718012367870e-01       5.594004385247e+01 
       9.745751722190e-01       5.556536483916e+01 
       9.773491076677e-01       5.519444615076e+01 
       9.801230431330e-01       5.482794950379e+01 
       9.828969786147e-01       5.446465492047e+01 
       9.856709141127e-01       5.410527777556e+01 
       9.884448496269e-01       5.375100390718e+01 
       9.912187851571e-01       5.339971421535e+01 
       9.939927207032e-01       5.305233958584e+01 
       9.967666562650e-01       5.270855703837e+01 
       9.995405918425e-01       5.236830712913e+01 
       1.002314527435e+00       5.203197950483e+01 
       1.005088463044e+00       5.169802751536e+01 
       1.007862398667e+00       5.136896811851e+01 
       1.010636334306e+00       5.104254628441e+01 
       1.013410269960e+00       5.071906929142e+01 
       1.016184205628e+00       5.039927096401e+01 
       1.018958141312e+00       5.008221703456e+01 
       1.021732077009e+00       4.976870077173e+01 
       1.024506012722e+00       4.945768443666e+01 
       1.027279948449e+00       4.914939760023e+01 
       1.030053884190e+00       4.884405637568e+01 
       1.032827819945e+00       4.854159494271e+01 
       1.035601755714e+00       4.824145486131e+01 
       1.038375691498e+00       4.794403137982e+01 
       1.041149627295e+00       4.764934241227e+01 
       1.043923563105e+00       4.735713078523e+01 
       1.046697498930e+00       4.706681051458e+01 
       1.049471434768e+00       4.677914430411e+01 
       1.052245370619e+00       4.649395080638e+01 
       1.055019306483e+00       4.621090126691e+01 
       1.057793242361e+00       4.593031390756e+01 
       1.060567178252e+00       4.565167692800e+01 
       1.063341114156e+00       4.537550005150e+01 
       1.066115050072e+00       4.510096973634e+01 
       1.068888986001e+00       4.482871443725e+01 
       1.071662921944e+00       4.455903789621e+01 
       1.074436857898e+00       4.429102816838e+01 
       1.077210793865e+00       4.402520445412e+01 
       1.079984729845e+00       4.376150359097e+01 
       1.082758665836e+00       4.349993037540e+01 
       1.085532601840e+00       4.324004495840e+01 
       1.088306537856e+00       4.298239309797e+01 
       1.091080473884e+00       4.272651113148e+01 
       1.093854409924e+00       4.247278397600e+01 
       1.096628345976e+00       4.222105531263e+01 
       1.099402282039e+00       4.197150996680e+01 
       1.102176218115e+00       4.172360016531e+01 
       1.104950154201e+00       4.147737843396e+01 
       1.107724090299e+00       4.123375567123e+01 
       1.110498026409e+00       4.099142994538e+01 
       1.113271962530e+00       4.075132549041e+01 
       1.116045898662e+00       4.051255033924e+01 
       1.118819834805e+00       4.027645349895e+01 
       1.121593770959e+00       4.004147867491e+01 
       1.124367707124e+00       3.980866747413e+01 
       1.127141643300e+00       3.957742048117e+01 
       1.129915579487e+00       3.934772978262e+01 
       1.132689515685e+00       3.911977527130e+01 
       1.135463451893e+00       3.889360418926e+01 
       1.138237388112e+00       3.866933853025e+01 
       1.141011324341e+00       3.844628857076e+01 
       1.143785260581e+00       3.822492876047e+01 
       1.146559196831e+00       3.800495579860e+01 
       1.149333133091e+00       3.778655004877e+01 
       1.152107069361e+00       3.756982202054e+01 
       1.154881005642e+00       3.735475311641e+01 
       1.157654941933e+00       3.714092108586e+01 
       1.160428878233e+00       3.692859475472e+01 
       1.163202814544e+00       3.671753878169e+01 
       1.165976750864e+00       3.650838952058e+01 
       1.168750687194e+00       3.630018736034e+01 
       1.171524623534e+00       3.609397792904e+01 
       1.174298559883e+00       3.588834892085e+01 
       1.177072496242e+00       3.568478254621e+01 
       1.179846432610e+00       3.548264168554e+01 
       1.182620368988e+00       3.528179109683e+01 
       1.185394305375e+00       3.508273737771e+01 
       1.188168241772e+00       3.488460264005e+01 
       1.190942178178e+00       3.468828823600e+01 
       1.193716114592e+00       3.449343398684e+01 
       1.196490051016e+00       3.429976162666e+01 
       1.199263987449e+00       3.410806254750e+01 
       1.202037923891e+00       3.391764003630e+01 
       1.204811860342e+00       3.372880234686e+01 
       1.207585796802e+00       3.354106593035e+01 
       1.210359733270e+00       3.335565281247e+01 
       1.213133669747e+00       3.317156421258e+01 
       1.215907606233e+00       3.298882861967e+01 
       1.218681542728e+00       3.280769058727e+01 
       1.221455479231e+00       3.262815625497e+01 
       1.224229415742e+00       3.244984361079e+01 
       1.227003352262e+00       3.227358028355e+01 
       1.229777288790e+00       3.209870488072e+01 
       1.232551225327e+00       3.192537974963e+01 
       1.235325161872e+00       3.175330226227e+01 
       1.237685953032e+00       3.160814543232e+01 
       1.238099098425e+00       3.158280615614e+01 
       1.240873034986e+00       3.141405377144e+01 
       1.243646971555e+00       3.124680716357e+01 
       1.246420908132e+00       3.108065617626e+01 
       1.249194844718e+00       3.091623533545e+01 
       1.251968781311e+00       3.075315479744e+01 
       1.254742717912e+00       3.059094666628e+01 
       1.257516654521e+00       3.043077877556e+01 
       1.260290591138e+00       3.027149757037e+01 
       1.263064527762e+00       3.011335810664e+01 
       1.265838464394e+00       2.995670776872e+01 
       1.268612401034e+00       2.980129561074e+01 
       1.271386337681e+00       2.964685440571e+01 
       1.274160274336e+00       2.949348645384e+01 
       1.276934210998e+00       2.934138647689e+01 
       1.279708147668e+00       2.919032780444e+01 
       1.282482084345e+00       2.904018900106e+01 
       1.285256021030e+00       2.889133055631e+01 
       1.288029957721e+00       2.874323466689e+01 
       1.290803894420e+00       2.859600349647e+01 
       1.293577831126e+00       2.844979381811e+01 
       1.296351767840e+00       2.830447803380e+01 
       1.299125704560e+00       2.816042058248e+01 
       1.635212700291e+00       1.602266860435e+01 
       2.058608610279e+00       9.098491063328e+00 
       2.591634689643e+00       5.295618832909e+00 
       3.262674768878e+00       2.978430462828e+00 
       4.107464176961e+00       1.665276129798e+00 
       5.170991030410e+00       9.259828572846e-01 
       6.509892012343e+00       5.122514197586e-01 
       8.195468482374e+00       2.820345275284e-01 
       1.031748353402e+01       1.545987483762e-01 
       1.298894220674e+01       8.439228670862e-02 
       1.635210941640e+01       4.588289813036e-02 
       2.058608608074e+01       2.485418337022e-02 
