# Matter power spectrum P(k) at redshift z=0
# for k=9.01777e-06 to 20.5825 h/Mpc,
# number of wavenumbers equal to 855
#    1:k (h/Mpc)              2:P (Mpc/h)^3        
       9.017768204720e-06       7.369090115730e+01 
       2.013117065551e-05       1.598340214283e+02 
       3.127368623152e-05       2.444037854677e+02 
       4.246761821429e-05       3.282515884598e+02 
       5.373554514272e-05       4.118380645601e+02 
       6.510047082172e-05       4.954930191139e+02 
       7.658597794245e-05       5.794876031270e+02 
       8.821638686582e-05       6.640633133130e+02 
       1.000169211334e-04       7.494463586611e+02 
       1.120138812866e-04       8.358559151986e+02 
       1.242348285901e-04       9.235094794995e+02 
       1.367087802636e-04       1.012626701038e+03 
       1.494664178164e-04       1.103432390128e+03 
       1.625403100413e-04       1.196159048032e+03 
       1.759651521417e-04       1.291049133183e+03 
       1.897780223194e-04       1.388357178469e+03 
       2.040186569110e-04       1.488351839043e+03 
       2.187297447984e-04       1.591317908334e+03 
       2.339572412864e-04       1.697558331182e+03 
       2.497507008914e-04       1.807396220635e+03 
       2.661636274439e-04       1.921176869137e+03 
       2.832538385149e-04       2.039269735518e+03 
       3.010838393218e-04       2.162070364601e+03 
       3.197211988802e-04       2.290002188124e+03 
       3.392389181229e-04       2.423518118665e+03 
       3.597157759348e-04       2.563101835803e+03 
       3.812366344790e-04       2.709268630194e+03 
       4.038926798210e-04       2.862565616845e+03 
       4.277815677867e-04       3.023571136075e+03 
       4.530074384697e-04       3.192893069758e+03 
       4.796807563165e-04       3.371165815302e+03 
       5.079179270207e-04       3.559045587960e+03 
       5.378406386927e-04       3.757203771533e+03 
       5.695748744280e-04       3.966317988352e+03 
       6.032495483134e-04       4.187060674531e+03 
       6.389947290495e-04       4.420085000410e+03 
       6.769394364803e-04       4.666008249856e+03 
       7.172090273991e-04       4.925392766837e+03 
       7.599222275715e-04       5.198725199544e+03 
       8.051879143593e-04       5.486394856433e+03 
       8.531018034307e-04       5.788672309504e+03 
       9.037432361260e-04       6.105689928073e+03 
       9.571722920002e-04       6.437425812498e+03 
       1.013427455223e-03       6.783692872879e+03 
       1.072524038191e-03       7.144134401346e+03 
       1.134453510456e-03       7.518226586208e+03 
       1.199183801970e-03       7.905288819824e+03 
       1.237436309153e-03       8.132135256400e+03 
       1.266660558409e-03       8.304499905808e+03 
       1.336809238052e-03       8.714919676084e+03 
       1.409537868692e-03       9.135513996179e+03 
       1.484740239600e-03       9.565180858369e+03 
       1.562299291522e-03       1.000277667396e+04 
       1.642090484503e-03       1.044714101513e+04 
       1.723984961446e-03       1.089711945938e+04 
       1.807852375162e-03       1.135158326910e+04 
       1.893563298875e-03       1.180944610395e+04 
       1.980991187410e-03       1.226967680239e+04 
       2.070013894393e-03       1.273130758019e+04 
       2.160514777863e-03       1.319343922771e+04 
       2.252383443363e-03       1.365524305274e+04 
       2.345516181282e-03       1.411596088255e+04 
       2.439816156371e-03       1.457490343094e+04 
       2.535193403933e-03       1.503144780622e+04 
       2.631564681181e-03       1.548503509510e+04 
       2.728853215055e-03       1.593516639874e+04 
       2.826988380429e-03       1.638139848151e+04 
       2.925905335651e-03       1.682333967847e+04 
       3.025544636276e-03       1.726064439007e+04 
       3.125851842553e-03       1.769301129855e+04 
       3.226777131995e-03       1.812017635649e+04 
       3.328274924875e-03       1.854191187265e+04 
       3.430303527867e-03       1.895802356658e+04 
       3.532824798954e-03       1.936834435675e+04 
       3.635803835260e-03       1.977273610027e+04 
       3.739208684334e-03       2.017108062228e+04 
       3.843010078631e-03       2.056328380150e+04 
       3.947181192420e-03       2.094927000803e+04 
       4.051697420008e-03       2.132897684940e+04 
       4.156536173955e-03       2.170235913561e+04 
       4.261676701857e-03       2.206938785273e+04 
       4.367099920266e-03       2.243003888253e+04 
       4.472788264292e-03       2.278430444246e+04 
       4.578725551528e-03       2.313218241590e+04 
       4.684896858992e-03       2.347367989490e+04 
       4.791288411857e-03       2.380881275214e+04 
       4.897887482858e-03       2.413760519939e+04 
       5.004682301321e-03       2.446008011994e+04 
       5.111661970888e-03       2.477627360183e+04 
       5.218816395059e-03       2.508622083199e+04 
       5.326136209784e-03       2.538996028037e+04 
       5.433612722403e-03       2.568754327636e+04 
       5.541237856288e-03       2.597901448461e+04 
       5.649004100628e-03       2.626442102939e+04 
       5.756904464843e-03       2.654381764208e+04 
       5.864932437163e-03       2.681725936927e+04 
       5.973081946959e-03       2.708480188045e+04 
       6.081347330465e-03       2.734649712527e+04 
       6.189723299550e-03       2.760241216622e+04 
       6.298204913243e-03       2.785259358444e+04 
       6.406787551753e-03       2.809710877598e+04 
       6.515466892733e-03       2.833602732057e+04 
       6.624238889588e-03       2.856939749620e+04 
       6.733099751614e-03       2.879728357061e+04 
       6.842045925821e-03       2.901974922402e+04 
       6.951074080257e-03       2.923685308497e+04 
       7.060181088721e-03       2.944866875425e+04 
       7.169364016712e-03       2.965524276976e+04 
       7.278620108523e-03       2.985665171090e+04 
       7.387946775368e-03       3.005294377232e+04 
       7.497341584446e-03       3.024419067552e+04 
       7.606802248869e-03       3.043044897950e+04 
       7.716326618374e-03       3.061178775141e+04 
       7.825912670749e-03       3.078825651678e+04 
       7.935558503913e-03       3.095992088819e+04 
       8.045262328602e-03       3.112684234957e+04 
       8.155022461594e-03       3.128907836200e+04 
       8.264837319447e-03       3.144667576473e+04 
       8.374705412693e-03       3.159971318359e+04 
       8.484625340461e-03       3.174823169033e+04 
       8.594595785482e-03       3.189231289210e+04 
       8.704615509463e-03       3.203198851168e+04 
       8.814683348788e-03       3.216732792597e+04 
       8.924798210516e-03       3.229837947527e+04 
       9.034959068675e-03       3.242520455443e+04 
       9.145164960802e-03       3.254785044227e+04 
       9.255414984729e-03       3.266639390217e+04 
       9.365708295591e-03       3.278085905995e+04 
       9.476044103039e-03       3.289131284690e+04 
       9.586421668641e-03       3.299780050205e+04 
       9.696840303463e-03       3.310039997391e+04 
       9.807299365809e-03       3.319913062366e+04 
       9.917798259121e-03       3.329405641981e+04 
       1.002833643001e-02       3.338522266226e+04 
       1.013891336643e-02       3.347269229956e+04 
       1.024952859596e-02       3.355650437657e+04 
       1.036018168421e-02       3.363669880275e+04 
       1.047087223335e-02       3.371334956956e+04 
       1.058159988071e-02       3.378648421785e+04 
       1.069236429745e-02       3.385616138161e+04 
       1.080316518742e-02       3.392243177455e+04 
       1.091400228596e-02       3.398532053685e+04 
       1.102487535892e-02       3.404489163414e+04 
       1.113578420160e-02       3.410118280774e+04 
       1.124672863791e-02       3.415424337948e+04 
       1.135770851948e-02       3.420411367512e+04 
       1.146872372489e-02       3.425082257529e+04 
       1.157977415889e-02       3.429445314302e+04 
       1.169085975180e-02       3.433501063286e+04 
       1.180198045879e-02       3.437256932072e+04 
       1.191313625937e-02       3.440713673018e+04 
       1.202432715680e-02       3.443877212152e+04 
       1.213555317760e-02       3.446751926840e+04 
       1.224681437110e-02       3.449341403162e+04 
       1.235811080903e-02       3.451650858083e+04 
       1.237436309153e-02       3.451963638077e+04 
       1.246944258512e-02       3.453682038587e+04 
       1.258080981472e-02       3.455441271687e+04 
       1.269221263455e-02       3.456931093040e+04 
       1.280365120235e-02       3.458155859864e+04 
       1.291512569667e-02       3.459118761656e+04 
       1.302663631659e-02       3.459825193798e+04 
       1.313818328155e-02       3.460277010380e+04 
       1.324976683118e-02       3.460479212916e+04 
       1.336138722513e-02       3.460434840095e+04 
       1.347304474295e-02       3.460147826044e+04 
       1.358473968398e-02       3.459622601994e+04 
       1.369647236726e-02       3.458860782529e+04 
       1.380824313151e-02       3.457867688270e+04 
       1.392005233503e-02       3.456644973460e+04 
       1.403190035574e-02       3.455199363029e+04 
       1.414378759114e-02       3.453531515831e+04 
       1.425571445833e-02       3.451646801530e+04 
       1.436768139409e-02       3.449546434695e+04 
       1.447968885487e-02       3.447234326449e+04 
       1.459173731692e-02       3.444715366534e+04 
       1.470382727637e-02       3.441990980033e+04 
       1.481595924932e-02       3.439066312603e+04 
       1.492813377198e-02       3.435941493986e+04 
       1.504035140080e-02       3.432624784104e+04 
       1.515261271265e-02       3.429112970922e+04 
       1.526491830498e-02       3.425415435668e+04 
       1.537726879602e-02       3.421531574690e+04 
       1.548966482496e-02       3.417465905861e+04 
       1.560210705222e-02       3.413220106067e+04 
       1.571459615965e-02       3.408800464824e+04 
       1.582713285081e-02       3.404204316692e+04 
       1.593971785121e-02       3.399438110635e+04 
       1.605235190863e-02       3.394506956910e+04 
       1.616503579341e-02       3.389410124575e+04 
       1.627777029876e-02       3.384151026117e+04 
       1.639055624109e-02       3.378734124201e+04 
       1.650339446038e-02       3.373161540693e+04 
       1.661628582054e-02       3.367434352247e+04 
       1.672923120979e-02       3.361559746824e+04 
       1.684223154105e-02       3.355534932179e+04 
       1.695528775235e-02       3.349370314922e+04 
       1.706840080732e-02       3.343057502789e+04 
       1.718157169555e-02       3.336606818653e+04 
       1.729480143313e-02       3.330022144637e+04 
       1.740809106312e-02       3.323301234676e+04 
       1.752144165602e-02       3.316449950977e+04 
       1.763485431034e-02       3.309471029233e+04 
       1.774833015309e-02       3.302363940721e+04 
       1.786187034040e-02       3.295130786585e+04 
       1.797547605804e-02       3.287780615412e+04 
       1.808914852206e-02       3.280310873664e+04 
       1.820288897940e-02       3.272724131504e+04 
       1.831669870852e-02       3.265020765007e+04 
       1.843057902006e-02       3.257209857707e+04 
       1.854453125757e-02       3.249286864124e+04 
       1.865855679814e-02       3.241260197746e+04 
       1.877265705321e-02       3.233126381309e+04 
       1.888683346926e-02       3.224894910575e+04 
       1.900108752863e-02       3.216554998738e+04 
       1.911542075032e-02       3.208123565360e+04 
       1.922983469077e-02       3.199599985052e+04 
       1.934433094480e-02       3.190979704779e+04 
       1.945891114643e-02       3.182269737283e+04 
       1.957357696982e-02       3.173467537090e+04 
       1.968833013019e-02       3.164579498163e+04 
       1.980317238481e-02       3.155606083459e+04 
       1.991810553402e-02       3.146557024346e+04 
       2.003313142220e-02       3.137422161558e+04 
       2.014825193893e-02       3.128212573786e+04 
       2.026346902000e-02       3.118921975152e+04 
       2.037878464861e-02       3.109558066336e+04 
       2.049420085653e-02       3.100122692599e+04 
       2.060971972528e-02       3.090622740577e+04 
       2.072534338742e-02       3.081046813489e+04 
       2.084107402784e-02       3.071408687531e+04 
       2.095691388505e-02       3.061701686025e+04 
       2.107286525261e-02       3.051933749905e+04 
       2.118893048051e-02       3.042110199960e+04 
       2.130511197668e-02       3.032216424714e+04 
       2.142141220844e-02       3.022270502059e+04 
       2.153783370415e-02       3.012279313112e+04 
       2.165437905476e-02       3.002224139768e+04 
       2.177105091553e-02       2.992121130776e+04 
       2.188785200770e-02       2.981963826209e+04 
       2.200478512035e-02       2.971763484470e+04 
       2.212185311220e-02       2.961506299838e+04 
       2.223905891351e-02       2.951213685017e+04 
       2.235640552811e-02       2.940869640407e+04 
       2.247389603537e-02       2.930490026084e+04 
       2.259153359238e-02       2.920065993641e+04 
       2.270932143609e-02       2.909608212880e+04 
       2.282726288560e-02       2.899114196878e+04 
       2.294536134450e-02       2.888573811158e+04 
       2.306362030328e-02       2.878001114821e+04 
       2.318204334185e-02       2.867402584474e+04 
       2.330063413216e-02       2.856768903197e+04 
       2.341939644087e-02       2.846098372871e+04 
       2.353833413217e-02       2.835411405330e+04 
       2.365745117065e-02       2.824691781477e+04 
       2.377675162432e-02       2.813945562052e+04 
       2.389623966771e-02       2.803174152306e+04 
       2.401591958514e-02       2.792382375104e+04 
       2.413579577401e-02       2.781564791209e+04 
       2.425587274834e-02       2.770728509628e+04 
       2.437615514233e-02       2.759876366296e+04 
       2.449664771415e-02       2.748990275577e+04 
       2.461735534981e-02       2.738101135270e+04 
       2.473828306724e-02       2.727199230826e+04 
       2.485943602043e-02       2.716278462921e+04 
       2.498081950390e-02       2.705336384519e+04 
       2.510243895716e-02       2.694394307117e+04 
       2.522429996947e-02       2.683427711659e+04 
       2.534640828479e-02       2.672457904646e+04 
       2.546876980687e-02       2.661479020790e+04 
       2.559139060460e-02       2.650491190909e+04 
       2.571427691755e-02       2.639497300407e+04 
       2.583743516177e-02       2.628489503969e+04 
       2.596087193583e-02       2.617477128919e+04 
       2.608459402711e-02       2.606468250208e+04 
       2.620860841833e-02       2.595454754055e+04 
       2.633292229443e-02       2.584437955778e+04 
       2.645754304970e-02       2.573418626327e+04 
       2.658247829524e-02       2.562396506717e+04 
       2.670773586674e-02       2.551375388732e+04 
       2.683332383264e-02       2.540356312263e+04 
       2.695925050260e-02       2.529333072292e+04 
       2.708552443645e-02       2.518321635491e+04 
       2.721215445346e-02       2.507297857420e+04 
       2.733914964208e-02       2.496298350232e+04 
       2.746651937014e-02       2.485287070207e+04 
       2.759427329556e-02       2.474283803557e+04 
       2.772242137749e-02       2.463290178359e+04 
       2.785097388808e-02       2.452314626109e+04 
       2.797994142477e-02       2.441326069853e+04 
       2.810933492320e-02       2.430348202222e+04 
       2.823916567079e-02       2.419387483121e+04 
       2.836944532091e-02       2.408433355153e+04 
       2.850018590792e-02       2.397486031698e+04 
       2.863139986282e-02       2.386545625013e+04 
       2.876310002983e-02       2.375612289554e+04 
       2.889529968376e-02       2.364705448846e+04 
       2.902801254839e-02       2.353800034449e+04 
       2.916125281569e-02       2.342903547507e+04 
       2.929503516625e-02       2.332021384045e+04 
       2.942937479065e-02       2.321155879219e+04 
       2.956428741218e-02       2.310302459275e+04 
       2.969978931066e-02       2.299459706305e+04 
       2.983589734776e-02       2.288627038096e+04 
       2.997262899363e-02       2.277814561252e+04 
       3.011000235518e-02       2.267009928453e+04 
       3.024803620590e-02       2.256226973687e+04 
       3.038675001755e-02       2.245453457440e+04 
       3.052616399362e-02       2.234691131566e+04 
       3.066629910495e-02       2.223949522881e+04 
       3.080717712740e-02       2.213222928145e+04 
       3.094882068192e-02       2.202509661447e+04 
       3.109125327712e-02       2.191808091193e+04 
       3.123449935452e-02       2.181124157935e+04 
       3.137858433671e-02       2.170457738341e+04 
       3.152353467864e-02       2.159803920755e+04 
       3.166937792232e-02       2.149172867196e+04 
       3.181614275507e-02       2.138551598063e+04 
       3.196385907183e-02       2.127941526681e+04 
       3.211255804162e-02       2.117353767364e+04 
       3.226227217867e-02       2.106773791191e+04 
       3.241303541855e-02       2.096217335780e+04 
       3.256488319967e-02       2.085668689605e+04 
       3.271785255073e-02       2.075137800759e+04 
       3.287198218451e-02       2.064616808747e+04 
       3.302731259871e-02       2.054113396347e+04 
       3.318388618428e-02       2.043625403020e+04 
       3.334174734211e-02       2.033147649129e+04 
       3.350094260877e-02       2.022684592369e+04 
       3.366152079208e-02       2.012231634786e+04 
       3.382353311761e-02       2.001793991018e+04 
       3.398703338700e-02       1.991370445456e+04 
       3.415207814938e-02       1.980949428625e+04 
       3.431872688710e-02       1.970545101302e+04 
       3.448704221730e-02       1.960144891072e+04 
       3.465709011093e-02       1.949765102456e+04 
       3.482894013096e-02       1.939383953753e+04 
       3.500266569195e-02       1.929012454427e+04 
       3.517834434320e-02       1.918647235989e+04 
       3.535605807812e-02       1.908298159737e+04 
       3.553589367267e-02       1.897947065758e+04 
       3.571794305632e-02       1.887593590631e+04 
       3.590230371914e-02       1.877248498101e+04 
       3.608907915936e-02       1.866906900368e+04 
       3.627837937633e-02       1.856567439036e+04 
       3.647032141422e-02       1.846226769841e+04 
       3.666502996307e-02       1.835880950241e+04 
       3.686263802426e-02       1.825533182653e+04 
       3.706328764880e-02       1.815183427074e+04 
       3.726713075816e-02       1.804821105848e+04 
       3.747433005868e-02       1.794464285925e+04 
       3.768506006250e-02       1.784080579166e+04 
       3.789950822990e-02       1.773694809802e+04 
       3.811787625070e-02       1.763292358190e+04 
       3.834038148490e-02       1.752873581469e+04 
       3.856725858652e-02       1.742436858922e+04 
       3.879876133894e-02       1.731975886214e+04 
       3.903516473463e-02       1.721492444992e+04 
       3.927676733878e-02       1.710986030448e+04 
       3.952389398344e-02       1.700443632077e+04 
       3.977689884778e-02       1.689864891475e+04 
       4.003616899120e-02       1.679245391202e+04 
       4.030212841933e-02       1.668590112119e+04 
       4.057524277953e-02       1.657890994236e+04 
       4.085602480297e-02       1.647137460306e+04 
       4.114504063566e-02       1.636321926142e+04 
       4.144291723242e-02       1.625443265336e+04 
       4.175035102728e-02       1.614496831962e+04 
       4.206811814335e-02       1.603471609970e+04 
       4.239708646778e-02       1.592359125764e+04 
       4.273822999666e-02       1.581149280808e+04 
       4.309264595494e-02       1.569834814223e+04 
       4.346157532457e-02       1.558404595773e+04 
       4.384642757673e-02       1.546840365161e+04 
       4.424881061190e-02       1.535127792458e+04 
       4.467056717555e-02       1.523249378291e+04 
       4.511381935167e-02       1.511182784835e+04 
       4.558102315543e-02       1.498897120814e+04 
       4.607503576148e-02       1.486371162582e+04 
       4.659919851862e-02       1.473563291286e+04 
       4.715743958996e-02       1.460426866921e+04 
       4.775440073787e-02       1.446906221147e+04 
       4.839559323696e-02       1.432925176206e+04 
       4.908758768683e-02       1.418402871938e+04 
       4.983824066149e-02       1.403213235279e+04 
       5.065695582128e-02       1.387202833620e+04 
       5.155496489616e-02       1.370166237085e+04 
       5.254558895199e-02       1.351831057463e+04 
       5.364439377319e-02       1.331830403337e+04 
       5.486907546501e-02       1.309675664079e+04 
       5.623880384040e-02       1.284726865744e+04 
       5.777265172789e-02       1.256188215891e+04 
       5.948677913446e-02       1.223134200013e+04 
       6.139046365045e-02       1.184645396901e+04 
       6.348203063671e-02       1.140045877738e+04 
       6.574677655892e-02       1.089229954120e+04 
       6.815878394325e-02       1.032931600904e+04 
       7.068634929257e-02       9.727607643056e+03 
       7.329831040103e-02       9.109702871503e+03 
       7.596842872366e-02       8.500443163847e+03 
       7.867692904829e-02       7.922910001984e+03 
       8.141001117788e-02       7.395396263390e+03 
       8.415852767959e-02       6.929942014688e+03 
       8.691661400936e-02       6.532057746163e+03 
       8.968058876488e-02       6.201353070103e+03 
       9.244817104470e-02       5.932525042060e+03 
       9.521795892198e-02       5.716731540297e+03 
       9.798909483509e-02       5.542642111826e+03 
       1.007610556503e-01       5.397745470314e+03 
       1.035335226922e-01       5.269398232558e+03 
       1.063063019241e-01       5.145936718590e+03 
       1.090792751636e-01       5.017635491673e+03 
       1.118523703519e-01       4.877456311851e+03 
       1.146255434669e-01       4.721537467553e+03 
       1.173987675302e-01       4.549234461062e+03 
       1.201720259297e-01       4.362797293046e+03 
       1.229453083635e-01       4.166699223779e+03 
       1.237436309153e-01       4.109271056988e+03 
       1.257186083775e-01       3.966792674367e+03 
       1.284919218682e-01       3.769403873249e+03 
       1.312652461739e-01       3.580505109021e+03 
       1.340385795207e-01       3.405124079165e+03 
       1.368119206865e-01       3.246893580370e+03 
       1.395852687945e-01       3.107884813830e+03 
       1.423586231877e-01       2.988589781430e+03 
       1.451319833522e-01       2.888090295685e+03 
       1.479053488686e-01       2.804277405490e+03 
       1.506787193831e-01       2.734180031271e+03 
       1.534520945883e-01       2.674286788343e+03 
       1.562254742117e-01       2.620893309209e+03 
       1.589988580075e-01       2.571031886439e+03 
       1.617722457517e-01       2.521025717081e+03 
       1.645456372383e-01       2.468163279330e+03 
       1.673190322769e-01       2.410698133571e+03 
       1.700924306907e-01       2.347849130184e+03 
       1.728658323149e-01       2.279821190549e+03 
       1.756392369955e-01       2.207645733152e+03 
       1.784126445885e-01       2.132939801087e+03 
       1.811860549591e-01       2.057583260041e+03 
       1.839594679804e-01       1.983454939002e+03 
       1.867328835334e-01       1.912225273997e+03 
       1.895063015060e-01       1.845253263910e+03 
       1.922797217929e-01       1.783522421849e+03 
       1.950531442946e-01       1.727627517118e+03 
       1.978265689172e-01       1.677772479049e+03 
       2.005999955723e-01       1.633781543205e+03 
       2.033734241760e-01       1.595115005235e+03 
       2.061468546492e-01       1.560927340839e+03 
       2.089202869170e-01       1.530164984536e+03 
       2.116937209083e-01       1.501679522455e+03 
       2.144671565559e-01       1.474360995440e+03 
       2.172405937959e-01       1.447245313643e+03 
       2.200140325678e-01       1.419585923052e+03 
       2.227874728140e-01       1.390898592488e+03 
       2.255609144797e-01       1.360934829142e+03 
       2.283343575129e-01       1.329677875092e+03 
       2.311078018642e-01       1.297328174773e+03 
       2.338812474863e-01       1.264239586378e+03 
       2.366546943342e-01       1.230908241140e+03 
       2.394281423653e-01       1.197896091776e+03 
       2.422015915385e-01       1.165782144032e+03 
       2.449750418148e-01       1.135070397330e+03 
       2.477484931571e-01       1.106141986670e+03 
       2.505219455297e-01       1.079223630893e+03 
       2.532953988986e-01       1.054376171573e+03 
       2.560688532312e-01       1.031520637637e+03 
       2.588423084965e-01       1.010478189421e+03 
       2.616157646645e-01       9.910028079461e+02 
       2.643892217067e-01       9.727992624164e+02 
       2.671626795958e-01       9.555573607335e+02 
       2.699361383056e-01       9.389637421813e+02 
       2.727095978107e-01       9.227129470770e+02 
       2.754830580872e-01       9.065448717763e+02 
       2.782565191119e-01       8.902637306830e+02 
       2.810299808624e-01       8.737527729133e+02 
       2.838034433174e-01       8.569902949642e+02 
       2.865769064563e-01       8.400290405924e+02 
       2.893503702595e-01       8.229824558938e+02 
       2.921238347078e-01       8.059933010225e+02 
       2.948972997829e-01       7.892124430641e+02 
       2.976707654674e-01       7.727799762086e+02 
       3.004442317442e-01       7.568293147809e+02 
       3.032176985970e-01       7.414654338418e+02 
       3.059911660101e-01       7.267756199845e+02 
       3.087646339683e-01       7.128170230568e+02 
       3.115381024569e-01       6.995952574369e+02 
       3.143115714620e-01       6.870878557165e+02 
       3.170850409698e-01       6.752191308122e+02 
       3.198585109672e-01       6.638893708017e+02 
       3.226319814416e-01       6.529890108374e+02 
       3.254054523807e-01       6.424084894766e+02 
       3.281789237727e-01       6.320612676012e+02 
       3.309523956061e-01       6.218754915589e+02 
       3.337258678700e-01       6.118032719890e+02 
       3.364993405535e-01       6.018097086655e+02 
       3.392728136464e-01       5.918717242879e+02 
       3.420462871386e-01       5.819825778115e+02 
       3.448197610206e-01       5.721496780347e+02 
       3.475932352829e-01       5.624020571308e+02 
       3.503667099165e-01       5.527763224193e+02 
       3.531401849125e-01       5.433212038563e+02 
       3.559136602625e-01       5.340782423170e+02 
       3.586871359583e-01       5.250815919210e+02 
       3.614606119918e-01       5.163509939902e+02 
       3.642340883553e-01       5.078939454449e+02 
       3.670075650413e-01       4.997112722899e+02 
       3.697810420425e-01       4.917936539573e+02 
       3.725545193518e-01       4.841388797599e+02 
       3.753279969624e-01       4.767329855767e+02 
       3.781014748677e-01       4.695591928767e+02 
       3.808749530611e-01       4.625937688391e+02 
       3.836484315364e-01       4.558039931351e+02 
       3.864219102875e-01       4.491582794195e+02 
       3.891953893086e-01       4.426270341677e+02 
       3.919688685937e-01       4.361876209919e+02 
       3.947423481374e-01       4.298298197033e+02 
       3.975158279343e-01       4.235494078498e+02 
       4.002893079789e-01       4.173479358860e+02 
       4.030627882663e-01       4.112289558657e+02 
       4.058362687914e-01       4.051930148219e+02 
       4.086097495494e-01       3.992448561667e+02 
       4.113832305355e-01       3.933940485484e+02 
       4.141567117452e-01       3.876492325090e+02 
       4.169301931739e-01       3.820247445804e+02 
       4.197036748173e-01       3.765337141078e+02 
       4.224771566711e-01       3.711840991173e+02 
       4.252506387313e-01       3.659762964463e+02 
       4.280241209938e-01       3.609066713819e+02 
       4.307976034547e-01       3.559642840875e+02 
       4.335710861102e-01       3.511371999796e+02 
       4.363445689565e-01       3.464152381845e+02 
       4.391180519900e-01       3.417922605370e+02 
       4.418915352072e-01       3.372603496998e+02 
       4.446650186046e-01       3.328126376670e+02 
       4.474385021789e-01       3.284428380205e+02 
       4.502119859268e-01       3.241409939916e+02 
       4.529854698451e-01       3.199006430585e+02 
       4.557589539307e-01       3.157165870635e+02 
       4.585324381805e-01       3.115895323042e+02 
       4.613059225915e-01       3.075239506966e+02 
       4.640794071609e-01       3.035240520684e+02 
       4.668528918859e-01       2.995951487969e+02 
       4.696263767636e-01       2.957371445575e+02 
       4.723998617914e-01       2.919506129247e+02 
       4.751733469666e-01       2.882321511787e+02 
       4.779468322866e-01       2.845816953299e+02 
       4.807203177490e-01       2.810000077588e+02 
       4.834938033513e-01       2.774864411135e+02 
       4.862672890911e-01       2.740444629979e+02 
       4.890407749660e-01       2.706713390221e+02 
       4.918142609738e-01       2.673655123474e+02 
       4.945877471122e-01       2.641217461504e+02 
       4.973612333789e-01       2.609329536557e+02 
       5.001347197720e-01       2.577966509031e+02 
       5.029082062892e-01       2.547108419407e+02 
       5.056816929286e-01       2.516731090226e+02 
       5.084551796881e-01       2.486853042156e+02 
       5.112286665657e-01       2.457462504378e+02 
       5.140021535596e-01       2.428529205206e+02 
       5.167756406679e-01       2.400034888860e+02 
       5.195491278887e-01       2.371943878018e+02 
       5.223226152203e-01       2.344262476880e+02 
       5.250961026608e-01       2.316974677947e+02 
       5.278695902086e-01       2.290120505069e+02 
       5.306430778619e-01       2.263721895925e+02 
       5.334165656192e-01       2.237776282666e+02 
       5.361900534787e-01       2.212281221646e+02 
       5.389635414390e-01       2.187212430331e+02 
       5.417370294984e-01       2.162550966642e+02 
       5.445105176555e-01       2.138266764740e+02 
       5.472840059088e-01       2.114372283453e+02 
       5.500574942567e-01       2.090871775227e+02 
       5.528309826980e-01       2.067758697368e+02 
       5.556044712311e-01       2.045031749626e+02 
       5.583779598547e-01       2.022666873681e+02 
       5.611514485674e-01       2.000649362184e+02 
       5.639249373680e-01       1.978931226582e+02 
       5.666984262551e-01       1.957519890565e+02 
       5.694719152275e-01       1.936412473689e+02 
       5.722454042840e-01       1.915604265619e+02 
       5.750188934232e-01       1.895118688179e+02 
       5.777923826441e-01       1.874943030171e+02 
       5.805658719454e-01       1.855074952664e+02 
       5.833393613260e-01       1.835489289946e+02 
       5.861128507848e-01       1.816170351453e+02 
       5.888863403206e-01       1.797130168160e+02 
       5.916598299324e-01       1.778344245668e+02 
       5.944333196192e-01       1.759846917775e+02 
       5.972068093797e-01       1.741632103767e+02 
       5.999802992132e-01       1.723706840544e+02 
       6.027537891184e-01       1.706050827919e+02 
       6.055272790945e-01       1.688658982187e+02 
       6.083007691404e-01       1.671490064793e+02 
       6.110742592553e-01       1.654559147751e+02 
       6.138477494381e-01       1.637861913488e+02 
       6.166212396880e-01       1.621400762618e+02 
       6.193947300041e-01       1.605190436787e+02 
       6.221682203854e-01       1.589215086604e+02 
       6.249417108311e-01       1.573460042481e+02 
       6.277152013404e-01       1.557919725153e+02 
       6.304886919124e-01       1.542577446230e+02 
       6.332621825462e-01       1.527432723781e+02 
       6.360356732411e-01       1.512479805142e+02 
       6.388091639963e-01       1.497740857906e+02 
       6.415826548110e-01       1.483211106084e+02 
       6.443561456843e-01       1.468891099308e+02 
       6.471296366157e-01       1.454767641033e+02 
       6.499031276042e-01       1.440826502346e+02 
       6.526766186493e-01       1.427062182004e+02 
       6.554501097501e-01       1.413473054345e+02 
       6.582236009059e-01       1.400059810628e+02 
       6.609970921161e-01       1.386827292229e+02 
       6.637705833800e-01       1.373781485613e+02 
       6.665440746969e-01       1.360917017862e+02 
       6.693175660662e-01       1.348228412773e+02 
       6.720910574872e-01       1.335701858699e+02 
       6.748645489592e-01       1.323322222640e+02 
       6.776380404816e-01       1.311090938176e+02 
       6.804115320539e-01       1.299018185699e+02 
       6.831850236754e-01       1.287101420438e+02 
       6.859585153455e-01       1.275348248136e+02 
       6.887320070636e-01       1.263752535731e+02 
       6.915054988292e-01       1.252303497589e+02 
       6.942789906416e-01       1.240993565048e+02 
       6.970524825003e-01       1.229818761127e+02 
       6.998259744048e-01       1.218768642291e+02 
       7.025994663545e-01       1.207857023119e+02 
       7.053729583489e-01       1.197090755065e+02 
       7.081464503875e-01       1.186463709186e+02 
       7.109199424697e-01       1.175975230385e+02 
       7.136934345950e-01       1.165618190750e+02 
       7.164669267629e-01       1.155381681876e+02 
       7.192404189730e-01       1.145261434703e+02 
       7.220139112247e-01       1.135262615151e+02 
       7.247874035176e-01       1.125379001156e+02 
       7.275608958512e-01       1.115621010916e+02 
       7.303343882250e-01       1.105997359079e+02 
       7.331078806386e-01       1.096484701657e+02 
       7.358813730916e-01       1.087091672608e+02 
       7.386548655834e-01       1.077804332136e+02 
       7.414283581136e-01       1.068616981994e+02 
       7.442018506818e-01       1.059535842366e+02 
       7.469753432877e-01       1.050560252603e+02 
       7.497488359307e-01       1.041697056620e+02 
       7.525223286105e-01       1.032943866136e+02 
       7.552958213266e-01       1.024295590134e+02 
       7.580693140787e-01       1.015750899984e+02 
       7.608428068663e-01       1.007301022583e+02 
       7.636162996891e-01       9.989346839178e+01 
       7.663897925467e-01       9.906682489255e+01 
       7.691632854387e-01       9.824931452255e+01 
       7.719367783647e-01       9.744194587757e+01 
       7.747102713244e-01       9.664448318851e+01 
       7.774837643175e-01       9.585634112279e+01 
       7.802572573434e-01       9.507690710218e+01 
       7.830307504020e-01       9.430612028905e+01 
       7.858042434929e-01       9.354314002645e+01 
       7.885777366156e-01       9.278859097232e+01 
       7.913512297700e-01       9.204271805917e+01 
       7.941247229556e-01       9.130562395328e+01 
       7.968982161721e-01       9.057697242954e+01 
       7.996717094192e-01       8.985727513780e+01 
       8.024452026967e-01       8.914522200738e+01 
       8.052186960040e-01       8.844054220789e+01 
       8.079921893411e-01       8.774245960638e+01 
       8.107656827075e-01       8.705254490051e+01 
       8.135391761029e-01       8.637023066100e+01 
       8.163126695271e-01       8.569573993950e+01 
       8.190861629798e-01       8.502875858002e+01 
       8.218596564607e-01       8.436951111001e+01 
       8.246331499694e-01       8.371702303800e+01 
       8.274066435058e-01       8.307124008468e+01 
       8.301801370695e-01       8.243211414624e+01 
       8.329536306602e-01       8.179917151906e+01 
       8.357271242778e-01       8.117329979820e+01 
       8.385006179219e-01       8.055482003691e+01 
       8.412741115922e-01       7.994310959399e+01 
       8.440476052885e-01       7.933784616997e+01 
       8.468210990106e-01       7.873901993161e+01 
       8.495945927582e-01       7.814586545100e+01 
       8.523680865310e-01       7.755889765213e+01 
       8.551415803289e-01       7.697749014617e+01 
       8.579150741514e-01       7.640259910279e+01 
       8.606885679985e-01       7.583432369470e+01 
       8.634620618699e-01       7.527186328018e+01 
       8.662355557654e-01       7.471502072497e+01 
       8.690090496846e-01       7.416457683435e+01 
       8.717825436274e-01       7.361864939310e+01 
       8.745560375936e-01       7.307818597310e+01 
       8.773295315829e-01       7.254321711718e+01 
       8.801030255952e-01       7.201379495409e+01 
       8.828765196302e-01       7.149028769818e+01 
       8.856500136876e-01       7.097220239373e+01 
       8.884235077674e-01       7.045918204764e+01 
       8.911970018692e-01       6.995158625916e+01 
       8.939704959928e-01       6.944860384533e+01 
       8.967439901382e-01       6.895016745353e+01 
       8.995174843050e-01       6.845661203582e+01 
       9.022909784931e-01       6.796818985998e+01 
       9.050644727022e-01       6.748514077856e+01 
       9.078379669322e-01       6.700694915640e+01 
       9.106114611829e-01       6.653355446874e+01 
       9.133849554541e-01       6.606461712562e+01 
       9.161584497456e-01       6.559976061055e+01 
       9.189319440573e-01       6.513939128889e+01 
       9.217054383888e-01       6.468349698003e+01 
       9.244789327402e-01       6.423196975981e+01 
       9.272524271111e-01       6.378533849641e+01 
       9.300259215014e-01       6.334337302153e+01 
       9.327994159110e-01       6.290560757399e+01 
       9.355729103396e-01       6.247174691383e+01 
       9.383464047872e-01       6.204161749912e+01 
       9.411198992534e-01       6.161556786606e+01 
       9.438933937383e-01       6.119347971790e+01 
       9.466668882415e-01       6.077548141148e+01 
       9.494403827630e-01       6.036191480282e+01 
       9.522138773025e-01       5.995267820405e+01 
       9.549873718600e-01       5.954711417899e+01 
       9.577608664352e-01       5.914501789531e+01 
       9.605343610281e-01       5.874632879784e+01 
       9.633078556384e-01       5.835117768421e+01 
       9.660813502660e-01       5.795996818997e+01 
       9.688548449108e-01       5.757271442630e+01 
       9.716283395726e-01       5.718893976332e+01 
       9.744018342512e-01       5.680889342847e+01 
       9.771753289466e-01       5.643286898119e+01 
       9.799488236586e-01       5.605965640192e+01 
       9.827223183870e-01       5.568970499696e+01 
       9.854958131317e-01       5.532278777164e+01 
       9.882693078926e-01       5.495934351615e+01 
       9.910428026694e-01       5.459975763297e+01 
       9.938162974622e-01       5.424325258990e+01 
       9.965897922708e-01       5.389040380756e+01 
       9.993632870950e-01       5.354067496030e+01 
       1.002136781935e+00       5.319380829333e+01 
       1.004910276790e+00       5.284989905625e+01 
       1.007683771660e+00       5.250855469151e+01 
       1.010457266545e+00       5.217085908428e+01 
       1.013230761446e+00       5.183630180978e+01 
       1.016004256361e+00       5.150478771046e+01 
       1.018777751291e+00       5.117620642161e+01 
       1.021551246236e+00       5.085088873447e+01 
       1.024324741195e+00       5.052788571421e+01 
       1.027098236169e+00       5.020751539075e+01 
       1.029871731156e+00       4.989009408698e+01 
       1.032645226158e+00       4.957512060917e+01 
       1.035418721174e+00       4.926374923576e+01 
       1.038192216204e+00       4.895487143060e+01 
       1.040965711248e+00       4.864899316104e+01 
       1.043739206306e+00       4.834540808202e+01 
       1.046512701377e+00       4.804439435235e+01 
       1.049286196461e+00       4.774557218621e+01 
       1.052059691559e+00       4.744969456059e+01 
       1.054833186671e+00       4.715613287445e+01 
       1.057606681795e+00       4.686547167920e+01 
       1.060380176933e+00       4.657720292224e+01 
       1.063153672083e+00       4.629171450672e+01 
       1.065927167247e+00       4.600852831521e+01 
       1.068700662423e+00       4.572741748914e+01 
       1.071474157612e+00       4.544854168703e+01 
       1.074247652813e+00       4.517214970379e+01 
       1.077021148027e+00       4.489808337221e+01 
       1.079794643253e+00       4.462650024544e+01 
       1.082568138492e+00       4.435728907356e+01 
       1.085341633742e+00       4.409051312905e+01 
       1.088115129005e+00       4.382564699492e+01 
       1.090888624280e+00       4.356290108973e+01 
       1.093662119567e+00       4.330239676699e+01 
       1.096435614865e+00       4.304377144864e+01 
       1.099209110176e+00       4.278746565046e+01 
       1.101982605498e+00       4.253348265645e+01 
       1.104756100831e+00       4.228170459552e+01 
       1.107529596176e+00       4.203204512992e+01 
       1.110303091532e+00       4.178424139012e+01 
       1.113076586900e+00       4.153831226897e+01 
       1.115850082279e+00       4.129430549921e+01 
       1.118623577669e+00       4.105221063655e+01 
       1.121397073070e+00       4.081230841882e+01 
       1.124170568482e+00       4.057436830290e+01 
       1.126944063905e+00       4.033866853453e+01 
       1.129717559338e+00       4.010444279618e+01 
       1.132491054783e+00       3.987234745752e+01 
       1.135264550238e+00       3.964192775974e+01 
       1.138038045704e+00       3.941320728631e+01 
       1.140811541180e+00       3.918637862220e+01 
       1.143585036666e+00       3.896128888077e+01 
       1.146358532163e+00       3.873826294450e+01 
       1.149132027670e+00       3.851719688118e+01 
       1.151905523187e+00       3.829768514416e+01 
       1.154679018715e+00       3.807974582423e+01 
       1.157452514252e+00       3.786372979247e+01 
       1.160226009800e+00       3.764906905547e+01 
       1.162999505357e+00       3.743612199593e+01 
       1.165773000924e+00       3.722502646211e+01 
       1.168546496501e+00       3.701566550930e+01 
       1.171319992088e+00       3.680795306176e+01 
       1.174093487684e+00       3.660189673971e+01 
       1.176866983290e+00       3.639749348467e+01 
       1.179640478905e+00       3.619442568098e+01 
       1.182413974530e+00       3.599283342945e+01 
       1.185187470164e+00       3.579270269708e+01 
       1.187960965807e+00       3.559429611830e+01 
       1.190734461460e+00       3.539763680252e+01 
       1.193507957122e+00       3.520236349250e+01 
       1.196281452792e+00       3.500856131038e+01 
       1.199054948472e+00       3.481635604460e+01 
       1.201828444161e+00       3.462538727261e+01 
       1.204601939859e+00       3.443585236488e+01 
       1.207375435565e+00       3.424765366134e+01 
       1.210148931281e+00       3.406119045270e+01 
       1.212922427005e+00       3.387610808782e+01 
       1.215695922738e+00       3.369259664878e+01 
       1.218469418479e+00       3.351017675202e+01 
       1.221242914229e+00       3.332917643745e+01 
       1.224016409987e+00       3.314943501878e+01 
       1.226789905754e+00       3.297092453681e+01 
       1.229563401529e+00       3.279392907476e+01 
       1.232336897313e+00       3.261828803965e+01 
       1.235110393104e+00       3.244409163714e+01 
       1.237436309153e+00       3.229876510775e+01 
       1.237883888904e+00       3.227129847007e+01 
       1.240657384712e+00       3.209943808942e+01 
       1.243430880529e+00       3.192885579652e+01 
       1.246204376353e+00       3.175935235246e+01 
       1.248977872185e+00       3.159128789822e+01 
       1.251751368025e+00       3.142440536182e+01 
       1.254524863873e+00       3.125884452247e+01 
       1.257298359729e+00       3.109476843118e+01 
       1.260071855593e+00       3.093159972248e+01 
       1.262845351464e+00       3.076972945541e+01 
       1.265618847343e+00       3.060897511282e+01 
       1.268392343230e+00       3.044915503834e+01 
       1.271165839124e+00       3.029071038118e+01 
       1.273939335026e+00       3.013316064102e+01 
       1.276712830935e+00       2.997692939366e+01 
       1.279486326852e+00       2.982207004366e+01 
       1.282259822776e+00       2.966823153609e+01 
       1.285033318707e+00       2.951539046330e+01 
       1.287806814646e+00       2.936369278377e+01 
       1.290580310592e+00       2.921257425541e+01 
       1.293353806545e+00       2.906290044171e+01 
       1.296127302505e+00       2.891425572911e+01 
       1.298900798472e+00       2.876681862660e+01 
       1.634929533045e+00       1.651319546166e+01 
       2.058252123404e+00       9.396629694896e+00 
       2.591185899256e+00       5.306523561194e+00 
       3.262109775256e+00       2.976207322245e+00 
       4.106752892132e+00       1.658817185562e+00 
       5.170095575864e+00       9.191801361636e-01 
       6.508764701860e+00       5.066757835381e-01 
       8.194049282560e+00       2.779486330440e-01 
       1.031569686731e+01       1.517950063938e-01 
       1.298669292662e+01       8.254772448939e-02 
       1.634927774049e+01       4.472113819921e-02 
       2.058252121198e+01       2.414353645632e-02 
