# Matter power spectrum P(k) at redshift z=0
# for k=8.06309e-06 to 23.1709 h/Mpc,
# number of wavenumbers equal to 861
#    1:k (h/Mpc)              2:P (Mpc/h)^3        
       8.063094627304e-06       1.012382047558e+02 
       1.799879852529e-05       2.195686083046e+02 
       2.795531670261e-05       3.356748484011e+02 
       3.794857284474e-05       4.506809623258e+02 
       4.799464795472e-05       5.651738584756e+02 
       5.810986579511e-05       6.795597156856e+02 
       6.831087998549e-05       7.941624582528e+02 
       7.861476346671e-05       9.092630470366e+02 
       8.903910104816e-05       1.025118549702e+03 
       9.960208576256e-05       1.141972876737e+03 
       1.103226197607e-04       1.260063480936e+03 
       1.212204204863e-04       1.379625922870e+03 
       1.323161328746e-04       1.500897266712e+03 
       1.436314483177e-04       1.624118775016e+03 
       1.551892311236e-04       1.749538182834e+03 
       1.670136531707e-04       1.877411722641e+03 
       1.791303374080e-04       2.008005977211e+03 
       1.915665107696e-04       2.141599664036e+03 
       2.043511669539e-04       2.278485366877e+03 
       2.175152393408e-04       2.418971234451e+03 
       2.310917840800e-04       2.563382696260e+03 
       2.451161730514e-04       2.712064147081e+03 
       2.596262959596e-04       2.865380646014e+03 
       2.746627702457e-04       3.023719568627e+03 
       2.902691567586e-04       3.187492228943e+03 
       3.064921781847e-04       3.357135410103e+03 
       3.233819360610e-04       3.533112738487e+03 
       3.409921207563e-04       3.715915871500e+03 
       3.593802070753e-04       3.906065369726e+03 
       3.786076260986e-04       4.104111190193e+03 
       3.987399015405e-04       4.310632590468e+03 
       4.198467363095e-04       4.526237391102e+03 
       4.420020322063e-04       4.751560252822e+03 
       4.652838229331e-04       4.987259958238e+03 
       4.897740980930e-04       5.234015195473e+03 
       5.155584939622e-04       5.492518908431e+03 
       5.427258260208e-04       5.763470596153e+03 
       5.713674391044e-04       6.047566820230e+03 
       6.015763542509e-04       6.345489331926e+03 
       6.334461975377e-04       6.657891119572e+03 
       6.670699059687e-04       6.985380537470e+03 
       7.025382190504e-04       7.328503720877e+03 
       7.399379818654e-04       7.687726107007e+03 
       7.793503053074e-04       8.063413935001e+03 
       8.208486500002e-04       8.455816413168e+03 
       8.644969197837e-04       8.865050192065e+03 
       9.103476654871e-04       9.291086410165e+03 
       9.584405068746e-04       9.733741016119e+03 
       1.008800877574e-03       1.019266882339e+04 
       1.061439183157e-03       1.066736162627e+04 
       1.072483128768e-03       1.076631151476e+04 
       1.116350436862e-03       1.115714984751e+04 
       1.173514403223e-03       1.166120979695e+04 
       1.232896241352e-03       1.217857612523e+04 
       1.294447601936e-03       1.270816091872e+04 
       1.358108100175e-03       1.324877837210e+04 
       1.423807064833e-03       1.379917345959e+04 
       1.491465453149e-03       1.435805019060e+04 
       1.560997822702e-03       1.492409649198e+04 
       1.632314262396e-03       1.549600292565e+04 
       1.705322202710e-03       1.607247894201e+04 
       1.779928046787e-03       1.665226640734e+04 
       1.856038585803e-03       1.723415318154e+04 
       1.933562181946e-03       1.781699154478e+04 
       2.012409718799e-03       1.839970601684e+04 
       2.092495331292e-03       1.898129964697e+04 
       2.173736935682e-03       1.956085238086e+04 
       2.256056584747e-03       2.013751746934e+04 
       2.339380675166e-03       2.071051864586e+04 
       2.423640033730e-03       2.127915231899e+04 
       2.508769907240e-03       2.184278810984e+04 
       2.594709878323e-03       2.240086568745e+04 
       2.681403726373e-03       2.295288871658e+04 
       2.768799249735e-03       2.349841511609e+04 
       2.856848062322e-03       2.403705497684e+04 
       2.945505375205e-03       2.456846696895e+04 
       3.034729771363e-03       2.509235965932e+04 
       3.124482979861e-03       2.560848572457e+04 
       3.214729654051e-03       2.611663442788e+04 
       3.305437157091e-03       2.661662892249e+04 
       3.396575357037e-03       2.710832075644e+04 
       3.488116432894e-03       2.759159025268e+04 
       3.580034692457e-03       2.806634549719e+04 
       3.672306402225e-03       2.853251636758e+04 
       3.764909629376e-03       2.899005406492e+04 
       3.857824095512e-03       2.943892355052e+04 
       3.951031041736e-03       2.987910960822e+04 
       4.044513104485e-03       3.031060418474e+04 
       4.138254201498e-03       3.073342453644e+04 
       4.232239427261e-03       3.114759382721e+04 
       4.326454957242e-03       3.155314458890e+04 
       4.420887960284e-03       3.195011795210e+04 
       4.515526518479e-03       3.233856064236e+04 
       4.610359553953e-03       3.271853142539e+04 
       4.705376761949e-03       3.309009642898e+04 
       4.800568549696e-03       3.345332441666e+04 
       4.895925980552e-03       3.380828187015e+04 
       4.991440722952e-03       3.415505243375e+04 
       5.087105003751e-03       3.449371239756e+04 
       5.182911565553e-03       3.482434575499e+04 
       5.278853627679e-03       3.514704129205e+04 
       5.374924850450e-03       3.546188378256e+04 
       5.471119302468e-03       3.576896408734e+04 
       5.567431430657e-03       3.606836964784e+04 
       5.663856032782e-03       3.636019494329e+04 
       5.760388232250e-03       3.664453475681e+04 
       5.857023454974e-03       3.692147890321e+04 
       5.953757408127e-03       3.719112146717e+04 
       6.050586060610e-03       3.745356371040e+04 
       6.147505625087e-03       3.770889182947e+04 
       6.244512541451e-03       3.795720333146e+04 
       6.341603461591e-03       3.819859212369e+04 
       6.438775235358e-03       3.843315389104e+04 
       6.536024897612e-03       3.866096990826e+04 
       6.633349656274e-03       3.888232444483e+04 
       6.730746881282e-03       3.909700193383e+04 
       6.828214094389e-03       3.930509442773e+04 
       6.925748959723e-03       3.950677158101e+04 
       7.023349275051e-03       3.970225240052e+04 
       7.121012963686e-03       3.989164982429e+04 
       7.218738066990e-03       4.007495806278e+04 
       7.316522737415e-03       4.025220330372e+04 
       7.414365232052e-03       4.042346477792e+04 
       7.512263906638e-03       4.058889830889e+04 
       7.610217209981e-03       4.074862450659e+04 
       7.708223678793e-03       4.090270590807e+04 
       7.806281932865e-03       4.105117288929e+04 
       7.904390670592e-03       4.119410853527e+04 
       8.002548664795e-03       4.133161279756e+04 
       8.100754758836e-03       4.146378426744e+04 
       8.199007862992e-03       4.159073170682e+04 
       8.297306951075e-03       4.171248535616e+04 
       8.395651057279e-03       4.182908059708e+04 
       8.494039273238e-03       4.194064928351e+04 
       8.592470745275e-03       4.204727025200e+04 
       8.690944671840e-03       4.214901788753e+04 
       8.789460301109e-03       4.224595596418e+04 
       8.888016928741e-03       4.233813583144e+04 
       8.986613895789e-03       4.242563932184e+04 
       9.085250586731e-03       4.250856073154e+04 
       9.183926427650e-03       4.258696377564e+04 
       9.282640884508e-03       4.266090919165e+04 
       9.381393461552e-03       4.273045376965e+04 
       9.480183699808e-03       4.279566642141e+04 
       9.579011175682e-03       4.285660128044e+04 
       9.677875499646e-03       4.291335686477e+04 
       9.776776315010e-03       4.296598151696e+04 
       9.875713296772e-03       4.301454394053e+04 
       9.974686150551e-03       4.305912071472e+04 
       1.007369461157e-02       4.309977068095e+04 
       1.017273844375e-02       4.313653454127e+04 
       1.027181743879e-02       4.316948702054e+04 
       1.037093141537e-02       4.319864503916e+04 
       1.047008021843e-02       4.322405980960e+04 
       1.056926371837e-02       4.324584584226e+04 
       1.066848181049e-02       4.326407575485e+04 
       1.072483128768e-02       4.327286474358e+04 
       1.076773441430e-02       4.327879928744e+04 
       1.086702147300e-02       4.329005350163e+04 
       1.096634295290e-02       4.329787766228e+04 
       1.106569884298e-02       4.330230717691e+04 
       1.116508915443e-02       4.330341985223e+04 
       1.126451392021e-02       4.330128211463e+04 
       1.136397319468e-02       4.329595593057e+04 
       1.146346705326e-02       4.328749973531e+04 
       1.156299559209e-02       4.327592582391e+04 
       1.166255892777e-02       4.326128980694e+04 
       1.176215719706e-02       4.324364135908e+04 
       1.186179055671e-02       4.322304580421e+04 
       1.196145918316e-02       4.319956631671e+04 
       1.206116327243e-02       4.317320738975e+04 
       1.216090303993e-02       4.314411565052e+04 
       1.226067872034e-02       4.311223034457e+04 
       1.236049056746e-02       4.307758899010e+04 
       1.246033885417e-02       4.304030968897e+04 
       1.256022387229e-02       4.300041182657e+04 
       1.266014593259e-02       4.295796690283e+04 
       1.276010536473e-02       4.291296285657e+04 
       1.286010251723e-02       4.286549420622e+04 
       1.296013775750e-02       4.281556312230e+04 
       1.306021147186e-02       4.276319971436e+04 
       1.316032406555e-02       4.270853523822e+04 
       1.326047596282e-02       4.265151456561e+04 
       1.336066760699e-02       4.259227262016e+04 
       1.346089946054e-02       4.253077313209e+04 
       1.356117200522e-02       4.246708353492e+04 
       1.366148574215e-02       4.240126928429e+04 
       1.376184119200e-02       4.233334001377e+04 
       1.386223889512e-02       4.226332141710e+04 
       1.396267941168e-02       4.219122987420e+04 
       1.406316332191e-02       4.211720302046e+04 
       1.416369122627e-02       4.204116031246e+04 
       1.426426374567e-02       4.196330668228e+04 
       1.436488152169e-02       4.188351088988e+04 
       1.446554521684e-02       4.180188144284e+04 
       1.456625551481e-02       4.171843919717e+04 
       1.466701312076e-02       4.163323551171e+04 
       1.476781876160e-02       4.154625567450e+04 
       1.486867318628e-02       4.145764709580e+04 
       1.496957716616e-02       4.136734364350e+04 
       1.507053149530e-02       4.127540857493e+04 
       1.517153699083e-02       4.118185411401e+04 
       1.527259449333e-02       4.108674234514e+04 
       1.537370486720e-02       4.099016197860e+04 
       1.547486900107e-02       4.089204889372e+04 
       1.557608780821e-02       4.079240740558e+04 
       1.567736222699e-02       4.069141999174e+04 
       1.577869322128e-02       4.058908563302e+04 
       1.588008178097e-02       4.048528851736e+04 
       1.598152892246e-02       4.038019407431e+04 
       1.608303568910e-02       4.027374877260e+04 
       1.618460315180e-02       4.016610010891e+04 
       1.628623240951e-02       4.005717337235e+04 
       1.638792458979e-02       3.994701229994e+04 
       1.648968084943e-02       3.983576010742e+04 
       1.659150237500e-02       3.972326499075e+04 
       1.669339038352e-02       3.960968511189e+04 
       1.679534612307e-02       3.949499757345e+04 
       1.689737087345e-02       3.937918481975e+04 
       1.699946594690e-02       3.926237233725e+04 
       1.710163268879e-02       3.914460234237e+04 
       1.720387247834e-02       3.902572222077e+04 
       1.730618672941e-02       3.890591555840e+04 
       1.740857689126e-02       3.878527838942e+04 
       1.751104444935e-02       3.866364910412e+04 
       1.761359092622e-02       3.854114980221e+04 
       1.771621788228e-02       3.841785502310e+04 
       1.781892691677e-02       3.829371268733e+04 
       1.792171966864e-02       3.816862087141e+04 
       1.802459781749e-02       3.804287429436e+04 
       1.812756308460e-02       3.791640307800e+04 
       1.823061723387e-02       3.778915300896e+04 
       1.833376207294e-02       3.766118174249e+04 
       1.843699945421e-02       3.753261032541e+04 
       1.854033127596e-02       3.740320667211e+04 
       1.864375948354e-02       3.727332663216e+04 
       1.874728607052e-02       3.714270751304e+04 
       1.885091307993e-02       3.701147672691e+04 
       1.895464260553e-02       3.687985865827e+04 
       1.905847679309e-02       3.674759592629e+04 
       1.916241784181e-02       3.661481348396e+04 
       1.926646800562e-02       3.648150919842e+04 
       1.937062959473e-02       3.634769383215e+04 
       1.947490497703e-02       3.621345094464e+04 
       1.957929657969e-02       3.607866798485e+04 
       1.968380689075e-02       3.594350752080e+04 
       1.978843846073e-02       3.580798335250e+04 
       1.989319390439e-02       3.567205883505e+04 
       1.999807590245e-02       3.553570770026e+04 
       2.010308720343e-02       3.539906445416e+04 
       2.020823062557e-02       3.526204367905e+04 
       2.031350905871e-02       3.512476148451e+04 
       2.041892546640e-02       3.498708467551e+04 
       2.052448288792e-02       3.484923680155e+04 
       2.063018444051e-02       3.471108053268e+04 
       2.073603332157e-02       3.457269657706e+04 
       2.084203281100e-02       3.443409475234e+04 
       2.094818627365e-02       3.429517944074e+04 
       2.105449716174e-02       3.415614712075e+04 
       2.116096901752e-02       3.401696084594e+04 
       2.126760547593e-02       3.387761583676e+04 
       2.137441026739e-02       3.373802227430e+04 
       2.148138722068e-02       3.359836336573e+04 
       2.158854026595e-02       3.345857590461e+04 
       2.169587343784e-02       3.331862485792e+04 
       2.180339087868e-02       3.317870280391e+04 
       2.191109684188e-02       3.303857409713e+04 
       2.201899569540e-02       3.289842135598e+04 
       2.212709192539e-02       3.275833948474e+04 
       2.223539013991e-02       3.261813499032e+04 
       2.234389507290e-02       3.247782076289e+04 
       2.245261158821e-02       3.233759388875e+04 
       2.256154468385e-02       3.219745776290e+04 
       2.267069949639e-02       3.205708498248e+04 
       2.278008130557e-02       3.191684093211e+04 
       2.288969553903e-02       3.177660033527e+04 
       2.299954777733e-02       3.163652429557e+04 
       2.310964375908e-02       3.149637349039e+04 
       2.321998938642e-02       3.135642740489e+04 
       2.333059073056e-02       3.121650507283e+04 
       2.344145403772e-02       3.107667223793e+04 
       2.355258573524e-02       3.093684588996e+04 
       2.366399243796e-02       3.079716225537e+04 
       2.377568095491e-02       3.065774088298e+04 
       2.388765829629e-02       3.051825568249e+04 
       2.399993168077e-02       3.037904970835e+04 
       2.411250854307e-02       3.023999882696e+04 
       2.422539654196e-02       3.010092956738e+04 
       2.433860356859e-02       2.996215369057e+04 
       2.445213775520e-02       2.982357825756e+04 
       2.456600748427e-02       2.968503248782e+04 
       2.468022139806e-02       2.954680336546e+04 
       2.479478840868e-02       2.940871848812e+04 
       2.490971770854e-02       2.927080091147e+04 
       2.502501878140e-02       2.913308372987e+04 
       2.514070141396e-02       2.899566533465e+04 
       2.525677570795e-02       2.885839422994e+04 
       2.537325209291e-02       2.872136965661e+04 
       2.549014133959e-02       2.858459266866e+04 
       2.560745457402e-02       2.844800021572e+04 
       2.572520329234e-02       2.831171597497e+04 
       2.584339937636e-02       2.817564243136e+04 
       2.596205511003e-02       2.803978632552e+04 
       2.608118319667e-02       2.790418131302e+04 
       2.620079677725e-02       2.776877554891e+04 
       2.632090944957e-02       2.763373020394e+04 
       2.644153528857e-02       2.749894921121e+04 
       2.656268886774e-02       2.736436489559e+04 
       2.668438528172e-02       2.723014719755e+04 
       2.680664017026e-02       2.709607439052e+04 
       2.692946974346e-02       2.696233240539e+04 
       2.705289080857e-02       2.682888638419e+04 
       2.717692079836e-02       2.669576612670e+04 
       2.730157780110e-02       2.656292310772e+04 
       2.742688059249e-02       2.643033104849e+04 
       2.755284866939e-02       2.629797692412e+04 
       2.767950228580e-02       2.616590003174e+04 
       2.780686249094e-02       2.603417113284e+04 
       2.793495116984e-02       2.590267870645e+04 
       2.806379108652e-02       2.577146632946e+04 
       2.819340592993e-02       2.564060176869e+04 
       2.832382036298e-02       2.551000486583e+04 
       2.845506007482e-02       2.537966309025e+04 
       2.858715183659e-02       2.524965826020e+04 
       2.872012356109e-02       2.511983411261e+04 
       2.885400436650e-02       2.499035629260e+04 
       2.898882464463e-02       2.486102502296e+04 
       2.912461613400e-02       2.473220058726e+04 
       2.926141199827e-02       2.460349981576e+04 
       2.939924691029e-02       2.447506833289e+04 
       2.953815714251e-02       2.434695263621e+04 
       2.967818066417e-02       2.421903914868e+04 
       2.981935724591e-02       2.409141536649e+04 
       2.996172857251e-02       2.396401703910e+04 
       3.010533836449e-02       2.383694120278e+04 
       3.025023250948e-02       2.370999949738e+04 
       3.039645920424e-02       2.358338034492e+04 
       3.054406910836e-02       2.345691437497e+04 
       3.069311551090e-02       2.333069726015e+04 
       3.084365451118e-02       2.320469569392e+04 
       3.099574521522e-02       2.307889726320e+04 
       3.114944994949e-02       2.295329356672e+04 
       3.130483449372e-02       2.282790956371e+04 
       3.146196833501e-02       2.270256845227e+04 
       3.162092494534e-02       2.257753095065e+04 
       3.178178208528e-02       2.245272143671e+04 
       3.194462213687e-02       2.232794403792e+04 
       3.210953246892e-02       2.220322283978e+04 
       3.227660583871e-02       2.207874667218e+04 
       3.244594083441e-02       2.195432400137e+04 
       3.261764236309e-02       2.183001804499e+04 
       3.279182219027e-02       2.170582187154e+04 
       3.296859953727e-02       2.158151561000e+04 
       3.314810174411e-02       2.145748848094e+04 
       3.333046500643e-02       2.133335519634e+04 
       3.351583519656e-02       2.120912450087e+04 
       3.370436878034e-02       2.108505336963e+04 
       3.389623384307e-02       2.096078624104e+04 
       3.409161124033e-02       2.083653778813e+04 
       3.429069589206e-02       2.071220489977e+04 
       3.449369824139e-02       2.058773926154e+04 
       3.470084590345e-02       2.046317252266e+04 
       3.491238553415e-02       2.033830817953e+04 
       3.512858495416e-02       2.021331144676e+04 
       3.534973557020e-02       2.008802380396e+04 
       3.557615514375e-02       1.996245159661e+04 
       3.580819096709e-02       1.983649164955e+04 
       3.604622351893e-02       1.971025650052e+04 
       3.629067068657e-02       1.958348283474e+04 
       3.654199266004e-02       1.945622474374e+04 
       3.680069762652e-02       1.932845966430e+04 
       3.706734842189e-02       1.919997673816e+04 
       3.734257033169e-02       1.907087669833e+04 
       3.762706027869e-02       1.894095373869e+04 
       3.792159769073e-02       1.881012642760e+04 
       3.822705741365e-02       1.867829780616e+04 
       3.854442512508e-02       1.854530320794e+04 
       3.887481582005e-02       1.841115147751e+04 
       3.921949608648e-02       1.827555330240e+04 
       3.957991107594e-02       1.813833710186e+04 
       3.995771731366e-02       1.799932805595e+04 
       4.035482279308e-02       1.785821631600e+04 
       4.077343617828e-02       1.771477833509e+04 
       4.121612740155e-02       1.756855932577e+04 
       4.168590249572e-02       1.741912782823e+04 
       4.218629611761e-02       1.726600974312e+04 
       4.272148582388e-02       1.710847593431e+04 
       4.329643256117e-02       1.694564176016e+04 
       4.391705160614e-02       1.677642217203e+04 
       4.459041646705e-02       1.659941598267e+04 
       4.532499333879e-02       1.641265094183e+04 
       4.613089245166e-02       1.621366293110e+04 
       4.702009972076e-02       1.599902523039e+04 
       4.800660953209e-02       1.576423760065e+04 
       4.910630883079e-02       1.550322794073e+04 
       5.033636495449e-02       1.520815722390e+04 
       5.171378278752e-02       1.486918332191e+04 
       5.325284205583e-02       1.447507369576e+04 
       5.496152099951e-02       1.401476480712e+04 
       5.683788842739e-02       1.348047132487e+04 
       5.886835772928e-02       1.287163101955e+04 
       6.102945540303e-02       1.219796078938e+04 
       6.329275809478e-02       1.147972250222e+04 
       6.563052083129e-02       1.074453156411e+04 
       6.801949839710e-02       1.002233928346e+04 
       7.044223268557e-02       9.340462432332e+03 
       7.288656914948e-02       8.720158613562e+03 
       7.534446341015e-02       8.174993285323e+03 
       7.781076295305e-02       7.710715173722e+03 
       8.028223511982e-02       7.326058984080e+03 
       8.275687761060e-02       7.014106298197e+03 
       8.523345985971e-02       6.763784768018e+03 
       8.771122909211e-02       6.561291123676e+03 
       9.018972601190e-02       6.391557935971e+03 
       9.266867073694e-02       6.239548742997e+03 
       9.514789275968e-02       6.091544285381e+03 
       9.762728814393e-02       5.936290929920e+03 
       1.001067934404e-01       5.765830420605e+03 
       1.025863698170e-01       5.576032763048e+03 
       1.050659934133e-01       5.366580238304e+03 
       1.072483128768e-01       5.168356622666e+03 
       1.075456494802e-01       5.140542703938e+03 
       1.100253288204e-01       4.903514873728e+03 
       1.125050256261e-01       4.662613810223e+03 
       1.149847361641e-01       4.425379553337e+03 
       1.174644579777e-01       4.198836403574e+03 
       1.199441893991e-01       3.988799377188e+03 
       1.224239292534e-01       3.799387545816e+03 
       1.249036766771e-01       3.632833130985e+03 
       1.273834310070e-01       3.489533762945e+03 
       1.298631917117e-01       3.368224356953e+03 
       1.323429583493e-01       3.266320429710e+03 
       1.348227305406e-01       3.180214439320e+03 
       1.373025079523e-01       3.105759683644e+03 
       1.397822902859e-01       3.038647848265e+03 
       1.422620772710e-01       2.975514362734e+03 
       1.447418686597e-01       2.911694952843e+03 
       1.472216642236e-01       2.844370767026e+03 
       1.497014637511e-01       2.771778164303e+03 
       1.521812670453e-01       2.693266401966e+03 
       1.546610739227e-01       2.609193635150e+03 
       1.571408842118e-01       2.520761522657e+03 
       1.596206977520e-01       2.429756714463e+03 
       1.621005143928e-01       2.338272740648e+03 
       1.645803339929e-01       2.248449510261e+03 
       1.670601564194e-01       2.162245003070e+03 
       1.695399815474e-01       2.081263010448e+03 
       1.720198092592e-01       2.006650201941e+03 
       1.744996394438e-01       1.939050016545e+03 
       1.769794719966e-01       1.878604011208e+03 
       1.794593068187e-01       1.824993514641e+03 
       1.819391438167e-01       1.777525053356e+03 
       1.844189829023e-01       1.735198936921e+03 
       1.868988239918e-01       1.696850876866e+03 
       1.893786670059e-01       1.661229063137e+03 
       1.918585118696e-01       1.627121030304e+03 
       1.943383585115e-01       1.593445726584e+03 
       1.968182068642e-01       1.559346508182e+03 
       1.992980568633e-01       1.524233572770e+03 
       2.017779084477e-01       1.487817660866e+03 
       2.042577615594e-01       1.450102200144e+03 
       2.067376161430e-01       1.411339383122e+03 
       2.092174721460e-01       1.371982769612e+03 
       2.116973295181e-01       1.332615857345e+03 
       2.141771882116e-01       1.293853034681e+03 
       2.166570481808e-01       1.256283601518e+03 
       2.191369093821e-01       1.220425060927e+03 
       2.216167717739e-01       1.186657768585e+03 
       2.240966353166e-01       1.155214621657e+03 
       2.265764999721e-01       1.126172159312e+03 
       2.290563657041e-01       1.099472334475e+03 
       2.315362324778e-01       1.074920033770e+03 
       2.340161002599e-01       1.052239239646e+03 
       2.364959690185e-01       1.031087180590e+03 
       2.389758387232e-01       1.011096632746e+03 
       2.414557093445e-01       9.919096530721e+02 
       2.439355808544e-01       9.731998609996e+02 
       2.464154532259e-01       9.546995636628e+02 
       2.488953264331e-01       9.362113892466e+02 
       2.513752004513e-01       9.176220704705e+02 
       2.538550752564e-01       8.988979793022e+02 
       2.563349508256e-01       8.800624621361e+02 
       2.588148271368e-01       8.612245262836e+02 
       2.612947041688e-01       8.425169558214e+02 
       2.637745819011e-01       8.240900463972e+02 
       2.662544603141e-01       8.061161295063e+02 
       2.687343393888e-01       7.887370775464e+02 
       2.712142191071e-01       7.720743571127e+02 
       2.736940994513e-01       7.562079089241e+02 
       2.761739804045e-01       7.411770897147e+02 
       2.786538619503e-01       7.269786764890e+02 
       2.811337440731e-01       7.135700476338e+02 
       2.836136267577e-01       7.008776018849e+02 
       2.860935099892e-01       6.888062616199e+02 
       2.885733937537e-01       6.772492662052e+02 
       2.910532780374e-01       6.660987823246e+02 
       2.935331628271e-01       6.552547168877e+02 
       2.960130481100e-01       6.446312085337e+02 
       2.984929338738e-01       6.341636262843e+02 
       3.009728201065e-01       6.238073077887e+02 
       3.034527067967e-01       6.135393615862e+02 
       3.059325939331e-01       6.033562982229e+02 
       3.084124815049e-01       5.932718560363e+02 
       3.108923695016e-01       5.833110561104e+02 
       3.133722579133e-01       5.735040988354e+02 
       3.158521467299e-01       5.638883617384e+02 
       3.183320359421e-01       5.544952984736e+02 
       3.208119255406e-01       5.453559328261e+02 
       3.232918155165e-01       5.364939465744e+02 
       3.257717058611e-01       5.279220333623e+02 
       3.282515965661e-01       5.196481871505e+02 
       3.307314876233e-01       5.116672871696e+02 
       3.332113790249e-01       5.039696797998e+02 
       3.356912707631e-01       4.965346615522e+02 
       3.381711628305e-01       4.893394115438e+02 
       3.406510552200e-01       4.823554239176e+02 
       3.431309479245e-01       4.755529258554e+02 
       3.456108409372e-01       4.689026996445e+02 
       3.480907342514e-01       4.623780045491e+02 
       3.505706278609e-01       4.559558781900e+02 
       3.530505217593e-01       4.496189015308e+02 
       3.555304159405e-01       4.433555638616e+02 
       3.580103103987e-01       4.371609129414e+02 
       3.604902051281e-01       4.310351900752e+02 
       3.629701001232e-01       4.249838596187e+02 
       3.654499953785e-01       4.190161652426e+02 
       3.679298908888e-01       4.131424466036e+02 
       3.704097866489e-01       4.073739679461e+02 
       3.728896826537e-01       4.017214661399e+02 
       3.753695788986e-01       3.961924997491e+02 
       3.778494753786e-01       3.907908482733e+02 
       3.803293720892e-01       3.855173745018e+02 
       3.828092690259e-01       3.803710579479e+02 
       3.852891661843e-01       3.753442779257e+02 
       3.877690635601e-01       3.704287368584e+02 
       3.902489611492e-01       3.656154560659e+02 
       3.927288589476e-01       3.608939009856e+02 
       3.952087569512e-01       3.562525689136e+02 
       3.976886551563e-01       3.516822394441e+02 
       4.001685535590e-01       3.471760186849e+02 
       4.026484521557e-01       3.427270425650e+02 
       4.051283509429e-01       3.383330478306e+02 
       4.076082499170e-01       3.339914991711e+02 
       4.100881490747e-01       3.297023069208e+02 
       4.125680484126e-01       3.254659979003e+02 
       4.150479479275e-01       3.212848629070e+02 
       4.175278476162e-01       3.171601063298e+02 
       4.200077474756e-01       3.130944123066e+02 
       4.224876475028e-01       3.090895140789e+02 
       4.249675476947e-01       3.051466343367e+02 
       4.274474480485e-01       3.012656680061e+02 
       4.299273485614e-01       2.974498183347e+02 
       4.324072492307e-01       2.936952724497e+02 
       4.348871500536e-01       2.900038066434e+02 
       4.373670510276e-01       2.863721735192e+02 
       4.398469521501e-01       2.827996440425e+02 
       4.423268534185e-01       2.792831579790e+02 
       4.448067548304e-01       2.758209290169e+02 
       4.472866563835e-01       2.724092642721e+02 
       4.497665580754e-01       2.690468698358e+02 
       4.522464599037e-01       2.657300289859e+02 
       4.547263618664e-01       2.624605356340e+02 
       4.572062639611e-01       2.592329498716e+02 
       4.596861661857e-01       2.560473809333e+02 
       4.621660685382e-01       2.529032404601e+02 
       4.646459710164e-01       2.498013648634e+02 
       4.671258736185e-01       2.467411507323e+02 
       4.696057763423e-01       2.437232134708e+02 
       4.720856791860e-01       2.407479978171e+02 
       4.745655821477e-01       2.378178038747e+02 
       4.770454852255e-01       2.349309851484e+02 
       4.795253884177e-01       2.320882319369e+02 
       4.820052917225e-01       2.292897646937e+02 
       4.844851951381e-01       2.265351837473e+02 
       4.869650986629e-01       2.238241605716e+02 
       4.894450022951e-01       2.211562673769e+02 
       4.919249060332e-01       2.185297669499e+02 
       4.944048098755e-01       2.159451068550e+02 
       4.968847138206e-01       2.134006504841e+02 
       4.993646178668e-01       2.108951529881e+02 
       5.018445220126e-01       2.084279974126e+02 
       5.043244262566e-01       2.059993465718e+02 
       5.068043305974e-01       2.036073568277e+02 
       5.092842350335e-01       2.012508888149e+02 
       5.117641395635e-01       1.989325875856e+02 
       5.142440441861e-01       1.966488890104e+02 
       5.167239488999e-01       1.944003469392e+02 
       5.192038537036e-01       1.921875077169e+02 
       5.216837585959e-01       1.900088525024e+02 
       5.241636635757e-01       1.878656940613e+02 
       5.266435686415e-01       1.857567329036e+02 
       5.291234737923e-01       1.836819103490e+02 
       5.316033790269e-01       1.816406103039e+02 
       5.340832843439e-01       1.796347269521e+02 
       5.365631897424e-01       1.776617297362e+02 
       5.390430952212e-01       1.757210983314e+02 
       5.415230007792e-01       1.738133559987e+02 
       5.440029064153e-01       1.719367421264e+02 
       5.464828121284e-01       1.700923557246e+02 
       5.489627179175e-01       1.682778335602e+02 
       5.514426237815e-01       1.664938284920e+02 
       5.539225297195e-01       1.647389005538e+02 
       5.564024357305e-01       1.630132406126e+02 
       5.588823418134e-01       1.613156054202e+02 
       5.613622479674e-01       1.596453043022e+02 
       5.638421541915e-01       1.580038142689e+02 
       5.663220604847e-01       1.563879709941e+02 
       5.688019668462e-01       1.547983765476e+02 
       5.712818732750e-01       1.532350198281e+02 
       5.737617797704e-01       1.516970624804e+02 
       5.762416863314e-01       1.501844457783e+02 
       5.787215929571e-01       1.486953842172e+02 
       5.812014996469e-01       1.472311475343e+02 
       5.836814063998e-01       1.457904214103e+02 
       5.861613132150e-01       1.443721873187e+02 
       5.886412200917e-01       1.429770785948e+02 
       5.911211270292e-01       1.416042766446e+02 
       5.936010340268e-01       1.402528265111e+02 
       5.960809410836e-01       1.389230309708e+02 
       5.985608481989e-01       1.376139003493e+02 
       6.010407553720e-01       1.363251757240e+02 
       6.035206626022e-01       1.350560212906e+02 
       6.060005698888e-01       1.338061989638e+02 
       6.084804772310e-01       1.325747758722e+02 
       6.109603846283e-01       1.313634591507e+02 
       6.134402920799e-01       1.301691678637e+02 
       6.159201995852e-01       1.289927859318e+02 
       6.184001071435e-01       1.278338501432e+02 
       6.208800147542e-01       1.266918951808e+02 
       6.233599224167e-01       1.255660662441e+02 
       6.258398301303e-01       1.244574176269e+02 
       6.283197378945e-01       1.233639131008e+02 
       6.307996457086e-01       1.222856317208e+02 
       6.332795535721e-01       1.212235407557e+02 
       6.357594614844e-01       1.201753340576e+02 
       6.382393694449e-01       1.191426596424e+02 
       6.407192774530e-01       1.181233240809e+02 
       6.431991855083e-01       1.171184379351e+02 
       6.456790936101e-01       1.161270149339e+02 
       6.481590017579e-01       1.151482838833e+02 
       6.506389099512e-01       1.141832889040e+02 
       6.531188181895e-01       1.132304487988e+02 
       6.555987264723e-01       1.122899923252e+02 
       6.580786347990e-01       1.113610503741e+02 
       6.605585431692e-01       1.104435364682e+02 
       6.630384515823e-01       1.095381173872e+02 
       6.655183600380e-01       1.086427068521e+02 
       6.679982685357e-01       1.077584729810e+02 
       6.704781770749e-01       1.068843137921e+02 
       6.729580856552e-01       1.060203841934e+02 
       6.754379942762e-01       1.051660579752e+02 
       6.779179029373e-01       1.043209308692e+02 
       6.803978116382e-01       1.034852510626e+02 
       6.828777203784e-01       1.026588075415e+02 
       6.853576291575e-01       1.018405965627e+02 
       6.878375379751e-01       1.010301567668e+02 
       6.903174468307e-01       1.002289043422e+02 
       6.927973557240e-01       9.943490017795e+01 
       6.952772646545e-01       9.864809871831e+01 
       6.977571736219e-01       9.786993307408e+01 
       7.002370826257e-01       9.709760623387e+01 
       7.027169916656e-01       9.633322876788e+01 
       7.051969007411e-01       9.557533375197e+01 
       7.076768098520e-01       9.482378374720e+01 
       7.101567189978e-01       9.407920172195e+01 
       7.126366281782e-01       9.334121184074e+01 
       7.151165373927e-01       9.260941186687e+01 
       7.175964466412e-01       9.188306712233e+01 
       7.200763559231e-01       9.116287044977e+01 
       7.225562652382e-01       9.044937994882e+01 
       7.250361745862e-01       8.974085586374e+01 
       7.275160839666e-01       8.903927448501e+01 
       7.299959933791e-01       8.834201045679e+01 
       7.324759028235e-01       8.765173255802e+01 
       7.349558122994e-01       8.696694138171e+01 
       7.374357218065e-01       8.628769087940e+01 
       7.399156313444e-01       8.561399320374e+01 
       7.423955409129e-01       8.494566416566e+01 
       7.448754505116e-01       8.428387882822e+01 
       7.473553601403e-01       8.362783791120e+01 
       7.498352697987e-01       8.297736421336e+01 
       7.523151794864e-01       8.233246990202e+01 
       7.547950892032e-01       8.169378335223e+01 
       7.572749989488e-01       8.106063953220e+01 
       7.597549087228e-01       8.043353581708e+01 
       7.622348185251e-01       7.981266035285e+01 
       7.647147283554e-01       7.919704498442e+01 
       7.671946382133e-01       7.858769539116e+01 
       7.696745480986e-01       7.798389502604e+01 
       7.721544580111e-01       7.738656085544e+01 
       7.746343679505e-01       7.679473134118e+01 
       7.771142779165e-01       7.620894464672e+01 
       7.795941879088e-01       7.562908999753e+01 
       7.820740979273e-01       7.505456461784e+01 
       7.845540079716e-01       7.448611793984e+01 
       7.870339180416e-01       7.392341844801e+01 
       7.895138281370e-01       7.336648834800e+01 
       7.919937382575e-01       7.281497797877e+01 
       7.944736484029e-01       7.226918665856e+01 
       7.969535585730e-01       7.172884249642e+01 
       7.994334687675e-01       7.119360914516e+01 
       8.019133789863e-01       7.066413432257e+01 
       8.043932892291e-01       7.013995843400e+01 
       8.068731994956e-01       6.962058369993e+01 
       8.093531097857e-01       6.910642468552e+01 
       8.118330200991e-01       6.859761322800e+01 
       8.143129304357e-01       6.809328609749e+01 
       8.167928407951e-01       6.759394042867e+01 
       8.192727511773e-01       6.709921738285e+01 
       8.217526615820e-01       6.660963988546e+01 
       8.242325720090e-01       6.612414720578e+01 
       8.267124824580e-01       6.564388720840e+01 
       8.291923929290e-01       6.516794945296e+01 
       8.316723034217e-01       6.469644293145e+01 
       8.341522139358e-01       6.422931722633e+01 
       8.366321244713e-01       6.376683358461e+01 
       8.391120350279e-01       6.330861345257e+01 
       8.415919456055e-01       6.285492969474e+01 
       8.440718562038e-01       6.240549539027e+01 
       8.465517668227e-01       6.196063168742e+01 
       8.490316774620e-01       6.151988112442e+01 
       8.515115881215e-01       6.108373862646e+01 
       8.539914988010e-01       6.065219346839e+01 
       8.564714095004e-01       6.022479171503e+01 
       8.589513202195e-01       5.980191505032e+01 
       8.614312309581e-01       5.938331602217e+01 
       8.639111417160e-01       5.896960876044e+01 
       8.663910524931e-01       5.855989595887e+01 
       8.688709632893e-01       5.815526455385e+01 
       8.713508741043e-01       5.775472299964e+01 
       8.738307849380e-01       5.735898108304e+01 
       8.763106957903e-01       5.696724555701e+01 
       8.787906066609e-01       5.658086566036e+01 
       8.812705175498e-01       5.619864014956e+01 
       8.837504284567e-01       5.582091197124e+01 
       8.862303393815e-01       5.544773076588e+01 
       8.887102503242e-01       5.507901218806e+01 
       8.911901612844e-01       5.471507093188e+01 
       8.936700722621e-01       5.435554765240e+01 
       8.961499832572e-01       5.399976848317e+01 
       8.986298942694e-01       5.364886668864e+01 
       9.011098052987e-01       5.330211865346e+01 
       9.035897163449e-01       5.295923107980e+01 
       9.060696274078e-01       5.262082162424e+01 
       9.085495384874e-01       5.228663123806e+01 
       9.110294495834e-01       5.195583907340e+01 
       9.135093606958e-01       5.162930962794e+01 
       9.159892718245e-01       5.130597000384e+01 
       9.184691829692e-01       5.098669000696e+01 
       9.209490941299e-01       5.067106583465e+01 
       9.234290053064e-01       5.035843458819e+01 
       9.259089164987e-01       5.004930621698e+01 
       9.283888277065e-01       4.974322652167e+01 
       9.308687389297e-01       4.944014588150e+01 
       9.333486501683e-01       4.913991593574e+01 
       9.358285614221e-01       4.884257936824e+01 
       9.383084726910e-01       4.854815701869e+01 
       9.407883839749e-01       4.825624293183e+01 
       9.432682952736e-01       4.796678010143e+01 
       9.457482065870e-01       4.767973678291e+01 
       9.482281179151e-01       4.739506024508e+01 
       9.507080292577e-01       4.711272649845e+01 
       9.531879406146e-01       4.683267735505e+01 
       9.556678519859e-01       4.655437027599e+01 
       9.581477633713e-01       4.627864922533e+01 
       9.606276747707e-01       4.600461977742e+01 
       9.631075861841e-01       4.573285115312e+01 
       9.655874976114e-01       4.546266903970e+01 
       9.680674090524e-01       4.519446188891e+01 
       9.705473205070e-01       4.492804267472e+01 
       9.730272319751e-01       4.466326832008e+01 
       9.755071434567e-01       4.440116352170e+01 
       9.779870549515e-01       4.414028841817e+01 
       9.804669664596e-01       4.388121659777e+01 
       9.829468779808e-01       4.362418574147e+01 
       9.854267895151e-01       4.336898313491e+01 
       9.879067010622e-01       4.311541793738e+01 
       9.903866126222e-01       4.286341385402e+01 
       9.928665241949e-01       4.261369695348e+01 
       9.953464357802e-01       4.236548555169e+01 
       9.978263473781e-01       4.211908620150e+01 
       1.000306258988e+00       4.187462186381e+01 
       1.002786170611e+00       4.163182972624e+01 
       1.005266082246e+00       4.139087874338e+01 
       1.007745993893e+00       4.115155597028e+01 
       1.010225905552e+00       4.091449289262e+01 
       1.012705817223e+00       4.067858183699e+01 
       1.015185728906e+00       4.044432715329e+01 
       1.017665640601e+00       4.021217689644e+01 
       1.020145552308e+00       3.998127757856e+01 
       1.022625464026e+00       3.975240797131e+01 
       1.025105375756e+00       3.952487682003e+01 
       1.027585287497e+00       3.929897540951e+01 
       1.030065199250e+00       3.907447018798e+01 
       1.032545111014e+00       3.885156587011e+01 
       1.035025022789e+00       3.863023396608e+01 
       1.037504934576e+00       3.841015625332e+01 
       1.039984846373e+00       3.819163404816e+01 
       1.042464758181e+00       3.797426796930e+01 
       1.044944670001e+00       3.775846223278e+01 
       1.047424581831e+00       3.754397908965e+01 
       1.049904493672e+00       3.733033647728e+01 
       1.052384405524e+00       3.711857136763e+01 
       1.054864317386e+00       3.690755072428e+01 
       1.057344229259e+00       3.669789205976e+01 
       1.059824141142e+00       3.648985531153e+01 
       1.062304053035e+00       3.628283626620e+01 
       1.064783964939e+00       3.607678332352e+01 
       1.067263876853e+00       3.587225554580e+01 
       1.069743788778e+00       3.566870524063e+01 
       1.072223700712e+00       3.546672600582e+01 
       1.072483128768e+00       3.544556444876e+01 
       1.074703612656e+00       3.526602722663e+01 
       1.077183524611e+00       3.506639990403e+01 
       1.079663436575e+00       3.486822144806e+01 
       1.082143348549e+00       3.467125024136e+01 
       1.084623260533e+00       3.447588807129e+01 
       1.087103172527e+00       3.428205659168e+01 
       1.089583084530e+00       3.408957137660e+01 
       1.092062996542e+00       3.389835068092e+01 
       1.094542908565e+00       3.370879289942e+01 
       1.097022820596e+00       3.352109522991e+01 
       1.099502732637e+00       3.333461451490e+01 
       1.101982644688e+00       3.314997874770e+01 
       1.104462556747e+00       3.296712636496e+01 
       1.106942468816e+00       3.278545489732e+01 
       1.109422380894e+00       3.260548420603e+01 
       1.111902292980e+00       3.242755682873e+01 
       1.114382205076e+00       3.225137510655e+01 
       1.116862117181e+00       3.207665542126e+01 
       1.119342029295e+00       3.190385800333e+01 
       1.121821941417e+00       3.173268490073e+01 
       1.124301853548e+00       3.156314421455e+01 
       1.126781765688e+00       3.139551864121e+01 
       1.129261677837e+00       3.122925356646e+01 
       1.131741589994e+00       3.106494363245e+01 
       1.134221502160e+00       3.090174509417e+01 
       1.136701414334e+00       3.074034946044e+01 
       1.139181326516e+00       3.058078342239e+01 
       1.141661238707e+00       3.042223034070e+01 
       1.144141150906e+00       3.026508420714e+01 
       1.146621063114e+00       3.010920669760e+01 
       1.149100975329e+00       2.995515621570e+01 
       1.151580887553e+00       2.980230217930e+01 
       1.154060799785e+00       2.965035015699e+01 
       1.156540712025e+00       2.949948077959e+01 
       1.159020624273e+00       2.935051576487e+01 
       1.161500536529e+00       2.920179661747e+01 
       1.461983882731e+00       1.646982364192e+01 
       1.840526687459e+00       9.342759781596e+00 
       2.317085815452e+00       5.566647705025e+00 
       2.917038214380e+00       3.133613827653e+00 
       3.672333535257e+00       1.753938972319e+00 
       4.623194008119e+00       9.765936297755e-01 
       5.820256420476e+00       5.410528473483e-01 
       7.327268710895e+00       2.983277263563e-01 
       9.224484779190e+00       1.638032844604e-01 
       1.161293829923e+01       8.955727176730e-02 
       1.461982313050e+01       4.876034738725e-02 
       1.840526685492e+01       2.645239737384e-02 
       2.317085815451e+01       1.429717149113e-02 
