# Matter power spectrum P(k) at redshift z=0
# for k=8.06309e-06 to 23.1709 h/Mpc,
# number of wavenumbers equal to 861
#    1:k (h/Mpc)              2:P (Mpc/h)^3        
       8.063094627304e-06       1.010797411508e+02 
       1.799879852529e-05       2.192256561980e+02 
       2.795531670261e-05       3.351526578632e+02 
       3.794857284474e-05       4.499838454610e+02 
       4.799464795472e-05       5.643061696154e+02 
       5.810986579511e-05       6.785260986101e+02 
       6.831087998549e-05       7.929680318041e+02 
       7.861476346671e-05       9.079135051567e+02 
       8.903910104816e-05       1.023620240186e+03 
       9.960208576256e-05       1.140332891264e+03 
       1.103226197607e-04       1.258289718668e+03 
       1.212204204863e-04       1.377727189813e+03 
       1.323161328746e-04       1.498883329644e+03 
       1.436314483177e-04       1.622000474032e+03 
       1.551892311236e-04       1.747327503382e+03 
       1.670136531707e-04       1.875121887757e+03 
       1.791303374080e-04       2.005651549528e+03 
       1.915665107696e-04       2.139196628615e+03 
       2.043511669539e-04       2.276051225377e+03 
       2.175152393408e-04       2.416525092754e+03 
       2.310917840800e-04       2.560945323310e+03 
       2.451161730514e-04       2.709658034534e+03 
       2.596262959596e-04       2.863030041654e+03 
       2.746627702457e-04       3.021450462745e+03 
       2.902691567586e-04       3.185332315225e+03 
       3.064921781847e-04       3.355113966397e+03 
       3.233819360610e-04       3.531260469507e+03 
       3.409921207563e-04       3.714264655005e+03 
       3.593802070753e-04       3.904647922328e+03 
       3.786076260986e-04       4.102960628606e+03 
       3.987399015405e-04       4.309781929696e+03 
       4.198467363095e-04       4.525718922064e+03 
       4.420020322063e-04       4.751404944823e+03 
       4.652838229331e-04       4.987496783800e+03 
       4.897740980930e-04       5.234670637846e+03 
       5.155584939622e-04       5.493616588155e+03 
       5.427258260208e-04       5.765031359862e+03 
       5.713674391044e-04       6.049609214253e+03 
       6.015763542509e-04       6.348030810588e+03 
       6.334461975377e-04       6.660950032671e+03 
       6.670699059687e-04       6.988978875063e+03 
       7.025382190504e-04       7.332670461395e+03 
       7.399379818654e-04       7.692500899723e+03 
       7.793503053074e-04       8.068850415398e+03 
       8.208486500002e-04       8.461984741098e+03 
       8.644969197837e-04       8.872037559363e+03 
       9.103476654871e-04       9.298996009428e+03 
       9.584405068746e-04       9.742688828577e+03 
       1.008800877574e-03       1.020278017347e+04 
       1.061439183157e-03       1.067876785187e+04 
       1.072483128768e-03       1.077799920093e+04 
       1.116350436862e-03       1.116998819043e+04 
       1.173514403223e-03       1.167562597972e+04 
       1.232896241352e-03       1.219472946850e+04 
       1.294447601936e-03       1.272622953832e+04 
       1.358108100175e-03       1.326896225011e+04 
       1.423807064833e-03       1.382169241321e+04 
       1.491465453149e-03       1.438313855910e+04 
       1.560997822702e-03       1.495199687407e+04 
       1.632314262396e-03       1.552696361020e+04 
       1.705322202710e-03       1.610675503161e+04 
       1.779928046787e-03       1.669012487747e+04 
       1.856038585803e-03       1.727587634171e+04 
       1.933562181946e-03       1.786287445256e+04 
       2.012409718799e-03       1.845005110348e+04 
       2.092495331292e-03       1.903641156336e+04 
       2.173736935682e-03       1.962103536997e+04 
       2.256056584747e-03       2.020307890659e+04 
       2.339380675166e-03       2.078177152670e+04 
       2.423640033730e-03       2.135641584016e+04 
       2.508769907240e-03       2.192638248722e+04 
       2.594709878323e-03       2.249110913585e+04 
       2.681403726373e-03       2.305009413730e+04 
       2.768799249735e-03       2.360289225598e+04 
       2.856848062322e-03       2.414911319144e+04 
       2.945505375205e-03       2.468841456452e+04 
       3.034729771363e-03       2.522050570818e+04 
       3.124482979861e-03       2.574512418817e+04 
       3.214729654051e-03       2.626205817197e+04 
       3.305437157091e-03       2.677111981147e+04 
       3.396575357037e-03       2.727215946851e+04 
       3.488116432894e-03       2.776505572495e+04 
       3.580034692457e-03       2.824969528821e+04 
       3.672306402225e-03       2.872601483021e+04 
       3.764909629376e-03       2.919394571794e+04 
       3.857824095512e-03       2.965345289605e+04 
       3.951031041736e-03       3.010451154637e+04 
       4.044513104485e-03       3.054710090666e+04 
       4.138254201498e-03       3.098123753111e+04 
       4.232239427261e-03       3.140692301907e+04 
       4.326454957242e-03       3.182418965039e+04 
       4.420887960284e-03       3.223306871275e+04 
       4.515526518479e-03       3.263359571047e+04 
       4.610359553953e-03       3.302582123024e+04 
       4.705376761949e-03       3.340980139169e+04 
       4.800568549696e-03       3.378558870135e+04 
       4.895925980552e-03       3.415325588016e+04 
       4.991440722952e-03       3.451286765184e+04 
       5.087105003751e-03       3.486449152495e+04 
       5.182911565553e-03       3.520820055966e+04 
       5.278853627679e-03       3.554407843337e+04 
       5.374924850450e-03       3.587218986306e+04 
       5.471119302468e-03       3.619263177052e+04 
       5.567431430657e-03       3.650547989598e+04 
       5.663856032782e-03       3.681081015927e+04 
       5.760388232250e-03       3.710871056043e+04 
       5.857023454974e-03       3.739927308748e+04 
       5.953757408127e-03       3.768256825411e+04 
       6.050586060610e-03       3.795870613965e+04 
       6.147505625087e-03       3.822774351778e+04 
       6.244512541451e-03       3.848979001728e+04 
       6.341603461591e-03       3.874492068515e+04 
       6.438775235358e-03       3.899322149196e+04 
       6.536024897612e-03       3.923478607347e+04 
       6.633349656274e-03       3.946967850457e+04 
       6.730746881282e-03       3.969801938851e+04 
       6.828214094389e-03       3.991986158279e+04 
       6.925748959723e-03       4.013530429824e+04 
       7.023349275051e-03       4.034442516399e+04 
       7.121012963686e-03       4.054729928556e+04 
       7.218738066990e-03       4.074402313940e+04 
       7.316522737415e-03       4.093467526107e+04 
       7.414365232052e-03       4.111931508253e+04 
       7.512263906638e-03       4.129804010244e+04 
       7.610217209981e-03       4.147093247075e+04 
       7.708223678793e-03       4.163806986848e+04 
       7.806281932865e-03       4.179952383890e+04 
       7.904390670592e-03       4.195537295060e+04 
       8.002548664795e-03       4.210568789315e+04 
       8.100754758836e-03       4.225055908844e+04 
       8.199007862992e-03       4.239002075060e+04 
       8.297306951075e-03       4.252418941147e+04 
       8.395651057279e-03       4.265311937429e+04 
       8.494039273238e-03       4.277688372329e+04 
       8.592470745275e-03       4.289555216472e+04 
       8.690944671840e-03       4.300917094560e+04 
       8.789460301109e-03       4.311787145958e+04 
       8.888016928741e-03       4.322165762216e+04 
       8.986613895789e-03       4.332063622717e+04 
       9.085250586731e-03       4.341484212534e+04 
       9.183926427650e-03       4.350437205947e+04 
       9.282640884508e-03       4.358929622820e+04 
       9.381393461552e-03       4.366963722895e+04 
       9.480183699808e-03       4.374550358449e+04 
       9.579011175682e-03       4.381693411956e+04 
       9.677875499646e-03       4.388398272015e+04 
       9.776776315010e-03       4.394675365708e+04 
       9.875713296772e-03       4.400521669819e+04 
       9.974686150551e-03       4.405953843305e+04 
       1.007369461157e-02       4.410971608356e+04 
       1.017273844375e-02       4.415583077530e+04 
       1.027181743879e-02       4.419792541039e+04 
       1.037093141537e-02       4.423605813752e+04 
       1.047008021843e-02       4.427030787541e+04 
       1.056926371837e-02       4.430070918534e+04 
       1.066848181049e-02       4.432732312302e+04 
       1.072483128768e-02       4.434078337044e+04 
       1.076773441430e-02       4.435021739113e+04 
       1.086702147300e-02       4.436941761830e+04 
       1.096634295290e-02       4.438500904693e+04 
       1.106569884298e-02       4.439702256567e+04 
       1.116508915443e-02       4.440552479387e+04 
       1.126451392021e-02       4.441056447126e+04 
       1.136397319468e-02       4.441219418932e+04 
       1.146346705326e-02       4.441045946634e+04 
       1.156299559209e-02       4.440540577412e+04 
       1.166255892777e-02       4.439708562329e+04 
       1.176215719706e-02       4.438558219207e+04 
       1.186179055671e-02       4.437089421808e+04 
       1.196145918316e-02       4.435308742355e+04 
       1.206116327243e-02       4.433222889363e+04 
       1.216090303993e-02       4.430835991967e+04 
       1.226067872034e-02       4.428149588567e+04 
       1.236049056746e-02       4.425171745763e+04 
       1.246033885417e-02       4.421906500011e+04 
       1.256022387229e-02       4.418357478459e+04 
       1.266014593259e-02       4.414531806319e+04 
       1.276010536473e-02       4.410428918146e+04 
       1.286010251723e-02       4.406058991609e+04 
       1.296013775750e-02       4.401423328248e+04 
       1.306021147186e-02       4.396524553737e+04 
       1.316032406555e-02       4.391369741115e+04 
       1.326047596282e-02       4.385962352443e+04 
       1.336066760699e-02       4.380310074237e+04 
       1.346089946054e-02       4.374411524272e+04 
       1.356117200522e-02       4.368272084589e+04 
       1.366148574215e-02       4.361899274493e+04 
       1.376184119200e-02       4.355293273833e+04 
       1.386223889512e-02       4.348460705595e+04 
       1.396267941168e-02       4.341403201585e+04 
       1.406316332191e-02       4.334126735235e+04 
       1.416369122627e-02       4.326639053648e+04 
       1.426426374567e-02       4.318933272068e+04 
       1.436488152169e-02       4.311021899893e+04 
       1.446554521684e-02       4.302906681517e+04 
       1.456625551481e-02       4.294591369031e+04 
       1.466701312076e-02       4.286079421835e+04 
       1.476781876160e-02       4.277374806750e+04 
       1.486867318628e-02       4.268479954111e+04 
       1.496957716616e-02       4.259402493033e+04 
       1.507053149530e-02       4.250142497813e+04 
       1.517153699083e-02       4.240703850576e+04 
       1.527259449333e-02       4.231088913221e+04 
       1.537370486720e-02       4.221302923051e+04 
       1.547486900107e-02       4.211352102088e+04 
       1.557608780821e-02       4.201233957135e+04 
       1.567736222699e-02       4.190957815750e+04 
       1.577869322128e-02       4.180522282480e+04 
       1.588008178097e-02       4.169931502346e+04 
       1.598152892246e-02       4.159191257686e+04 
       1.608303568910e-02       4.148302959107e+04 
       1.618460315180e-02       4.137271639222e+04 
       1.628623240951e-02       4.126098724716e+04 
       1.638792458979e-02       4.114788893032e+04 
       1.648968084943e-02       4.103341585087e+04 
       1.659150237500e-02       4.091763134264e+04 
       1.669339038352e-02       4.080061110125e+04 
       1.679534612307e-02       4.068227412027e+04 
       1.689737087345e-02       4.056276684642e+04 
       1.699946594690e-02       4.044200847024e+04 
       1.710163268879e-02       4.032011502289e+04 
       1.720387247834e-02       4.019705653727e+04 
       1.730618672941e-02       4.007293352543e+04 
       1.740857689126e-02       3.994772438250e+04 
       1.751104444935e-02       3.982145022137e+04 
       1.761359092622e-02       3.969416517537e+04 
       1.771621788228e-02       3.956587353491e+04 
       1.781892691677e-02       3.943663030447e+04 
       1.792171966864e-02       3.930644662724e+04 
       1.802459781749e-02       3.917530890754e+04 
       1.812756308460e-02       3.904335208351e+04 
       1.823061723387e-02       3.891048441138e+04 
       1.833376207294e-02       3.877680551010e+04 
       1.843699945421e-02       3.864233495124e+04 
       1.854033127596e-02       3.850703286234e+04 
       1.864375948354e-02       3.837104501141e+04 
       1.874728607052e-02       3.823423580551e+04 
       1.885091307993e-02       3.809674635702e+04 
       1.895464260553e-02       3.795857246108e+04 
       1.905847679309e-02       3.781977571428e+04 
       1.916241784181e-02       3.768033230742e+04 
       1.926646800562e-02       3.754024901317e+04 
       1.937062959473e-02       3.739949978040e+04 
       1.947490497703e-02       3.725832490962e+04 
       1.957929657969e-02       3.711652321280e+04 
       1.968380689075e-02       3.697422905090e+04 
       1.978843846073e-02       3.683139781100e+04 
       1.989319390439e-02       3.668811323320e+04 
       1.999807590245e-02       3.654430757613e+04 
       2.010308720343e-02       3.640013289509e+04 
       2.020823062557e-02       3.625548467124e+04 
       2.031350905871e-02       3.611042285486e+04 
       2.041892546640e-02       3.596510377688e+04 
       2.052448288792e-02       3.581931284442e+04 
       2.063018444051e-02       3.567317853117e+04 
       2.073603332157e-02       3.552677824786e+04 
       2.084203281100e-02       3.537998356691e+04 
       2.094818627365e-02       3.523294650747e+04 
       2.105449716174e-02       3.508569211470e+04 
       2.116096901752e-02       3.493814713510e+04 
       2.126760547593e-02       3.479038301328e+04 
       2.137441026739e-02       3.464239203868e+04 
       2.148138722068e-02       3.449413839654e+04 
       2.158854026595e-02       3.434581911815e+04 
       2.169587343784e-02       3.419725702832e+04 
       2.180339087868e-02       3.404864384962e+04 
       2.191109684188e-02       3.389983414042e+04 
       2.201899569540e-02       3.375085499502e+04 
       2.212709192539e-02       3.360186190647e+04 
       2.223539013991e-02       3.345275104352e+04 
       2.234389507290e-02       3.330352402232e+04 
       2.245261158821e-02       3.315427265408e+04 
       2.256154468385e-02       3.300500193033e+04 
       2.267069949639e-02       3.285570969214e+04 
       2.278008130557e-02       3.270630122097e+04 
       2.288969553903e-02       3.255689564836e+04 
       2.299954777733e-02       3.240763924444e+04 
       2.310964375908e-02       3.225822121244e+04 
       2.321998938642e-02       3.210895816084e+04 
       2.333059073056e-02       3.195968648351e+04 
       2.344145403772e-02       3.181049203255e+04 
       2.355258573524e-02       3.166129490407e+04 
       2.366399243796e-02       3.151241539182e+04 
       2.377568095491e-02       3.136339363832e+04 
       2.388765829629e-02       3.121452174037e+04 
       2.399993168077e-02       3.106584248050e+04 
       2.411250854307e-02       3.091719069176e+04 
       2.422539654196e-02       3.076872523826e+04 
       2.433860356859e-02       3.062034731940e+04 
       2.445213775520e-02       3.047217006326e+04 
       2.456600748427e-02       3.032415761762e+04 
       2.468022139806e-02       3.017627475371e+04 
       2.479478840868e-02       3.002855640572e+04 
       2.490971770854e-02       2.988106957303e+04 
       2.502501878140e-02       2.973377602027e+04 
       2.514070141396e-02       2.958668980290e+04 
       2.525677570795e-02       2.943980388452e+04 
       2.537325209291e-02       2.929304467525e+04 
       2.549014133959e-02       2.914657472403e+04 
       2.560745457402e-02       2.900038751053e+04 
       2.572520329234e-02       2.885433486299e+04 
       2.584339937636e-02       2.870858247366e+04 
       2.596205511003e-02       2.856309326864e+04 
       2.608118319667e-02       2.841783515392e+04 
       2.620079677725e-02       2.827278863325e+04 
       2.632090944957e-02       2.812806119037e+04 
       2.644153528857e-02       2.798365659305e+04 
       2.656268886774e-02       2.783934689135e+04 
       2.668438528172e-02       2.769547364371e+04 
       2.680664017026e-02       2.755181413125e+04 
       2.692946974346e-02       2.740839205987e+04 
       2.705289080857e-02       2.726536093612e+04 
       2.717692079836e-02       2.712251792426e+04 
       2.730157780110e-02       2.697990765856e+04 
       2.742688059249e-02       2.683767307252e+04 
       2.755284866939e-02       2.669577147964e+04 
       2.767950228580e-02       2.655415976546e+04 
       2.780686249094e-02       2.641277856830e+04 
       2.793495116984e-02       2.627170613564e+04 
       2.806379108652e-02       2.613102296917e+04 
       2.819340592993e-02       2.599051832269e+04 
       2.832382036298e-02       2.585036107224e+04 
       2.845506007482e-02       2.571056309133e+04 
       2.858715183659e-02       2.557100012128e+04 
       2.872012356109e-02       2.543174135301e+04 
       2.885400436650e-02       2.529283153848e+04 
       2.898882464463e-02       2.515419042570e+04 
       2.912461613400e-02       2.501575156680e+04 
       2.926141199827e-02       2.487772626170e+04 
       2.939924691029e-02       2.473992053721e+04 
       2.953815714251e-02       2.460237856530e+04 
       2.967818066417e-02       2.446515881532e+04 
       2.981935724591e-02       2.432825122440e+04 
       2.996172857251e-02       2.419152342747e+04 
       3.010533836449e-02       2.405511932389e+04 
       3.025023250948e-02       2.391900149458e+04 
       3.039645920424e-02       2.378310346050e+04 
       3.054406910836e-02       2.364743293145e+04 
       3.069311551090e-02       2.351203083294e+04 
       3.084365451118e-02       2.337692210565e+04 
       3.099574521522e-02       2.324206627383e+04 
       3.114944994949e-02       2.310731110632e+04 
       3.130483449372e-02       2.297284579846e+04 
       3.146196833501e-02       2.283858313216e+04 
       3.162092494534e-02       2.270447529095e+04 
       3.178178208528e-02       2.257060142111e+04 
       3.194462213687e-02       2.243688931780e+04 
       3.210953246892e-02       2.230336187454e+04 
       3.227660583871e-02       2.216992909691e+04 
       3.244594083441e-02       2.203663574704e+04 
       3.261764236309e-02       2.190351642507e+04 
       3.279182219027e-02       2.177041121892e+04 
       3.296859953727e-02       2.163752704047e+04 
       3.314810174411e-02       2.150467678050e+04 
       3.333046500643e-02       2.137188179936e+04 
       3.351583519656e-02       2.123913581411e+04 
       3.370436878034e-02       2.110626679431e+04 
       3.389623384307e-02       2.097357777758e+04 
       3.409161124033e-02       2.084080578304e+04 
       3.429069589206e-02       2.070795270734e+04 
       3.449369824139e-02       2.057501400236e+04 
       3.470084590345e-02       2.044204632772e+04 
       3.491238553415e-02       2.030887613127e+04 
       3.512858495416e-02       2.017553161390e+04 
       3.534973557020e-02       2.004194808535e+04 
       3.557615514375e-02       1.990816939952e+04 
       3.580819096709e-02       1.977404166674e+04 
       3.604622351893e-02       1.963975153678e+04 
       3.629067068657e-02       1.950491181979e+04 
       3.654199266004e-02       1.936971867246e+04 
       3.680069762652e-02       1.923403007068e+04 
       3.706734842189e-02       1.909774832877e+04 
       3.734257033169e-02       1.896091677345e+04 
       3.762706027869e-02       1.882331403850e+04 
       3.792159769073e-02       1.868489561648e+04 
       3.822705741365e-02       1.854562973344e+04 
       3.854442512508e-02       1.840535847274e+04 
       3.887481582005e-02       1.826401005515e+04 
       3.921949608648e-02       1.812127201287e+04 
       3.957991107594e-02       1.797715353343e+04 
       3.995771731366e-02       1.783138353937e+04 
       4.035482279308e-02       1.768374542126e+04 
       4.077343617828e-02       1.753392073500e+04 
       4.121612740155e-02       1.738164765199e+04 
       4.168590249572e-02       1.722642272015e+04 
       4.218629611761e-02       1.706784818976e+04 
       4.272148582388e-02       1.690519733749e+04 
       4.329643256117e-02       1.673771517475e+04 
       4.391705160614e-02       1.656428657407e+04 
       4.459041646705e-02       1.638357275821e+04 
       4.532499333879e-02       1.619376855435e+04 
       4.613089245166e-02       1.599241842382e+04 
       4.702009972076e-02       1.577613775835e+04 
       4.800660953209e-02       1.554042107641e+04 
       4.910630883079e-02       1.527917593806e+04 
       5.033636495449e-02       1.498433683602e+04 
       5.171378278752e-02       1.464566931914e+04 
       5.325284205583e-02       1.425123496370e+04 
       5.496152099951e-02       1.378906206077e+04 
       5.683788842739e-02       1.325024032508e+04 
       5.886835772928e-02       1.263322958579e+04 
       6.102945540303e-02       1.194734421399e+04 
       6.329275809478e-02       1.121324367274e+04 
       6.563052083129e-02       1.045977924067e+04 
       6.801949839710e-02       9.718612495786e+03 
       7.044223268557e-02       9.018873428271e+03 
       7.288656914948e-02       8.383351232860e+03 
       7.534446341015e-02       7.826664870215e+03 
       7.781076295305e-02       7.355078778005e+03 
       8.028223511982e-02       6.967433750306e+03 
       8.275687761060e-02       6.656560963549e+03 
       8.523345985971e-02       6.410949629441e+03 
       8.771122909211e-02       6.216208323168e+03 
       9.018972601190e-02       6.056590681896e+03 
       9.266867073694e-02       5.916310513892e+03 
       9.514789275968e-02       5.780863758368e+03 
       9.762728814393e-02       5.638229832965e+03 
       1.001067934404e-01       5.479844263950e+03 
       1.025863698170e-01       5.301155900659e+03 
       1.050659934133e-01       5.101673414325e+03 
       1.072483128768e-01       4.911280863330e+03 
       1.075456494802e-01       4.884472744554e+03 
       1.100253288204e-01       4.655299774136e+03 
       1.125050256261e-01       4.421483889394e+03 
       1.149847361641e-01       4.190829562913e+03 
       1.174644579777e-01       3.970649192264e+03 
       1.199441893991e-01       3.767026421437e+03 
       1.224239292534e-01       3.584306020215e+03 
       1.249036766771e-01       3.424853111415e+03 
       1.273834310070e-01       3.289080814036e+03 
       1.298631917117e-01       3.175670913130e+03 
       1.323429583493e-01       3.081938594089e+03 
       1.348227305406e-01       3.004231381387e+03 
       1.373025079523e-01       2.938345616697e+03 
       1.397822902859e-01       2.879922577368e+03 
       1.422620772710e-01       2.825526388635e+03 
       1.447418686597e-01       2.770339041350e+03 
       1.472216642236e-01       2.711435309194e+03 
       1.497014637511e-01       2.646995815655e+03 
       1.521812670453e-01       2.576349506717e+03 
       1.546610739227e-01       2.499867671303e+03 
       1.571408842118e-01       2.418723189455e+03 
       1.596206977520e-01       2.334651766485e+03 
       1.621005143928e-01       2.249697630199e+03 
       1.645803339929e-01       2.165986321935e+03 
       1.670601564194e-01       2.085507217602e+03 
       1.695399815474e-01       2.009908886289e+03 
       1.720198092592e-01       1.940381295195e+03 
       1.744996394438e-01       1.877598719680e+03 
       1.769794719966e-01       1.821722900097e+03 
       1.794593068187e-01       1.772503928661e+03 
       1.819391438167e-01       1.729324965830e+03 
       1.844189829023e-01       1.691234345132e+03 
       1.868988239918e-01       1.657055143899e+03 
       1.893786670059e-01       1.625479063976e+03 
       1.918585118696e-01       1.595238993573e+03 
       1.943383585115e-01       1.565250244066e+03 
       1.968182068642e-01       1.534700547850e+03 
       1.992980568633e-01       1.503051640705e+03 
       2.017779084477e-01       1.470028208474e+03 
       2.042577615594e-01       1.435587845601e+03 
       2.067376161430e-01       1.399924695742e+03 
       2.092174721460e-01       1.363468319491e+03 
       2.116973295181e-01       1.326820015226e+03 
       2.141771882116e-01       1.290639853916e+03 
       2.166570481808e-01       1.255519363438e+03 
       2.191369093821e-01       1.221907171742e+03 
       2.216167717739e-01       1.190127696675e+03 
       2.240966353166e-01       1.160390834945e+03 
       2.265764999721e-01       1.132843892576e+03 
       2.290563657041e-01       1.107511903977e+03 
       2.315362324778e-01       1.084253121503e+03 
       2.340161002599e-01       1.062773847280e+03 
       2.364959690185e-01       1.042663847858e+03 
       2.389758387232e-01       1.023554175890e+03 
       2.414557093445e-01       1.005142708661e+03 
       2.439355808544e-01       9.871998310380e+02 
       2.464154532259e-01       9.695037935998e+02 
       2.488953264331e-01       9.518050822608e+02 
       2.513752004513e-01       9.338878280521e+02 
       2.538550752564e-01       9.156401760747e+02 
       2.563349508256e-01       8.971334110988e+02 
       2.588148271368e-01       8.785628411572e+02 
       2.612947041688e-01       8.601386974408e+02 
       2.637745819011e-01       8.419832069919e+02 
       2.662544603141e-01       8.241433387799e+02 
       2.687343393888e-01       8.066832999255e+02 
       2.712142191071e-01       7.897697201069e+02 
       2.736940994513e-01       7.736479522405e+02 
       2.761739804045e-01       7.585098213265e+02 
       2.786538619503e-01       7.443622770315e+02 
       2.811337440731e-01       7.310146680569e+02 
       2.836136267577e-01       7.182235375179e+02 
       2.860935099892e-01       7.058608108896e+02 
       2.885733937537e-01       6.939866037443e+02 
       2.910532780374e-01       6.827452375256e+02 
       2.935331628271e-01       6.721685379092e+02 
       2.960130481100e-01       6.620620674984e+02 
       2.984929338738e-01       6.520767502298e+02 
       3.009728201065e-01       6.418971030980e+02 
       3.034527067967e-01       6.314233303258e+02 
       3.059325939331e-01       6.207760907816e+02 
       3.084124815049e-01       6.101435036398e+02 
       3.108923695016e-01       5.996230572383e+02 
       3.133722579133e-01       5.892347384628e+02 
       3.158521467299e-01       5.790193280653e+02 
       3.183320359421e-01       5.690085745514e+02 
       3.208119255406e-01       5.592400474599e+02 
       3.232918155165e-01       5.497403398496e+02 
       3.257717058611e-01       5.405276840915e+02 
       3.282515965661e-01       5.316175314576e+02 
       3.307314876233e-01       5.230069164124e+02 
       3.332113790249e-01       5.146917444346e+02 
       3.356912707631e-01       5.066536845231e+02 
       3.381711628305e-01       4.988724606712e+02 
       3.406510552200e-01       4.913196153134e+02 
       3.431309479245e-01       4.839670046710e+02 
       3.456108409372e-01       4.767833015112e+02 
       3.480907342514e-01       4.697428245444e+02 
       3.505706278609e-01       4.628199106423e+02 
       3.530505217593e-01       4.559955519943e+02 
       3.555304159405e-01       4.492592294336e+02 
       3.580103103987e-01       4.426030858279e+02 
       3.604902051281e-01       4.360281814284e+02 
       3.629701001232e-01       4.295409859781e+02 
       3.654499953785e-01       4.231504897235e+02 
       3.679298908888e-01       4.168671838552e+02 
       3.704097866489e-01       4.107073729432e+02 
       3.728896826537e-01       4.046784952644e+02 
       3.753695788986e-01       3.987916239898e+02 
       3.778494753786e-01       3.930503627719e+02 
       3.803293720892e-01       3.874565248133e+02 
       3.828092690259e-01       3.820092444105e+02 
       3.852891661843e-01       3.767003888242e+02 
       3.877690635601e-01       3.715218370192e+02 
       3.902489611492e-01       3.664635098950e+02 
       3.927288589476e-01       3.615131577974e+02 
       3.952087569512e-01       3.566609549936e+02 
       3.976886551563e-01       3.518946171576e+02 
       4.001685535590e-01       3.472083850123e+02 
       4.026484521557e-01       3.425942152971e+02 
       4.051283509429e-01       3.380496424490e+02 
       4.076082499170e-01       3.335732220179e+02 
       4.100881490747e-01       3.291645821456e+02 
       4.125680484126e-01       3.248240181213e+02 
       4.150479479275e-01       3.205541658578e+02 
       4.175278476162e-01       3.163564530546e+02 
       4.200077474756e-01       3.122337942581e+02 
       4.224876475028e-01       3.081867971334e+02 
       4.249675476947e-01       3.042162838521e+02 
       4.274474480485e-01       3.003214038162e+02 
       4.299273485614e-01       2.965048772650e+02 
       4.324072492307e-01       2.927617229892e+02 
       4.348871500536e-01       2.890922140688e+02 
       4.373670510276e-01       2.854933366017e+02 
       4.398469521501e-01       2.819623997594e+02 
       4.423268534185e-01       2.784963384967e+02 
       4.448067548304e-01       2.750924738227e+02 
       4.472866563835e-01       2.717469188271e+02 
       4.497665580754e-01       2.684581314260e+02 
       4.522464599037e-01       2.652218967689e+02 
       4.547263618664e-01       2.620400983648e+02 
       4.572062639611e-01       2.589067590312e+02 
       4.596861661857e-01       2.558218222480e+02 
       4.621660685382e-01       2.527844752960e+02 
       4.646459710164e-01       2.497948546270e+02 
       4.671258736185e-01       2.468517568922e+02 
       4.696057763423e-01       2.439551341082e+02 
       4.720856791860e-01       2.411047652053e+02 
       4.745655821477e-01       2.383020941539e+02 
       4.770454852255e-01       2.355447444614e+02 
       4.795253884177e-01       2.328326602253e+02 
       4.820052917225e-01       2.301655275171e+02 
       4.844851951381e-01       2.275424249011e+02 
       4.869650986629e-01       2.249626508237e+02 
       4.894450022951e-01       2.224254642211e+02 
       4.919249060332e-01       2.199289569237e+02 
       4.944048098755e-01       2.174733175559e+02 
       4.968847138206e-01       2.150567457034e+02 
       4.993646178668e-01       2.126779046029e+02 
       5.018445220126e-01       2.103359734223e+02 
       5.043244262566e-01       2.080307320291e+02 
       5.068043305974e-01       2.057601186862e+02 
       5.092842350335e-01       2.035226595323e+02 
       5.117641395635e-01       2.013206106328e+02 
       5.142440441861e-01       1.991498215215e+02 
       5.167239488999e-01       1.970105551577e+02 
       5.192038537036e-01       1.949029610484e+02 
       5.216837585959e-01       1.928252638914e+02 
       5.241636635757e-01       1.907784609489e+02 
       5.266435686415e-01       1.887611046757e+02 
       5.291234737923e-01       1.867730134682e+02 
       5.316033790269e-01       1.848136120234e+02 
       5.340832843439e-01       1.828846917119e+02 
       5.365631897424e-01       1.809840537233e+02 
       5.390430952212e-01       1.791110285899e+02 
       5.415230007792e-01       1.772661868085e+02 
       5.440029064153e-01       1.754479082140e+02 
       5.464828121284e-01       1.736573099382e+02 
       5.489627179175e-01       1.718920105729e+02 
       5.514426237815e-01       1.701525274297e+02 
       5.539225297195e-01       1.684374077108e+02 
       5.564024357305e-01       1.667467222852e+02 
       5.588823418134e-01       1.650792687315e+02 
       5.613622479674e-01       1.634342698590e+02 
       5.638421541915e-01       1.618132629088e+02 
       5.663220604847e-01       1.602130876245e+02 
       5.688019668462e-01       1.586344014974e+02 
       5.712818732750e-01       1.570773280113e+02 
       5.737617797704e-01       1.555414826816e+02 
       5.762416863314e-01       1.540267657388e+02 
       5.787215929571e-01       1.525316029345e+02 
       5.812014996469e-01       1.510576792652e+02 
       5.836814063998e-01       1.496036965469e+02 
       5.861613132150e-01       1.481689544037e+02 
       5.886412200917e-01       1.467541961434e+02 
       5.911211270292e-01       1.453585913747e+02 
       5.936010340268e-01       1.439815371271e+02 
       5.960809410836e-01       1.426232557571e+02 
       5.985608481989e-01       1.412828687489e+02 
       6.010407553720e-01       1.399600939963e+02 
       6.035206626022e-01       1.386542785673e+02 
       6.060005698888e-01       1.373651564668e+02 
       6.084804772310e-01       1.360919772487e+02 
       6.109603846283e-01       1.348366861402e+02 
       6.134402920799e-01       1.335962541352e+02 
       6.159201995852e-01       1.323716132365e+02 
       6.184001071435e-01       1.311627674308e+02 
       6.208800147542e-01       1.299692665422e+02 
       6.233599224167e-01       1.287904534375e+02 
       6.258398301303e-01       1.276276472835e+02 
       6.283197378945e-01       1.264788146750e+02 
       6.307996457086e-01       1.253442365146e+02 
       6.332795535721e-01       1.242249486891e+02 
       6.357594614844e-01       1.231186818969e+02 
       6.382393694449e-01       1.220273680363e+02 
       6.407192774530e-01       1.209484117072e+02 
       6.431991855083e-01       1.198834945752e+02 
       6.456790936101e-01       1.188314923070e+02 
       6.481590017579e-01       1.177916123753e+02 
       6.506389099512e-01       1.167652435488e+02 
       6.531188181895e-01       1.157508411281e+02 
       6.555987264723e-01       1.147486964689e+02 
       6.580786347990e-01       1.137582274496e+02 
       6.605585431692e-01       1.127795331823e+02 
       6.630384515823e-01       1.118134004704e+02 
       6.655183600380e-01       1.108579746324e+02 
       6.679982685357e-01       1.099145003635e+02 
       6.704781770749e-01       1.089820820971e+02 
       6.729580856552e-01       1.080609877744e+02 
       6.754379942762e-01       1.071506749919e+02 
       6.779179029373e-01       1.062508861242e+02 
       6.803978116382e-01       1.053619187546e+02 
       6.828777203784e-01       1.044836564244e+02 
       6.853576291575e-01       1.036151979247e+02 
       6.878375379751e-01       1.027560997581e+02 
       6.903174468307e-01       1.019079075305e+02 
       6.927973557240e-01       1.010688287182e+02 
       6.952772646545e-01       1.002388818236e+02 
       6.977571736219e-01       9.941956199910e+01 
       7.002370826257e-01       9.860817213400e+01 
       7.027169916656e-01       9.780701021846e+01 
       7.051969007411e-01       9.701462040158e+01 
       7.076768098520e-01       9.623090373788e+01 
       7.101567189978e-01       9.545657394577e+01 
       7.126366281782e-01       9.469125611292e+01 
       7.151165373927e-01       9.393453765966e+01 
       7.175964466412e-01       9.318559385573e+01 
       7.200763559231e-01       9.244514215703e+01 
       7.225562652382e-01       9.171364613954e+01 
       7.250361745862e-01       9.098926516181e+01 
       7.275160839666e-01       9.027397056335e+01 
       7.299959933791e-01       8.956500020917e+01 
       7.324759028235e-01       8.886485513822e+01 
       7.349558122994e-01       8.817208032228e+01 
       7.374357218065e-01       8.748658635583e+01 
       7.399156313444e-01       8.680830468044e+01 
       7.423955409129e-01       8.613692503738e+01 
       7.448754505116e-01       8.547360650165e+01 
       7.473553601403e-01       8.481744214842e+01 
       7.498352697987e-01       8.416809570517e+01 
       7.523151794864e-01       8.352552405683e+01 
       7.547950892032e-01       8.289022432364e+01 
       7.572749989488e-01       8.226141072246e+01 
       7.597549087228e-01       8.163947501679e+01 
       7.622348185251e-01       8.102449156990e+01 
       7.647147283554e-01       8.041528299305e+01 
       7.671946382133e-01       7.981283525536e+01 
       7.696745480986e-01       7.921628039419e+01 
       7.721544580111e-01       7.862643658888e+01 
       7.746343679505e-01       7.804231592334e+01 
       7.771142779165e-01       7.746432131505e+01 
       7.795941879088e-01       7.689237070237e+01 
       7.820740979273e-01       7.632580137553e+01 
       7.845540079716e-01       7.576535629290e+01 
       7.870339180416e-01       7.521063620759e+01 
       7.895138281370e-01       7.466169284232e+01 
       7.919937382575e-01       7.411819454012e+01 
       7.944736484029e-01       7.358040170315e+01 
       7.969535585730e-01       7.304806719965e+01 
       7.994334687675e-01       7.252083183006e+01 
       8.019133789863e-01       7.199932207275e+01 
       8.043932892291e-01       7.148312830553e+01 
       8.068731994956e-01       7.097167097334e+01 
       8.093531097857e-01       7.046543238941e+01 
       8.118330200991e-01       6.996450855315e+01 
       8.143129304357e-01       6.946807223741e+01 
       8.167928407951e-01       6.897659883302e+01 
       8.192727511773e-01       6.848973909777e+01 
       8.217526615820e-01       6.800808617802e+01 
       8.242325720090e-01       6.753055178773e+01 
       8.267124824580e-01       6.705825263726e+01 
       8.291923929290e-01       6.659040209566e+01 
       8.316723034217e-01       6.612701096260e+01 
       8.341522139358e-01       6.566803852097e+01 
       8.366321244713e-01       6.521373018575e+01 
       8.391120350279e-01       6.476369961470e+01 
       8.415919456055e-01       6.431810869006e+01 
       8.440718562038e-01       6.387666319101e+01 
       8.465517668227e-01       6.343961644630e+01 
       8.490316774620e-01       6.300645966952e+01 
       8.515115881215e-01       6.257759710853e+01 
       8.539914988010e-01       6.215296936616e+01 
       8.564714095004e-01       6.173199890482e+01 
       8.589513202195e-01       6.131508713454e+01 
       8.614312309581e-01       6.090189377873e+01 
       8.639111417160e-01       6.049296301826e+01 
       8.663910524931e-01       6.008733492867e+01 
       8.688709632893e-01       5.968604900296e+01 
       8.713508741043e-01       5.928809254287e+01 
       8.738307849380e-01       5.889410323992e+01 
       8.763106957903e-01       5.850320865279e+01 
       8.787906066609e-01       5.811678665782e+01 
       8.812705175498e-01       5.773353878686e+01 
       8.837504284567e-01       5.735376104368e+01 
       8.862303393815e-01       5.697749137116e+01 
       8.887102503242e-01       5.660463020790e+01 
       8.911901612844e-01       5.623546071381e+01 
       8.936700722621e-01       5.586960871792e+01 
       8.961499832572e-01       5.550643158730e+01 
       8.986298942694e-01       5.514706724743e+01 
       9.011098052987e-01       5.479080309229e+01 
       9.035897163449e-01       5.443740245477e+01 
       9.060696274078e-01       5.408753369818e+01 
       9.085495384874e-01       5.374101647110e+01 
       9.110294495834e-01       5.339703950611e+01 
       9.135093606958e-01       5.305660468304e+01 
       9.159892718245e-01       5.271865933146e+01 
       9.184691829692e-01       5.238418136271e+01 
       9.209490941299e-01       5.205283743146e+01 
       9.234290053064e-01       5.172403812683e+01 
       9.259089164987e-01       5.139837476333e+01 
       9.283888277065e-01       5.107545237594e+01 
       9.308687389297e-01       5.075529876585e+01 
       9.333486501683e-01       5.043786468842e+01 
       9.358285614221e-01       5.012324348241e+01 
       9.383084726910e-01       4.981152897218e+01 
       9.407883839749e-01       4.950239417821e+01 
       9.432682952736e-01       4.919585380973e+01 
       9.457482065870e-01       4.889193183948e+01 
       9.482281179151e-01       4.859063429320e+01 
       9.507080292577e-01       4.829200380798e+01 
       9.531879406146e-01       4.799604108631e+01 
       9.556678519859e-01       4.770222005687e+01 
       9.581477633713e-01       4.741143316670e+01 
       9.606276747707e-01       4.712281645224e+01 
       9.631075861841e-01       4.683695083999e+01 
       9.655874976114e-01       4.655315146333e+01 
       9.680674090524e-01       4.627183628980e+01 
       9.705473205070e-01       4.599280073757e+01 
       9.730272319751e-01       4.571587795691e+01 
       9.755071434567e-01       4.544209955379e+01 
       9.779870549515e-01       4.517000212502e+01 
       9.804669664596e-01       4.490013075903e+01 
       9.829468779808e-01       4.463272335397e+01 
       9.854267895151e-01       4.436752790245e+01 
       9.879067010622e-01       4.410434663679e+01 
       9.903866126222e-01       4.384308385806e+01 
       9.928665241949e-01       4.358445595996e+01 
       9.953464357802e-01       4.332767378347e+01 
       9.978263473781e-01       4.307301414242e+01 
       1.000306258988e+00       4.282058819539e+01 
       1.002786170611e+00       4.257011616133e+01 
       1.005266082246e+00       4.232175829518e+01 
       1.007745993893e+00       4.207531277615e+01 
       1.010225905552e+00       4.183137131421e+01 
       1.012705817223e+00       4.158881230899e+01 
       1.015185728906e+00       4.134815529169e+01 
       1.017665640601e+00       4.110986104249e+01 
       1.020145552308e+00       4.087304983123e+01 
       1.022625464026e+00       4.063853068805e+01 
       1.025105375756e+00       4.040560739298e+01 
       1.027585287497e+00       4.017459422330e+01 
       1.030065199250e+00       3.994529505249e+01 
       1.032545111014e+00       3.971790988720e+01 
       1.035025022789e+00       3.949242847009e+01 
       1.037504934576e+00       3.926856873721e+01 
       1.039984846373e+00       3.904664354697e+01 
       1.042464758181e+00       3.882625892321e+01 
       1.044944670001e+00       3.860782984156e+01 
       1.047424581831e+00       3.839115164876e+01 
       1.049904493672e+00       3.817570180690e+01 
       1.052384405524e+00       3.796256141817e+01 
       1.054864317386e+00       3.775056602596e+01 
       1.057344229259e+00       3.754031602133e+01 
       1.059824141142e+00       3.733207989497e+01 
       1.062304053035e+00       3.712523611241e+01 
       1.064783964939e+00       3.691971781461e+01 
       1.067263876853e+00       3.671603219556e+01 
       1.069743788778e+00       3.651363622363e+01 
       1.072223700712e+00       3.631309493196e+01 
       1.072483128768e+00       3.629210214126e+01 
       1.074703612656e+00       3.611407619307e+01 
       1.077183524611e+00       3.591633574477e+01 
       1.079663436575e+00       3.572022253788e+01 
       1.082143348549e+00       3.552544977110e+01 
       1.084623260533e+00       3.533235758207e+01 
       1.087103172527e+00       3.514084014943e+01 
       1.089583084530e+00       3.495066687871e+01 
       1.092062996542e+00       3.476169413434e+01 
       1.094542908565e+00       3.457426600907e+01 
       1.097022820596e+00       3.438854346611e+01 
       1.099502732637e+00       3.420382537932e+01 
       1.101982644688e+00       3.402070409599e+01 
       1.104462556747e+00       3.383908996345e+01 
       1.106942468816e+00       3.365831846207e+01 
       1.109422380894e+00       3.347889361479e+01 
       1.111902292980e+00       3.330115172145e+01 
       1.114382205076e+00       3.312475549885e+01 
       1.116862117181e+00       3.294940743849e+01 
       1.119342029295e+00       3.277556800957e+01 
       1.121821941417e+00       3.260293526920e+01 
       1.124301853548e+00       3.243150793469e+01 
       1.126781765688e+00       3.226159047534e+01 
       1.129261677837e+00       3.209262147894e+01 
       1.131741589994e+00       3.192523726881e+01 
       1.134221502160e+00       3.175857542114e+01 
       1.136701414334e+00       3.159338326547e+01 
       1.139181326516e+00       3.142969889331e+01 
       1.141661238707e+00       3.126672745401e+01 
       1.144141150906e+00       3.110491520087e+01 
       1.146621063114e+00       3.094413842071e+01 
       1.149100975329e+00       3.078500779978e+01 
       1.151580887553e+00       3.062695882515e+01 
       1.154060799785e+00       3.046969243521e+01 
       1.156540712025e+00       3.031345971710e+01 
       1.159020624273e+00       3.015912955395e+01 
       1.161500536529e+00       3.000506369349e+01 
       1.461983882731e+00       1.724005343323e+01 
       1.840526687459e+00       9.830571452829e+00 
       2.317085815452e+00       5.568364062094e+00 
       2.917038214380e+00       3.134707591343e+00 
       3.672333535257e+00       1.754707079708e+00 
       4.623194008119e+00       9.770033632625e-01 
       5.820256420476e+00       5.412774101501e-01 
       7.327268710895e+00       2.984503474102e-01 
       9.224484779190e+00       1.638691664597e-01 
       1.161293829923e+01       8.959349337503e-02 
       1.461982313050e+01       4.878009324857e-02 
       1.840526685492e+01       2.646311866671e-02 
       2.317085815451e+01       1.430295574881e-02 
