# Matter power spectrum P(k) at redshift z=0
# for k=9.0192e-06 to 20.5861 h/Mpc,
# number of wavenumbers equal to 855
#    1:k (h/Mpc)              2:P (Mpc/h)^3        
       9.019201454174e-06       7.364119679521e+01 
       2.013437232318e-05       1.597261875774e+02 
       3.127867019624e-05       2.442388723632e+02 
       4.247440903451e-05       3.280300776608e+02 
       5.374417827534e-05       4.115601377006e+02 
       6.511099296095e-05       4.951586310773e+02 
       7.659844748270e-05       5.790965293444e+02 
       8.823087449441e-05       6.636151647307e+02 
       1.000335105604e-04       7.489405875578e+02 
       1.120326701213e-04       8.352918175960e+02 
       1.242559293744e-04       9.228861836857e+02 
       1.367323216761e-04       1.011943169355e+03 
       1.494925460608e-04       1.102687396535e+03 
       1.625691904350e-04       1.195351166447e+03 
       1.759969709228e-04       1.290176711454e+03 
       1.898129886899e-04       1.387418318902e+03 
       2.040570053356e-04       1.487344358184e+03 
       2.187717375774e-04       1.590239300078e+03 
       2.340031714211e-04       1.696405714746e+03 
       2.498008952548e-04       1.806166284246e+03 
       2.662184502690e-04       1.919865789937e+03 
       2.833136952002e-04       2.037873092655e+03 
       3.011491805457e-04       2.160583027317e+03 
       3.197925249974e-04       2.288418180345e+03 
       3.393167837950e-04       2.421830451963e+03 
       3.598007949172e-04       2.561302309699e+03 
       3.813294844476e-04       2.707347582612e+03 
       4.039941070762e-04       2.860511630927e+03 
       4.278923916126e-04       3.021370666176e+03 
       4.531285548632e-04       3.190530047171e+03 
       4.798131407256e-04       3.368621097803e+03 
       5.080626356595e-04       3.556296400462e+03 
       5.379988079316e-04       3.754223010432e+03 
       5.697477177126e-04       3.963073470871e+03 
       6.034383500518e-04       4.183514299182e+03 
       6.392008349528e-04       4.416191885439e+03 
       6.771642399587e-04       4.661715844959e+03 
       7.174539518240e-04       4.920640053390e+03 
       7.601887045194e-04       5.193441985949e+03 
       8.054773583407e-04       5.480501320130e+03 
       8.534155840436e-04       5.782078751662e+03 
       9.040826490048e-04       6.098296863423e+03 
       9.575385302735e-04       6.429124275908e+03 
       1.013821583378e-03       6.774365133798e+03 
       1.072946970199e-03       7.133654311566e+03 
       1.134905993731e-03       7.506460747902e+03 
       1.199666408215e-03       7.892096223236e+03 
       1.237685953032e-03       8.116587059016e+03 
       1.267173681764e-03       8.289732593993e+03 
       1.337353100265e-03       8.698422919539e+03 
       1.410112530429e-03       9.117126489480e+03 
       1.485345616560e-03       9.544735725328e+03 
       1.562935173802e-03       9.980102767129e+03 
       1.642756557639e-03       1.042206500454e+04 
       1.724680827698e-03       1.086946775469e+04 
       1.808577573914e-03       1.132118399135e+04 
       1.894317325288e-03       1.177613029685e+04 
       1.981773508839e-03       1.223327903696e+04 
       2.070823964317e-03       1.269166587101e+04 
       2.161352047312e-03       1.315039566574e+04 
       2.253247369975e-03       1.360864451247e+04 
       2.346406236227e-03       1.406565957793e+04 
       2.440731829417e-03       1.452075843423e+04 
       2.536134206954e-03       1.497332578575e+04 
       2.632530150392e-03       1.542281073053e+04 
       2.729842912233e-03       1.586872239084e+04 
       2.828001893341e-03       1.631062380364e+04 
       2.926942277899e-03       1.674813172820e+04 
       3.026604646696e-03       1.718090784617e+04 
       3.126934584318e-03       1.760865912910e+04 
       3.227882291507e-03       1.803112976552e+04 
       3.329402210537e-03       1.844809927721e+04 
       3.431452668786e-03       1.885938194070e+04 
       3.533995543625e-03       1.926481724662e+04 
       3.636995950267e-03       1.966427428748e+04 
       3.740421953082e-03       2.005764157464e+04 
       3.844244300126e-03       2.044483159920e+04 
       3.948436180119e-03       2.082577481110e+04 
       4.052973000729e-03       2.120041577771e+04 
       4.157832186856e-03       2.156871559745e+04 
       4.262992997494e-03       2.193064905554e+04 
       4.368436359704e-03       2.228619769676e+04 
       4.474144718296e-03       2.263536029972e+04 
       4.580101899811e-03       2.297813712540e+04 
       4.686292989519e-03       2.331454278902e+04 
       4.792704220213e-03       2.364459667672e+04 
       4.899322871658e-03       2.396832435925e+04 
       5.006137179679e-03       2.428575742268e+04 
       5.113136253919e-03       2.459693123345e+04 
       5.220310003429e-03       2.490188795082e+04 
       5.327649069297e-03       2.520067075229e+04 
       5.435144763619e-03       2.549332871034e+04 
       5.542789014175e-03       2.577991107684e+04 
       5.650574314243e-03       2.606047370974e+04 
       5.758493677037e-03       2.633506728795e+04 
       5.866540594312e-03       2.660375195541e+04 
       5.974708998718e-03       2.686658612156e+04 
       6.082993229540e-03       2.712362504140e+04 
       6.191388001486e-03       2.737493652846e+04 
       6.299888376236e-03       2.762057034434e+04 
       6.408489736469e-03       2.786059636075e+04 
       6.517187762150e-03       2.809508147260e+04 
       6.625978408838e-03       2.832408050451e+04 
       6.734857887851e-03       2.854765970696e+04 
       6.843822648090e-03       2.876588040627e+04 
       6.952869359376e-03       2.897880640062e+04 
       7.061994897172e-03       2.918650892249e+04 
       7.171196328541e-03       2.938904021188e+04 
       7.280470899244e-03       2.958647345406e+04 
       7.389816021878e-03       2.977885863517e+04 
       7.499229264944e-03       2.996627123226e+04 
       7.608708342784e-03       3.014876746067e+04 
       7.718251106291e-03       3.032641126994e+04 
       7.827855534349e-03       3.049926508178e+04 
       7.937519725913e-03       3.066738358871e+04 
       8.047241892697e-03       3.083083255761e+04 
       8.157020352409e-03       3.098967270171e+04 
       8.266853522487e-03       3.114395082767e+04 
       8.376739914299e-03       3.129373885259e+04 
       8.486678127766e-03       3.143909560938e+04 
       8.596666846377e-03       3.158007406524e+04 
       8.706704832558e-03       3.171672967693e+04 
       8.816790923377e-03       3.184912413030e+04 
       8.926924026550e-03       3.197731237264e+04 
       9.037103116728e-03       3.210134345687e+04 
       9.147327232045e-03       3.222128207618e+04 
       9.257595470906e-03       3.233717571604e+04 
       9.367906988995e-03       3.244908182998e+04 
       9.478260996488e-03       3.255705207326e+04 
       9.588656755457e-03       3.266112569859e+04 
       9.699093577455e-03       3.276138826438e+04 
       9.809570821253e-03       3.285785708208e+04 
       9.920087890742e-03       3.295059558001e+04 
       1.003064423297e-02       3.303965190748e+04 
       1.014123933630e-02       3.312507652559e+04 
       1.025187272874e-02       3.320692672945e+04 
       1.036254397627e-02       3.328523880851e+04 
       1.047325268145e-02       3.336005973041e+04 
       1.058399848198e-02       3.343145664348e+04 
       1.069478104937e-02       3.349945499577e+04 
       1.080560008783e-02       3.356411043267e+04 
       1.091645533304e-02       3.362548328059e+04 
       1.102734655117e-02       3.368359309716e+04 
       1.113827353786e-02       3.373849488255e+04 
       1.124923611732e-02       3.379023220552e+04 
       1.136023414150e-02       3.383884735543e+04 
       1.147126748927e-02       3.388438620414e+04 
       1.158233606570e-02       3.392688755063e+04 
       1.169343980138e-02       3.396639550430e+04 
       1.180457865178e-02       3.400296026537e+04 
       1.191575259669e-02       3.403662367632e+04 
       1.202696163964e-02       3.406740684238e+04 
       1.213820580743e-02       3.409536854827e+04 
       1.224948514968e-02       3.412053858802e+04 
       1.236079973837e-02       3.414296830197e+04 
       1.237685953032e-02       3.414597644473e+04 
       1.247214966748e-02       3.416268928467e+04 
       1.258353505266e-02       3.417975129551e+04 
       1.269495603087e-02       3.419417280156e+04 
       1.280641276012e-02       3.420601227237e+04 
       1.291790541920e-02       3.421529008715e+04 
       1.302943420746e-02       3.422206185731e+04 
       1.314099934461e-02       3.422635600985e+04 
       1.325260107051e-02       3.422819851405e+04 
       1.336423964509e-02       3.422763826945e+04 
       1.347591534813e-02       3.422471024897e+04 
       1.358762847924e-02       3.421944856082e+04 
       1.369937935772e-02       3.421188334414e+04 
       1.381116832253e-02       3.420206577331e+04 
       1.392299573225e-02       3.419000321785e+04 
       1.403486196504e-02       3.417574927995e+04 
       1.414676741865e-02       3.415933231509e+04 
       1.425871251047e-02       3.414082124298e+04 
       1.437069767751e-02       3.412017224474e+04 
       1.448272337650e-02       3.409747088573e+04 
       1.459479008397e-02       3.407274842291e+04 
       1.470689829629e-02       3.404602459627e+04 
       1.481904852984e-02       3.401732370318e+04 
       1.493124132110e-02       3.398671632703e+04 
       1.504347722680e-02       3.395418674481e+04 
       1.515575682410e-02       3.391981105318e+04 
       1.526808071071e-02       3.388358202578e+04 
       1.538044950514e-02       3.384554482871e+04 
       1.549286384690e-02       3.380572026242e+04 
       1.560532439667e-02       3.376414247759e+04 
       1.571783183662e-02       3.372084069624e+04 
       1.583038687058e-02       3.367587562678e+04 
       1.594299022439e-02       3.362922426937e+04 
       1.605564264613e-02       3.358098503349e+04 
       1.616834490645e-02       3.353109329262e+04 
       1.628109779887e-02       3.347962477440e+04 
       1.639390214014e-02       3.342661253992e+04 
       1.650675877056e-02       3.337211799019e+04 
       1.661966855437e-02       3.331609101826e+04 
       1.673263238013e-02       3.325861560645e+04 
       1.684565116109e-02       3.319971099270e+04 
       1.695872583566e-02       3.313940593364e+04 
       1.707185736779e-02       3.307768123900e+04 
       1.718504674747e-02       3.301461782327e+04 
       1.729829499114e-02       3.295016329786e+04 
       1.741160314223e-02       3.288449363550e+04 
       1.752497227163e-02       3.281749358838e+04 
       1.763840347825e-02       3.274925781882e+04 
       1.775189788949e-02       3.267976630759e+04 
       1.786545666187e-02       3.260906541232e+04 
       1.797908098160e-02       3.253719969569e+04 
       1.809277206515e-02       3.246419188579e+04 
       1.820653115987e-02       3.238998392852e+04 
       1.832035954466e-02       3.231471427570e+04 
       1.843425853064e-02       3.223836538325e+04 
       1.854822946178e-02       3.216098187257e+04 
       1.866227371567e-02       3.208249839926e+04 
       1.877639270420e-02       3.200298110640e+04 
       1.889058787436e-02       3.192257838059e+04 
       1.900486070897e-02       3.184105456226e+04 
       1.911921272753e-02       3.175868675236e+04 
       1.923364548703e-02       3.167530127581e+04 
       1.934816058281e-02       3.159106153657e+04 
       1.946275964942e-02       3.150596143510e+04 
       1.957744436158e-02       3.141997002884e+04 
       1.969221643508e-02       3.133317067275e+04 
       1.980707762778e-02       3.124549559985e+04 
       1.992202974060e-02       3.115698772860e+04 
       2.003707461854e-02       3.106778311904e+04 
       2.015221415178e-02       3.097776320426e+04 
       2.026745027677e-02       3.088703707876e+04 
       2.038278497735e-02       3.079550741394e+04 
       2.049822028594e-02       3.070336290021e+04 
       2.061375828477e-02       3.061046617747e+04 
       2.072940110709e-02       3.051690665151e+04 
       2.084515093849e-02       3.042276021007e+04 
       2.096101001822e-02       3.032797593962e+04 
       2.107698064060e-02       3.023254205609e+04 
       2.119306515638e-02       3.013655285306e+04 
       2.130926597426e-02       3.003991539171e+04 
       2.142558556241e-02       2.994275946459e+04 
       2.154202644997e-02       2.984514316512e+04 
       2.165859122876e-02       2.974690844308e+04 
       2.177528255490e-02       2.964820738730e+04 
       2.189210315054e-02       2.954901118714e+04 
       2.200905580565e-02       2.944932998880e+04 
       2.212614337989e-02       2.934916523030e+04 
       2.224336880449e-02       2.924864094385e+04 
       2.236073508425e-02       2.914762367963e+04 
       2.247824529957e-02       2.904624212289e+04 
       2.259590260856e-02       2.894441319661e+04 
       2.271371024925e-02       2.884221655603e+04 
       2.283167154183e-02       2.873964017944e+04 
       2.294978989100e-02       2.863679643856e+04 
       2.306806878841e-02       2.853354057907e+04 
       2.318651181515e-02       2.843006146067e+04 
       2.330512264439e-02       2.832614398291e+04 
       2.342390504404e-02       2.822206108576e+04 
       2.354286287957e-02       2.811758088994e+04 
       2.366200011688e-02       2.801292550856e+04 
       2.378132082533e-02       2.790790458646e+04 
       2.390082918088e-02       2.780277947611e+04 
       2.402052946923e-02       2.769730295495e+04 
       2.414042608930e-02       2.759170771648e+04 
       2.426052355659e-02       2.748593041353e+04 
       2.438082650687e-02       2.737991833351e+04 
       2.450133969992e-02       2.727368753352e+04 
       2.462206802339e-02       2.716724244155e+04 
       2.474301649691e-02       2.706077853454e+04 
       2.486419027623e-02       2.695409193050e+04 
       2.498559465764e-02       2.684735999631e+04 
       2.510723508253e-02       2.674042286428e+04 
       2.522911714207e-02       2.663340509323e+04 
       2.535124658217e-02       2.652629836558e+04 
       2.547362930863e-02       2.641904448240e+04 
       2.559627139240e-02       2.631174025001e+04 
       2.571917907523e-02       2.620440320545e+04 
       2.584235877539e-02       2.609694714536e+04 
       2.596581709374e-02       2.598948120433e+04 
       2.608956082001e-02       2.588188397104e+04 
       2.621359693938e-02       2.577437228727e+04 
       2.633793263930e-02       2.566685606553e+04 
       2.646257531666e-02       2.555918883636e+04 
       2.658753258525e-02       2.545161651090e+04 
       2.671281228353e-02       2.534404035323e+04 
       2.683842248280e-02       2.523645950570e+04 
       2.696437149571e-02       2.512882110788e+04 
       2.709066788513e-02       2.502125455026e+04 
       2.721732047350e-02       2.491375845505e+04 
       2.734433835256e-02       2.480622143255e+04 
       2.747173089352e-02       2.469874600220e+04 
       2.759950775781e-02       2.459143703610e+04 
       2.772767890822e-02       2.448407158064e+04 
       2.785625462066e-02       2.437683800032e+04 
       2.798524549648e-02       2.426969936311e+04 
       2.811466247535e-02       2.416253381453e+04 
       2.824451684888e-02       2.405560635330e+04 
       2.837482027479e-02       2.394857759234e+04 
       2.850558479194e-02       2.384168400404e+04 
       2.863682283602e-02       2.373491962513e+04 
       2.876854725609e-02       2.362829839796e+04 
       2.890077133202e-02       2.352178339245e+04 
       2.903350879283e-02       2.341531535812e+04 
       2.916677383594e-02       2.330898871803e+04 
       2.930058114758e-02       2.320279793686e+04 
       2.943494592425e-02       2.309673571540e+04 
       2.956988389536e-02       2.299082390941e+04 
       2.970541134711e-02       2.288495767819e+04 
       2.984154514783e-02       2.277928468030e+04 
       2.997830277459e-02       2.267376168698e+04 
       3.011570234153e-02       2.256836498232e+04 
       3.025376262967e-02       2.246305910154e+04 
       3.039250311863e-02       2.235790488831e+04 
       3.053194402011e-02       2.225294158481e+04 
       3.067210631353e-02       2.214811170249e+04 
       3.081301178370e-02       2.204346611348e+04 
       3.095468306095e-02       2.193886601234e+04 
       3.109714366369e-02       2.183456885607e+04 
       3.124041804370e-02       2.173028311111e+04 
       3.138453163433e-02       2.162623182868e+04 
       3.152951090180e-02       2.152229594994e+04 
       3.167538339992e-02       2.141849339055e+04 
       3.182217782843e-02       2.131490406306e+04 
       3.196992409528e-02       2.121141149827e+04 
       3.211865338317e-02       2.110811285941e+04 
       3.226839822072e-02       2.100498166328e+04 
       3.241919255863e-02       2.090192495702e+04 
       3.257107185125e-02       2.079908247338e+04 
       3.272407314408e-02       2.069631665584e+04 
       3.287823516760e-02       2.059381981072e+04 
       3.303359843821e-02       2.049139133577e+04 
       3.319020536659e-02       2.038908922046e+04 
       3.334810037451e-02       2.028687700185e+04 
       3.350733002060e-02       2.018486533368e+04 
       3.366794313606e-02       2.008292070846e+04 
       3.382999097124e-02       1.998110828883e+04 
       3.399352735407e-02       1.987946407911e+04 
       3.415860886157e-02       1.977792234764e+04 
       3.432529500575e-02       1.967644190746e+04 
       3.449364843534e-02       1.957514689888e+04 
       3.466373515488e-02       1.947389130432e+04 
       3.483562476319e-02       1.937271149941e+04 
       3.500939071309e-02       1.927159425377e+04 
       3.518511059478e-02       1.917060989902e+04 
       3.536286644542e-02       1.906963950796e+04 
       3.554274508785e-02       1.896874029465e+04 
       3.572483850181e-02       1.886799082003e+04 
       3.590924423139e-02       1.876715247560e+04 
       3.609606583291e-02       1.866636809066e+04 
       3.628541336829e-02       1.856556796006e+04 
       3.647740394922e-02       1.846482667106e+04 
       3.667216233868e-02       1.836409147845e+04 
       3.686982161695e-02       1.826331801499e+04 
       3.707052392060e-02       1.816245555968e+04 
       3.727442126399e-02       1.806161800861e+04 
       3.748167645451e-02       1.796064479346e+04 
       3.769246411437e-02       1.785960710683e+04 
       3.790697182412e-02       1.775843111677e+04 
       3.812540140511e-02       1.765714724825e+04 
       3.834797036152e-02       1.755570971762e+04 
       3.857491350587e-02       1.745415373083e+04 
       3.880648479604e-02       1.735228641734e+04 
       3.904295941716e-02       1.725028040349e+04 
       3.928463614761e-02       1.714796585088e+04 
       3.953184005601e-02       1.704541352594e+04 
       3.978492558473e-02       1.694246914603e+04 
       4.004428008681e-02       1.683918970118e+04 
       4.031032789653e-02       1.673552469132e+04 
       4.058353503013e-02       1.663145533820e+04 
       4.086441463424e-02       1.652681605864e+04 
       4.115353332438e-02       1.642168104297e+04 
       4.145151858783e-02       1.631591719748e+04 
       4.175906746475e-02       1.620950474875e+04 
       4.207695677096e-02       1.610234922112e+04 
       4.240605518850e-02       1.599430820586e+04 
       4.274733762948e-02       1.588535012013e+04 
       4.310190237925e-02       1.577542773927e+04 
       4.347099165291e-02       1.566433103380e+04 
       4.385601636264e-02       1.555198968109e+04 
       4.425858610119e-02       1.543822128558e+04 
       4.468054561138e-02       1.532284659829e+04 
       4.512401934694e-02       1.520564374530e+04 
       4.559146614893e-02       1.508631891601e+04 
       4.608574657885e-02       1.496476815515e+04 
       4.661020606377e-02       1.484034639403e+04 
       4.716877769811e-02       1.471273566047e+04 
       4.776610922610e-02       1.458139685523e+04 
       4.840771919058e-02       1.444560377042e+04 
       4.910018701512e-02       1.430441345991e+04 
       4.985137993589e-02       1.415667052513e+04 
       5.067071435485e-02       1.400086895698e+04 
       5.156943690501e-02       1.383488635141e+04 
       5.256088540513e-02       1.365597485764e+04 
       5.366064311757e-02       1.346064272828e+04 
       5.488642175221e-02       1.324376115694e+04 
       5.625739996288e-02       1.299895788536e+04 
       5.779264500647e-02       1.271824299255e+04 
       5.950828769357e-02       1.239228400937e+04 
       6.141354668059e-02       1.201178741579e+04 
       6.350666354964e-02       1.156990643012e+04 
       6.577284684945e-02       1.106551298731e+04 
       6.818611558054e-02       1.050583283281e+04 
       7.071474474981e-02       9.906905559884e+03 
       7.332758867586e-02       9.291170746263e+03 
       7.599844555476e-02       8.683416207972e+03 
       7.870758000952e-02       8.106691957177e+03 
       8.144122540484e-02       7.579322134352e+03 
       8.419025906165e-02       7.113399202855e+03 
       8.694883333246e-02       6.714482406564e+03 
       8.971327782502e-02       6.382337562597e+03 
       9.248131861340e-02       6.111698921751e+03 
       9.525155811558e-02       5.893688099823e+03 
       9.802314144845e-02       5.717086875539e+03 
       1.007955471193e-01       5.569267946539e+03 
       1.035684574543e-01       5.437646695675e+03 
       1.063416790271e-01       5.310501135198e+03 
       1.091150940264e-01       5.178100170679e+03 
       1.118886306189e-01       5.033432356679e+03 
       1.146622449200e-01       4.872660002408e+03 
       1.174359100348e-01       4.695200818158e+03 
       1.202096094020e-01       4.503367754323e+03 
       1.229833327508e-01       4.301710349057e+03 
       1.237685953032e-01       4.243641926952e+03 
       1.257570736458e-01       4.096172366916e+03 
       1.285308279955e-01       3.893148274577e+03 
       1.313045931452e-01       3.698706725287e+03 
       1.340783673256e-01       3.517928186307e+03 
       1.368521493173e-01       3.354510035073e+03 
       1.396259382452e-01       3.210549993216e+03 
       1.423997334538e-01       3.086556728734e+03 
       1.451735344296e-01       2.981603759358e+03 
       1.479473407541e-01       2.893553884384e+03 
       1.507211520737e-01       2.819393725586e+03 
       1.534949680814e-01       2.755593870982e+03 
       1.562687885048e-01       2.698361002624e+03 
       1.590426130985e-01       2.644785107823e+03 
       1.618164416385e-01       2.590925870831e+03 
       1.645902739190e-01       2.534101916964e+03 
       1.673641097497e-01       2.472669279223e+03 
       1.701379489539e-01       2.405957781793e+03 
       1.729117913669e-01       2.334205503432e+03 
       1.756856368349e-01       2.258407354216e+03 
       1.784594852140e-01       2.180100785650e+03 
       1.812333363692e-01       2.101125402259e+03 
       1.840071901739e-01       2.023373664597e+03 
       1.867810465092e-01       1.948606251386e+03 
       1.895549052630e-01       1.878272362430e+03 
       1.923287663300e-01       1.813434025279e+03 
       1.951026296108e-01       1.754691152021e+03 
       1.978764950116e-01       1.702214869413e+03 
       2.006503624439e-01       1.655757248771e+03 
       2.034242318240e-01       1.614721479140e+03 
       2.061981030728e-01       1.578252273268e+03 
       2.089719761154e-01       1.545305590095e+03 
       2.117458508809e-01       1.514781605757e+03 
       2.145197273019e-01       1.485589260329e+03 
       2.172936053147e-01       1.456752311930e+03 
       2.200674848587e-01       1.427483962238e+03 
       2.228413658763e-01       1.397235724648e+03 
       2.256152483129e-01       1.365723676702e+03 
       2.283891321166e-01       1.332931657466e+03 
       2.311630172376e-01       1.299076111260e+03 
       2.339369036290e-01       1.264559093551e+03 
       2.367107912458e-01       1.229901509669e+03 
       2.394846800452e-01       1.195673818539e+03 
       2.422585699863e-01       1.162418960448e+03 
       2.450324610302e-01       1.130626622454e+03 
       2.478063531395e-01       1.100657446081e+03 
       2.505802462788e-01       1.072745185393e+03 
       2.533541404140e-01       1.046968907789e+03 
       2.561280355126e-01       1.023287848579e+03 
       2.589019315434e-01       1.001534839412e+03 
       2.616758284767e-01       9.814541317084e+02 
       2.644497262838e-01       9.627345324761e+02 
       2.672236249375e-01       9.450365511991e+02 
       2.699975244116e-01       9.280254120972e+02 
       2.727714246807e-01       9.113980606556e+02 
       2.755453257210e-01       8.949035500039e+02 
       2.783192275091e-01       8.783593714200e+02 
       2.810931300228e-01       8.616529936341e+02 
       2.838670332407e-01       8.447591165289e+02 
       2.866409371424e-01       8.277042095674e+02 
       2.894148417080e-01       8.105807275399e+02 
       2.921887469185e-01       7.935198995381e+02 
       2.949626527558e-01       7.766738201357e+02 
       2.977365592020e-01       7.601986679562e+02 
       3.005104662404e-01       7.442384105295e+02 
       3.032843738547e-01       7.289081902023e+02 
       3.060582820290e-01       7.142928916367e+02 
       3.088321907482e-01       7.004313269833e+02 
       3.116060999977e-01       6.873248540678e+02 
       3.143800097634e-01       6.749409568872e+02 
       3.171539200317e-01       6.632087872827e+02 
       3.199278307895e-01       6.520384390187e+02 
       3.227017420241e-01       6.413282899538e+02 
       3.254756537233e-01       6.309777601437e+02 
       3.282495658751e-01       6.208889935353e+02 
       3.310234784683e-01       6.109798238171e+02 
       3.337973914917e-01       6.011873734845e+02 
       3.365713049347e-01       5.914695321245e+02 
       3.393452187869e-01       5.818074200328e+02 
       3.421191330384e-01       5.721982190107e+02 
       3.448930476794e-01       5.626581554148e+02 
       3.476669627007e-01       5.532152470625e+02 
       3.504408780931e-01       5.439015923321e+02 
       3.532147938479e-01       5.347574480412e+02 
       3.559887099565e-01       5.258143393510e+02 
       3.587626264107e-01       5.171066722248e+02 
       3.615365432026e-01       5.086556490789e+02 
       3.643104603244e-01       5.004766055642e+02 
       3.670843777686e-01       4.925762139993e+02 
       3.698582955279e-01       4.849522077197e+02 
       3.726322135952e-01       4.775919855203e+02 
       3.754061319637e-01       4.704775766883e+02 
       3.781800506268e-01       4.635869546165e+02 
       3.809539695779e-01       4.568918319731e+02 
       3.837278888109e-01       4.503651936784e+02 
       3.865018083196e-01       4.439783369565e+02 
       3.892757280981e-01       4.377080708244e+02 
       3.920496481406e-01       4.315318033945e+02 
       3.948235684417e-01       4.254331541930e+02 
       3.975974889957e-01       4.194032721288e+02 
       4.003714097976e-01       4.134362682459e+02 
       4.031453308421e-01       4.075345840096e+02 
       4.059192521242e-01       4.017032693472e+02 
       4.086931736391e-01       3.959515589319e+02 
       4.114670953821e-01       3.902914934527e+02 
       4.142410173486e-01       3.847336521739e+02 
       4.170149395340e-01       3.792888004095e+02 
       4.197888619341e-01       3.739665687506e+02 
       4.225627845446e-01       3.687702559156e+02 
       4.253367073614e-01       3.637024886693e+02 
       4.281106303804e-01       3.587601918666e+02 
       4.308845535978e-01       3.539391160223e+02 
       4.336584770096e-01       3.492301554668e+02 
       4.364324006123e-01       3.446249604586e+02 
       4.392063244021e-01       3.401103847387e+02 
       4.419802483755e-01       3.356785986300e+02 
       4.447541725291e-01       3.313180902263e+02 
       4.475280968596e-01       3.270216675092e+02 
       4.503020213636e-01       3.227839378125e+02 
       4.530759460379e-01       3.186007196788e+02 
       4.558498708795e-01       3.144714600639e+02 
       4.586237958852e-01       3.103941208744e+02 
       4.613977210522e-01       3.063717549662e+02 
       4.641716463774e-01       3.024053959115e+02 
       4.669455718582e-01       2.984974155119e+02 
       4.697194974917e-01       2.946511699596e+02 
       4.724934232752e-01       2.908669883198e+02 
       4.752673492061e-01       2.871485161331e+02 
       4.780412752818e-01       2.834943875972e+02 
       4.808152014998e-01       2.799070488041e+02 
       4.835891278577e-01       2.763833075630e+02 
       4.863630543530e-01       2.729239734635e+02 
       4.891369809834e-01       2.695264177117e+02 
       4.919109077466e-01       2.661879659602e+02 
       4.946848346404e-01       2.629069162253e+02 
       4.974587616626e-01       2.596804388319e+02 
       5.002326888110e-01       2.565060597590e+02 
       5.030066160836e-01       2.533800569785e+02 
       5.057805434782e-01       2.503025393361e+02 
       5.085544709930e-01       2.472677252913e+02 
       5.113283986259e-01       2.442776424038e+02 
       5.141023263750e-01       2.413279433568e+02 
       5.168762542384e-01       2.384212231301e+02 
       5.196501822143e-01       2.355542713881e+02 
       5.224241103010e-01       2.327299952155e+02 
       5.251980384966e-01       2.299460534004e+02 
       5.279719667994e-01       2.272045802667e+02 
       5.307458952078e-01       2.245054384191e+02 
       5.335198237200e-01       2.218499939323e+02 
       5.362937523346e-01       2.192358478185e+02 
       5.390676810498e-01       2.166663926237e+02 
       5.418416098641e-01       2.141377463633e+02 
       5.446155387761e-01       2.116523495532e+02 
       5.473894677842e-01       2.092077840475e+02 
       5.501633968870e-01       2.068018172885e+02 
       5.529373260831e-01       2.044356180898e+02 
       5.557112553709e-01       2.021066219721e+02 
       5.584851847493e-01       1.998145029475e+02 
       5.612591142168e-01       1.975583552039e+02 
       5.640330437721e-01       1.953355962151e+02 
       5.668069734139e-01       1.931473439108e+02 
       5.695809031410e-01       1.909929063214e+02 
       5.723548329521e-01       1.888704719132e+02 
       5.751287628460e-01       1.867808105518e+02 
       5.779026928215e-01       1.847217785629e+02 
       5.806766228774e-01       1.826955555042e+02 
       5.834505530126e-01       1.807004354855e+02 
       5.862244832259e-01       1.787357450132e+02 
       5.889984135163e-01       1.768014881449e+02 
       5.917723438826e-01       1.748981166325e+02 
       5.945462743238e-01       1.730258844936e+02 
       5.973202048389e-01       1.711824409827e+02 
       6.000941354268e-01       1.693686284214e+02 
       6.028680660864e-01       1.675841574362e+02 
       6.056419968169e-01       1.658277709191e+02 
       6.084159276173e-01       1.640997969667e+02 
       6.111898584866e-01       1.623988003771e+02 
       6.139637894238e-01       1.607246077981e+02 
       6.167377204280e-01       1.590759883430e+02 
       6.195116514984e-01       1.574527693704e+02 
       6.222855826341e-01       1.558550616615e+02 
       6.250595138341e-01       1.542804231931e+02 
       6.278334450976e-01       1.527302979595e+02 
       6.306073764239e-01       1.512038424691e+02 
       6.333813078120e-01       1.496993567990e+02 
       6.361552392611e-01       1.482185746058e+02 
       6.389291707705e-01       1.467585994444e+02 
       6.417031023394e-01       1.453221896401e+02 
       6.444770339670e-01       1.439061354343e+02 
       6.472509656525e-01       1.425106371322e+02 
       6.500248973952e-01       1.411363084380e+02 
       6.527988291944e-01       1.397820221186e+02 
       6.555727610494e-01       1.384483514553e+02 
       6.583466929594e-01       1.371336569053e+02 
       6.611206249237e-01       1.358386087596e+02 
       6.638945569417e-01       1.345621305896e+02 
       6.666684890127e-01       1.333030853025e+02 
       6.694424211360e-01       1.320633531875e+02 
       6.722163533111e-01       1.308408370280e+02 
       6.749902855372e-01       1.296355755592e+02 
       6.777642178137e-01       1.284469465455e+02 
       6.805381501400e-01       1.272744241856e+02 
       6.833120825155e-01       1.261187907364e+02 
       6.860860149395e-01       1.249788643496e+02 
       6.888599474117e-01       1.238544870480e+02 
       6.916338799312e-01       1.227452169741e+02 
       6.944078124976e-01       1.216510803872e+02 
       6.971817451103e-01       1.205712958436e+02 
       6.999556777687e-01       1.195054991782e+02 
       7.027296104724e-01       1.184539487464e+02 
       7.055035432207e-01       1.174162889951e+02 
       7.082774760132e-01       1.163920233930e+02 
       7.110514088493e-01       1.153817219789e+02 
       7.138253417285e-01       1.143837332197e+02 
       7.165992746503e-01       1.133982447900e+02 
       7.193732076143e-01       1.124248682274e+02 
       7.221471406199e-01       1.114645733761e+02 
       7.249210736666e-01       1.105159356784e+02 
       7.276950067541e-01       1.095790438696e+02 
       7.304689398817e-01       1.086538456420e+02 
       7.332428730492e-01       1.077388663450e+02 
       7.360168062559e-01       1.068349373840e+02 
       7.387907395015e-01       1.059418614866e+02 
       7.415646727856e-01       1.050590641511e+02 
       7.443386061076e-01       1.041864453015e+02 
       7.471125394672e-01       1.033235898486e+02 
       7.498864728640e-01       1.024702872041e+02 
       7.526604062976e-01       1.016266523627e+02 
       7.554343397674e-01       1.007919265635e+02 
       7.582082732733e-01       9.996653037181e+01 
       7.609822068146e-01       9.914999859695e+01 
       7.637561403912e-01       9.834140430804e+01 
       7.665300740025e-01       9.754255794315e+01 
       7.693040076482e-01       9.675100236509e+01 
       7.720779413280e-01       9.596758558681e+01 
       7.748518750414e-01       9.519261953958e+01 
       7.776258087881e-01       9.442532358840e+01 
       7.803997425678e-01       9.366544560050e+01 
       7.831736763800e-01       9.291374422870e+01 
       7.859476102245e-01       9.216884204349e+01 
       7.887215441010e-01       9.143106387251e+01 
       7.914954780090e-01       9.070055014972e+01 
       7.942694119482e-01       8.997790221867e+01 
       7.970433459184e-01       8.926178170328e+01 
       7.998172799192e-01       8.855253575096e+01 
       8.025912139502e-01       8.785022575693e+01 
       8.053651480112e-01       8.715443493042e+01 
       8.081390821019e-01       8.646560009174e+01 
       8.109130162219e-01       8.578344400898e+01 
       8.136869503709e-01       8.510838129440e+01 
       8.164608845487e-01       8.443909949676e+01 
       8.192348187550e-01       8.377658711552e+01 
       8.220087529895e-01       8.312016383337e+01 
       8.247826872518e-01       8.247082977048e+01 
       8.275566215417e-01       8.182777367918e+01 
       8.303305558590e-01       8.119101528362e+01 
       8.331044902033e-01       8.056069316170e+01 
       8.358784245744e-01       7.993668853523e+01 
       8.386523589720e-01       7.931919041711e+01 
       8.414262933959e-01       7.870715087328e+01 
       8.442002278458e-01       7.810151126393e+01 
       8.469741623214e-01       7.750252932252e+01 
       8.497480968225e-01       7.690923472033e+01 
       8.525220313488e-01       7.632250078690e+01 
       8.552959659002e-01       7.574156486562e+01 
       8.580699004763e-01       7.516640839023e+01 
       8.608438350769e-01       7.459728556228e+01 
       8.636177697017e-01       7.403422621894e+01 
       8.663917043507e-01       7.347694324305e+01 
       8.691656390234e-01       7.292476747070e+01 
       8.719395737197e-01       7.237820354214e+01 
       8.747135084394e-01       7.183779034044e+01 
       8.774874431822e-01       7.130270425782e+01 
       8.802613779479e-01       7.077272508359e+01 
       8.830353127363e-01       7.024888617437e+01 
       8.858092475472e-01       6.972965763055e+01 
       8.885831823804e-01       6.921585404056e+01 
       8.913571172357e-01       6.870693614247e+01 
       8.941310521128e-01       6.820310097934e+01 
       8.969049870116e-01       6.770446218825e+01 
       8.996789219318e-01       6.721076172764e+01 
       9.024528568733e-01       6.672213740107e+01 
       9.052267918358e-01       6.623774302828e+01 
       9.080007268193e-01       6.575827885929e+01 
       9.107746618234e-01       6.528281853737e+01 
       9.135485968480e-01       6.481349609009e+01 
       9.163225318929e-01       6.434786303129e+01 
       9.190964669579e-01       6.388732233289e+01 
       9.218704020429e-01       6.343050547979e+01 
       9.246443371476e-01       6.297846244587e+01 
       9.274182722719e-01       6.253093711605e+01 
       9.301922074157e-01       6.208790452656e+01 
       9.329661425786e-01       6.164904557094e+01 
       9.357400777606e-01       6.121474627006e+01 
       9.385140129615e-01       6.078469114813e+01 
       9.412879481812e-01       6.035896397557e+01 
       9.440618834194e-01       5.993763284126e+01 
       9.468358186759e-01       5.952096137428e+01 
       9.496097539508e-01       5.910781216997e+01 
       9.523836892437e-01       5.870001397795e+01 
       9.551576245545e-01       5.829534428395e+01 
       9.579315598831e-01       5.789486779071e+01 
       9.607054952292e-01       5.749907968637e+01 
       9.634794305929e-01       5.710778247023e+01 
       9.662533659738e-01       5.672033376295e+01 
       9.690273013719e-01       5.633741102210e+01 
       9.718012367870e-01       5.595817424584e+01 
       9.745751722190e-01       5.558337379738e+01 
       9.773491076677e-01       5.521233489308e+01 
       9.801230431330e-01       5.484571946290e+01 
       9.828969786147e-01       5.448230713468e+01 
       9.856709141127e-01       5.412281351413e+01 
       9.884448496269e-01       5.376842482429e+01 
       9.912187851571e-01       5.341702127806e+01 
       9.939927207032e-01       5.306953406298e+01 
       9.967666562650e-01       5.272564009408e+01 
       9.995405918425e-01       5.238527990833e+01 
       1.002314527435e+00       5.204884327910e+01 
       1.005088463044e+00       5.171478305430e+01 
       1.007862398667e+00       5.138561700813e+01 
       1.010636334306e+00       5.105908937940e+01 
       1.013410269960e+00       5.073550754649e+01 
       1.016184205628e+00       5.041560557105e+01 
       1.018958141312e+00       5.009844888325e+01 
       1.021732077009e+00       4.978483100842e+01 
       1.024506012722e+00       4.947371387161e+01 
       1.027279948449e+00       4.916532711816e+01 
       1.030053884190e+00       4.885988693132e+01 
       1.032827819945e+00       4.855732746938e+01 
       1.035601755714e+00       4.825709011138e+01 
       1.038375691498e+00       4.795957023398e+01 
       1.041149627295e+00       4.766478575655e+01 
       1.043923563105e+00       4.737247942254e+01 
       1.046697498930e+00       4.708206505784e+01 
       1.049471434768e+00       4.679430561359e+01 
       1.052245370619e+00       4.650901968342e+01 
       1.055019306483e+00       4.622587840649e+01 
       1.057793242361e+00       4.594520010775e+01 
       1.060567178252e+00       4.566647282078e+01 
       1.063341114156e+00       4.539020643441e+01 
       1.066115050072e+00       4.511558714284e+01 
       1.068888986001e+00       4.484324360477e+01 
       1.071662921944e+00       4.457347966019e+01 
       1.074436857898e+00       4.430538306950e+01 
       1.077210793865e+00       4.403947320055e+01 
       1.079984729845e+00       4.377568687108e+01 
       1.082758665836e+00       4.351402887851e+01 
       1.085532601840e+00       4.325405923184e+01 
       1.088306537856e+00       4.299632386530e+01 
       1.091080473884e+00       4.274035896653e+01 
       1.093854409924e+00       4.248654957694e+01 
       1.096628345976e+00       4.223473932720e+01 
       1.099402282039e+00       4.198511310266e+01 
       1.102176218115e+00       4.173712295267e+01 
       1.104950154201e+00       4.149082141996e+01 
       1.107724090299e+00       4.124711969809e+01 
       1.110498026409e+00       4.100471543364e+01 
       1.113271962530e+00       4.076453315987e+01 
       1.116045898662e+00       4.052568062069e+01 
       1.118819834805e+00       4.028950726041e+01 
       1.121593770959e+00       4.005445628002e+01 
       1.124367707124e+00       3.982156962420e+01 
       1.127141643300e+00       3.959024768309e+01 
       1.129915579487e+00       3.936048254104e+01 
       1.132689515685e+00       3.913245414861e+01 
       1.135463451893e+00       3.890620976375e+01 
       1.138237388112e+00       3.868187141925e+01 
       1.141011324341e+00       3.845874916854e+01 
       1.143785260581e+00       3.823731761447e+01 
       1.146559196831e+00       3.801727335861e+01 
       1.149333133091e+00       3.779879682253e+01 
       1.152107069361e+00       3.758199855195e+01 
       1.154881005642e+00       3.736685994305e+01 
       1.157654941933e+00       3.715295860867e+01 
       1.160428878233e+00       3.694056346164e+01 
       1.163202814544e+00       3.672943908451e+01 
       1.165976750864e+00       3.652022203738e+01 
       1.168750687194e+00       3.631195239800e+01 
       1.171524623534e+00       3.610567613345e+01 
       1.174298559883e+00       3.589998048011e+01 
       1.177072496242e+00       3.569634812884e+01 
       1.179846432610e+00       3.549414175340e+01 
       1.182620368988e+00       3.529322606813e+01 
       1.185394305375e+00       3.509410783485e+01 
       1.188168241772e+00       3.489590888088e+01 
       1.190942178178e+00       3.469953085062e+01 
       1.193716114592e+00       3.450461344847e+01 
       1.196490051016e+00       3.431087831840e+01 
       1.199263987449e+00       3.411911710877e+01 
       1.202037923891e+00       3.392863288096e+01 
       1.204811860342e+00       3.373973398836e+01 
       1.207585796802e+00       3.355193672566e+01 
       1.210359733270e+00       3.336646351453e+01 
       1.213133669747e+00       3.318231525087e+01 
       1.215907606233e+00       3.299952043260e+01 
       1.218681542728e+00       3.281832369272e+01 
       1.221455479231e+00       3.263873117266e+01 
       1.224229415742e+00       3.246036073665e+01 
       1.227003352262e+00       3.228404028176e+01 
       1.229777288790e+00       3.210910820105e+01 
       1.232551225327e+00       3.193572689458e+01 
       1.235325161872e+00       3.176359363610e+01 
       1.237685953032e+00       3.161838976030e+01 
       1.238099098425e+00       3.159304227161e+01 
       1.240873034986e+00       3.142423519357e+01 
       1.243646971555e+00       3.125693438049e+01 
       1.246420908132e+00       3.109072954291e+01 
       1.249194844718e+00       3.092625541272e+01 
       1.251968781311e+00       3.076312201957e+01 
       1.254742717912e+00       3.060086131609e+01 
       1.257516654521e+00       3.044064151428e+01 
       1.260290591138e+00       3.028130868540e+01 
       1.263064527762e+00       3.012311796807e+01 
       1.265838464394e+00       2.996641685919e+01 
       1.268612401034e+00       2.981095433156e+01 
       1.271386337681e+00       2.965646307145e+01 
       1.274160274336e+00       2.950304541244e+01 
       1.276934210998e+00       2.935089613926e+01 
       1.279708147668e+00       2.919978850805e+01 
       1.282482084345e+00       2.904960104404e+01 
       1.285256021030e+00       2.890069435367e+01 
       1.288029957721e+00       2.875255046582e+01 
       1.290803894420e+00       2.860527157716e+01 
       1.293577831126e+00       2.845901451174e+01 
       1.296351767840e+00       2.831365162993e+01 
       1.299125704560e+00       2.816954748908e+01 
       1.635212700291e+00       1.602786161648e+01 
       2.058608610279e+00       9.101439921397e+00 
       2.591634689643e+00       5.297335164607e+00 
       3.262674768878e+00       2.979395784320e+00 
       4.107464176961e+00       1.665815852604e+00 
       5.170991030410e+00       9.262829721183e-01 
       6.509892012343e+00       5.124174425410e-01 
       8.195468482374e+00       2.821259360735e-01 
       1.031748353402e+01       1.546488544636e-01 
       1.298894220674e+01       8.441963859434e-02 
       1.635210941640e+01       4.589776896554e-02 
       2.058608608074e+01       2.486223871284e-02 
