# Matter power spectrum P(k) at redshift z=0
# for k=8.06309e-06 to 23.1709 h/Mpc,
# number of wavenumbers equal to 861
#    1:k (h/Mpc)              2:P (Mpc/h)^3        
       8.063094627304e-06       1.012381814041e+02 
       1.799879852529e-05       2.195685569680e+02 
       2.795531670261e-05       3.356749224541e+02 
       3.794857284474e-05       4.506812722224e+02 
       4.799464795472e-05       5.651746034822e+02 
       5.810986579511e-05       6.795611303090e+02 
       6.831087998549e-05       7.941648418733e+02 
       7.861476346671e-05       9.092667607415e+02 
       8.903910104816e-05       1.025124013503e+03 
       9.960208576256e-05       1.141980586969e+03 
       1.103226197607e-04       1.260074004062e+03 
       1.212204204863e-04       1.379639924998e+03 
       1.323161328746e-04       1.500915496205e+03 
       1.436314483177e-04       1.624142101969e+03 
       1.551892311236e-04       1.749567596537e+03 
       1.670136531707e-04       1.877448348820e+03 
       1.791303374080e-04       2.008051106261e+03 
       1.915665107696e-04       2.141654763718e+03 
       2.043511669539e-04       2.278552113314e+03 
       2.175152393408e-04       2.419051547839e+03 
       2.310917840800e-04       2.563478764588e+03 
       2.451161730514e-04       2.712178474319e+03 
       2.596262959596e-04       2.865516106146e+03 
       2.746627702457e-04       3.023879454691e+03 
       2.902691567586e-04       3.187680330257e+03 
       3.064921781847e-04       3.357356075994e+03 
       3.233819360610e-04       3.533370984448e+03 
       3.409921207563e-04       3.716217483095e+03 
       3.593802070753e-04       3.906417032593e+03 
       3.786076260986e-04       4.104520630234e+03 
       3.987399015405e-04       4.311108766805e+03 
       4.198467363095e-04       4.526790673864e+03 
       4.420020322063e-04       4.752202703995e+03 
       4.652838229331e-04       4.988005563358e+03 
       4.897740980930e-04       5.234880228958e+03 
       5.155584939622e-04       5.493522260599e+03 
       5.427258260208e-04       5.764634268001e+03 
       5.713674391044e-04       6.048916353318e+03 
       6.015763542509e-04       6.347054373117e+03 
       6.334461975377e-04       6.659706058695e+03 
       6.670699059687e-04       6.987485186345e+03 
       7.025382190504e-04       7.330944025824e+03 
       7.399379818654e-04       7.690554974967e+03 
       7.793503053074e-04       8.066692027453e+03 
       8.208486500002e-04       8.459613185810e+03 
       8.644969197837e-04       8.869444569414e+03 
       9.103476654871e-04       9.296167914737e+03 
       9.584405068746e-04       9.739610439653e+03 
       1.008800877574e-03       1.019943937123e+04 
       1.061439183157e-03       1.067515928201e+04 
       1.072483128768e-03       1.077433595280e+04 
       1.116350436862e-03       1.116611441994e+04 
       1.173514403223e-03       1.167149528737e+04 
       1.232896241352e-03       1.219035096037e+04 
       1.294447601936e-03       1.272160784880e+04 
       1.358108100175e-03       1.326409471410e+04 
       1.423807064833e-03       1.381657052916e+04 
       1.491465453149e-03       1.437775308421e+04 
       1.560997822702e-03       1.494634340587e+04 
       1.632314262396e-03       1.552104490779e+04 
       1.705322202710e-03       1.610057841224e+04 
       1.779928046787e-03       1.668369662150e+04 
       1.856038585803e-03       1.726919742956e+04 
       1.933562181946e-03       1.785594098211e+04 
       2.012409718799e-03       1.844285890296e+04 
       2.092495331292e-03       1.902896094368e+04 
       2.173736935682e-03       1.961333187569e+04 
       2.256056584747e-03       2.019512957272e+04 
       2.339380675166e-03       2.077358027195e+04 
       2.423640033730e-03       2.134798231251e+04 
       2.508769907240e-03       2.191770523468e+04 
       2.594709878323e-03       2.248218974164e+04 
       2.681403726373e-03       2.304093816944e+04 
       2.768799249735e-03       2.359350627532e+04 
       2.856848062322e-03       2.413950110682e+04 
       2.945505375205e-03       2.467857712156e+04 
       3.034729771363e-03       2.521044341761e+04 
       3.124482979861e-03       2.573484038050e+04 
       3.214729654051e-03       2.625155891282e+04 
       3.305437157091e-03       2.676041100740e+04 
       3.396575357037e-03       2.726124447909e+04 
       3.488116432894e-03       2.775393602202e+04 
       3.580034692457e-03       2.823837315483e+04 
       3.672306402225e-03       2.871449486565e+04 
       3.764909629376e-03       2.918223352826e+04 
       3.857824095512e-03       2.964155262435e+04 
       3.951031041736e-03       3.009242519731e+04 
       4.044513104485e-03       3.053483018821e+04 
       4.138254201498e-03       3.096878598180e+04 
       4.232239427261e-03       3.139429598666e+04 
       4.326454957242e-03       3.181139222278e+04 
       4.420887960284e-03       3.222010408512e+04 
       4.515526518479e-03       3.262046578328e+04 
       4.610359553953e-03       3.301252856035e+04 
       4.705376761949e-03       3.339635014868e+04 
       4.800568549696e-03       3.377198363256e+04 
       4.895925980552e-03       3.413950068466e+04 
       4.991440722952e-03       3.449896474557e+04 
       5.087105003751e-03       3.485044332789e+04 
       5.182911565553e-03       3.519401061218e+04 
       5.278853627679e-03       3.552975099341e+04 
       5.374924850450e-03       3.585772860637e+04 
       5.471119302468e-03       3.617803924814e+04 
       5.567431430657e-03       3.649075840799e+04 
       5.663856032782e-03       3.679596285942e+04 
       5.760388232250e-03       3.709374139555e+04 
       5.857023454974e-03       3.738418569056e+04 
       5.953757408127e-03       3.766736521683e+04 
       6.050586060610e-03       3.794338953438e+04 
       6.147505625087e-03       3.821231600869e+04 
       6.244512541451e-03       3.847425509806e+04 
       6.341603461591e-03       3.872928182672e+04 
       6.438775235358e-03       3.897748127400e+04 
       6.536024897612e-03       3.921893792267e+04 
       6.633349656274e-03       3.945390242551e+04 
       6.730746881282e-03       3.968219690833e+04 
       6.828214094389e-03       3.990385321653e+04 
       6.925748959723e-03       4.011907372870e+04 
       7.023349275051e-03       4.032805424367e+04 
       7.121012963686e-03       4.053089110012e+04 
       7.218738066990e-03       4.072760372009e+04 
       7.316522737415e-03       4.091819152283e+04 
       7.414365232052e-03       4.110271306986e+04 
       7.512263906638e-03       4.128132650284e+04 
       7.610217209981e-03       4.145415702458e+04 
       7.708223678793e-03       4.162126309691e+04 
       7.806281932865e-03       4.178266803064e+04 
       7.904390670592e-03       4.193843377879e+04 
       8.002548664795e-03       4.208866020893e+04 
       8.100754758836e-03       4.223347117281e+04 
       8.199007862992e-03       4.237289822186e+04 
       8.297306951075e-03       4.250702739600e+04 
       8.395651057279e-03       4.263589516872e+04 
       8.494039273238e-03       4.275958934145e+04 
       8.592470745275e-03       4.287820493715e+04 
       8.690944671840e-03       4.299179208889e+04 
       8.789460301109e-03       4.310046269497e+04 
       8.888016928741e-03       4.320420490934e+04 
       8.986613895789e-03       4.330313283575e+04 
       9.085250586731e-03       4.339730022468e+04 
       9.183926427650e-03       4.348680883561e+04 
       9.282640884508e-03       4.357171329370e+04 
       9.381393461552e-03       4.365201855069e+04 
       9.480183699808e-03       4.372783253034e+04 
       9.579011175682e-03       4.379920818172e+04 
       9.677875499646e-03       4.386621112808e+04 
       9.776776315010e-03       4.392894658308e+04 
       9.875713296772e-03       4.398738280787e+04 
       9.974686150551e-03       4.404169129153e+04 
       1.007369461157e-02       4.409187456618e+04 
       1.017273844375e-02       4.413800527618e+04 
       1.027181743879e-02       4.418010339596e+04 
       1.037093141537e-02       4.421820896908e+04 
       1.047008021843e-02       4.425240767569e+04 
       1.056926371837e-02       4.428276302085e+04 
       1.066848181049e-02       4.430936198425e+04 
       1.072483128768e-02       4.432282874679e+04 
       1.076773441430e-02       4.433227230900e+04 
       1.086702147300e-02       4.435149548780e+04 
       1.096634295290e-02       4.436709135890e+04 
       1.106569884298e-02       4.437908528657e+04 
       1.116508915443e-02       4.438755939324e+04 
       1.126451392021e-02       4.439258294337e+04 
       1.136397319468e-02       4.439421731009e+04 
       1.146346705326e-02       4.439250046502e+04 
       1.156299559209e-02       4.438746210189e+04 
       1.166255892777e-02       4.437914345057e+04 
       1.176215719706e-02       4.436762920238e+04 
       1.186179055671e-02       4.435293087820e+04 
       1.196145918316e-02       4.433512749213e+04 
       1.206116327243e-02       4.431428811244e+04 
       1.216090303993e-02       4.429044258173e+04 
       1.226067872034e-02       4.426359252521e+04 
       1.236049056746e-02       4.423381695376e+04 
       1.246033885417e-02       4.420116910457e+04 
       1.256022387229e-02       4.416569891173e+04 
       1.266014593259e-02       4.412747619031e+04 
       1.276010536473e-02       4.408647870049e+04 
       1.286010251723e-02       4.404279333583e+04 
       1.296013775750e-02       4.399643571389e+04 
       1.306021147186e-02       4.394744911065e+04 
       1.316032406555e-02       4.389591753295e+04 
       1.326047596282e-02       4.384187264263e+04 
       1.336066760699e-02       4.378537869244e+04 
       1.346089946054e-02       4.372641602731e+04 
       1.356117200522e-02       4.366504514832e+04 
       1.366148574215e-02       4.360134932699e+04 
       1.376184119200e-02       4.353532684407e+04 
       1.386223889512e-02       4.346703116274e+04 
       1.396267941168e-02       4.339647228517e+04 
       1.406316332191e-02       4.332371967310e+04 
       1.416369122627e-02       4.324886752578e+04 
       1.426426374567e-02       4.317185274315e+04 
       1.436488152169e-02       4.309278868166e+04 
       1.446554521684e-02       4.301167617012e+04 
       1.456625551481e-02       4.292854819094e+04 
       1.466701312076e-02       4.284344987347e+04 
       1.476781876160e-02       4.275643381727e+04 
       1.486867318628e-02       4.266752674715e+04 
       1.496957716616e-02       4.257679705246e+04 
       1.507053149530e-02       4.248423759853e+04 
       1.517153699083e-02       4.238988648149e+04 
       1.527259449333e-02       4.229377125289e+04 
       1.537370486720e-02       4.219594671328e+04 
       1.547486900107e-02       4.209647478541e+04 
       1.557608780821e-02       4.199533104903e+04 
       1.567736222699e-02       4.189261134587e+04 
       1.577869322128e-02       4.178830286246e+04 
       1.588008178097e-02       4.168244364287e+04 
       1.598152892246e-02       4.157508652827e+04 
       1.608303568910e-02       4.146624513390e+04 
       1.618460315180e-02       4.135597477416e+04 
       1.628623240951e-02       4.124429393257e+04 
       1.638792458979e-02       4.113124670083e+04 
       1.648968084943e-02       4.101682022020e+04 
       1.659150237500e-02       4.090107469842e+04 
       1.669339038352e-02       4.078409172114e+04 
       1.679534612307e-02       4.066579977093e+04 
       1.689737087345e-02       4.054634813770e+04 
       1.699946594690e-02       4.042564910546e+04 
       1.710163268879e-02       4.030380910456e+04 
       1.720387247834e-02       4.018079558331e+04 
       1.730618672941e-02       4.005671494177e+04 
       1.740857689126e-02       3.993155279950e+04 
       1.751104444935e-02       3.980533152255e+04 
       1.761359092622e-02       3.967810092613e+04 
       1.771621788228e-02       3.954986162087e+04 
       1.781892691677e-02       3.942066951405e+04 
       1.792171966864e-02       3.929053890218e+04 
       1.802459781749e-02       3.915945678192e+04 
       1.812756308460e-02       3.902755515411e+04 
       1.823061723387e-02       3.889473985487e+04 
       1.833376207294e-02       3.876111195749e+04 
       1.843699945421e-02       3.862669508382e+04 
       1.854033127596e-02       3.849145122855e+04 
       1.864375948354e-02       3.835552318612e+04 
       1.874728607052e-02       3.821877045069e+04 
       1.885091307993e-02       3.808133217451e+04 
       1.895464260553e-02       3.794320739898e+04 
       1.905847679309e-02       3.780446302840e+04 
       1.916241784181e-02       3.766507770935e+04 
       1.926646800562e-02       3.752505582819e+04 
       1.937062959473e-02       3.738436684587e+04 
       1.947490497703e-02       3.724324872078e+04 
       1.957929657969e-02       3.710150204697e+04 
       1.968380689075e-02       3.695926444176e+04 
       1.978843846073e-02       3.681649256422e+04 
       1.989319390439e-02       3.667326812295e+04 
       1.999807590245e-02       3.652952050244e+04 
       2.010308720343e-02       3.638540117578e+04 
       2.020823062557e-02       3.624080826310e+04 
       2.031350905871e-02       3.609580484134e+04 
       2.041892546640e-02       3.595054770462e+04 
       2.052448288792e-02       3.580481970277e+04 
       2.063018444051e-02       3.565874597249e+04 
       2.073603332157e-02       3.551240291741e+04 
       2.084203281100e-02       3.536566403784e+04 
       2.094818627365e-02       3.521868399848e+04 
       2.105449716174e-02       3.507148907466e+04 
       2.116096901752e-02       3.492400528962e+04 
       2.126760547593e-02       3.477630246877e+04 
       2.137441026739e-02       3.462837179957e+04 
       2.148138722068e-02       3.448017734522e+04 
       2.158854026595e-02       3.433191671458e+04 
       2.169587343784e-02       3.418341387834e+04 
       2.180339087868e-02       3.403486138873e+04 
       2.191109684188e-02       3.388611384508e+04 
       2.201899569540e-02       3.373719711969e+04 
       2.212709192539e-02       3.358826508954e+04 
       2.223539013991e-02       3.343921346332e+04 
       2.234389507290e-02       3.329004485298e+04 
       2.245261158821e-02       3.314085244475e+04 
       2.256154468385e-02       3.299164170743e+04 
       2.267069949639e-02       3.284241000631e+04 
       2.278008130557e-02       3.269306231538e+04 
       2.288969553903e-02       3.254371797349e+04 
       2.299954777733e-02       3.239452319377e+04 
       2.310964375908e-02       3.224516634443e+04 
       2.321998938642e-02       3.209596291136e+04 
       2.333059073056e-02       3.194674988537e+04 
       2.344145403772e-02       3.179761490634e+04 
       2.355258573524e-02       3.164847900125e+04 
       2.366399243796e-02       3.149966100894e+04 
       2.377568095491e-02       3.135069944569e+04 
       2.388765829629e-02       3.120188665727e+04 
       2.399993168077e-02       3.105326766178e+04 
       2.411250854307e-02       3.090467820602e+04 
       2.422539654196e-02       3.075627477152e+04 
       2.433860356859e-02       3.060795585205e+04 
       2.445213775520e-02       3.045983527178e+04 
       2.456600748427e-02       3.031188094960e+04 
       2.468022139806e-02       3.016405969474e+04 
       2.479478840868e-02       3.001640395184e+04 
       2.490971770854e-02       2.986897688132e+04 
       2.502501878140e-02       2.972174008884e+04 
       2.514070141396e-02       2.957471118295e+04 
       2.525677570795e-02       2.942788567819e+04 
       2.537325209291e-02       2.928118854355e+04 
       2.549014133959e-02       2.913477922947e+04 
       2.560745457402e-02       2.898865052701e+04 
       2.572520329234e-02       2.884265596692e+04 
       2.584339937636e-02       2.869696219991e+04 
       2.596205511003e-02       2.855153157000e+04 
       2.608118319667e-02       2.840633164777e+04 
       2.620079677725e-02       2.826134381239e+04 
       2.632090944957e-02       2.811667595912e+04 
       2.644153528857e-02       2.797233074053e+04 
       2.656268886774e-02       2.782807915820e+04 
       2.668438528172e-02       2.768426315869e+04 
       2.680664017026e-02       2.754066132072e+04 
       2.692946974346e-02       2.739729735357e+04 
       2.705289080857e-02       2.725432391588e+04 
       2.717692079836e-02       2.711153834108e+04 
       2.730157780110e-02       2.696898602640e+04 
       2.742688059249e-02       2.682680976280e+04 
       2.755284866939e-02       2.668496599496e+04 
       2.767950228580e-02       2.654341146098e+04 
       2.780686249094e-02       2.640208744473e+04 
       2.793495116984e-02       2.626107219554e+04 
       2.806379108652e-02       2.612044566785e+04 
       2.819340592993e-02       2.597999749018e+04 
       2.832382036298e-02       2.583989722285e+04 
       2.845506007482e-02       2.570015625286e+04 
       2.858715183659e-02       2.556064918054e+04 
       2.872012356109e-02       2.542144564374e+04 
       2.885400436650e-02       2.528259224590e+04 
       2.898882464463e-02       2.514400891879e+04 
       2.912461613400e-02       2.500562701906e+04 
       2.926141199827e-02       2.486765645468e+04 
       2.939924691029e-02       2.472990491495e+04 
       2.953815714251e-02       2.459241862719e+04 
       2.967818066417e-02       2.445525576025e+04 
       2.981935724591e-02       2.431840439855e+04 
       2.996172857251e-02       2.418173150492e+04 
       3.010533836449e-02       2.404538201644e+04 
       3.025023250948e-02       2.390931943598e+04 
       3.039645920424e-02       2.377347655732e+04 
       3.054406910836e-02       2.363786028181e+04 
       3.069311551090e-02       2.350251250734e+04 
       3.084365451118e-02       2.336745909774e+04 
       3.099574521522e-02       2.323265836776e+04 
       3.114944994949e-02       2.309795725635e+04 
       3.130483449372e-02       2.296354627010e+04 
       3.146196833501e-02       2.282933860400e+04 
       3.162092494534e-02       2.269528490930e+04 
       3.178178208528e-02       2.256146468869e+04 
       3.194462213687e-02       2.242780702046e+04 
       3.210953246892e-02       2.229433350837e+04 
       3.227660583871e-02       2.216095402146e+04 
       3.244594083441e-02       2.202771533314e+04 
       3.261764236309e-02       2.189465069189e+04 
       3.279182219027e-02       2.176159821637e+04 
       3.296859953727e-02       2.162876707660e+04 
       3.314810174411e-02       2.149597139519e+04 
       3.333046500643e-02       2.136323073791e+04 
       3.351583519656e-02       2.123053850424e+04 
       3.370436878034e-02       2.109772281603e+04 
       3.389623384307e-02       2.096508737951e+04 
       3.409161124033e-02       2.083236955515e+04 
       3.429069589206e-02       2.069956958031e+04 
       3.449369824139e-02       2.056668476601e+04 
       3.470084590345e-02       2.043377157704e+04 
       3.491238553415e-02       2.030065453764e+04 
       3.512858495416e-02       2.016736461495e+04 
       3.534973557020e-02       2.003383509918e+04 
       3.557615514375e-02       1.990010995039e+04 
       3.580819096709e-02       1.976603727456e+04 
       3.604622351893e-02       1.963180130999e+04 
       3.629067068657e-02       1.949701604930e+04 
       3.654199266004e-02       1.936187696911e+04 
       3.680069762652e-02       1.922624411305e+04 
       3.706734842189e-02       1.909001743568e+04 
       3.734257033169e-02       1.895324099894e+04 
       3.762706027869e-02       1.881569432719e+04 
       3.792159769073e-02       1.867733135022e+04 
       3.822705741365e-02       1.853812229917e+04 
       3.854442512508e-02       1.839790747909e+04 
       3.887481582005e-02       1.825661643534e+04 
       3.921949608648e-02       1.811393607213e+04 
       3.957991107594e-02       1.796987633351e+04 
       3.995771731366e-02       1.782416465994e+04 
       4.035482279308e-02       1.767658677995e+04 
       4.077343617828e-02       1.752682262126e+04 
       4.121612740155e-02       1.737461130830e+04 
       4.168590249572e-02       1.721944906013e+04 
       4.218629611761e-02       1.706093843004e+04 
       4.272148582388e-02       1.689835344781e+04 
       4.329643256117e-02       1.673093907417e+04 
       4.391705160614e-02       1.655758086923e+04 
       4.459041646705e-02       1.637694031103e+04 
       4.532499333879e-02       1.618721296419e+04 
       4.613089245166e-02       1.598594420924e+04 
       4.702009972076e-02       1.576975093104e+04 
       4.800660953209e-02       1.553412994386e+04 
       4.910630883079e-02       1.527299048023e+04 
       5.033636495449e-02       1.497827062478e+04 
       5.171378278752e-02       1.463974017541e+04 
       5.325284205583e-02       1.424546554324e+04 
       5.496152099951e-02       1.378347978633e+04 
       5.683788842739e-02       1.324487611333e+04 
       5.886835772928e-02       1.262811509545e+04 
       6.102945540303e-02       1.194250738338e+04 
       6.329275809478e-02       1.120870405070e+04 
       6.563052083129e-02       1.045554465209e+04 
       6.801949839710e-02       9.714677947367e+03 
       7.044223268557e-02       9.015222204997e+03 
       7.288656914948e-02       8.379957237684e+03 
       7.534446341015e-02       7.823496276772e+03 
       7.781076295305e-02       7.352101076299e+03 
       8.028223511982e-02       6.964612994073e+03 
       8.275687761060e-02       6.653866051186e+03 
       8.523345985971e-02       6.408354159322e+03 
       8.771122909211e-02       6.213691686622e+03 
       9.018972601190e-02       6.054138668370e+03 
       9.266867073694e-02       5.913915292792e+03 
       9.514789275968e-02       5.778523364420e+03 
       9.762728814393e-02       5.635947189156e+03 
       1.001067934404e-01       5.477625740850e+03 
       1.025863698170e-01       5.299009719962e+03 
       1.050659934133e-01       5.099607985718e+03 
       1.072483128768e-01       4.909292518843e+03 
       1.075456494802e-01       4.882495252947e+03 
       1.100253288204e-01       4.653415060815e+03 
       1.125050256261e-01       4.419693835806e+03 
       1.149847361641e-01       4.189132889977e+03 
       1.174644579777e-01       3.969041659653e+03 
       1.199441893991e-01       3.765501326999e+03 
       1.224239292534e-01       3.582854899954e+03 
       1.249036766771e-01       3.423466548483e+03 
       1.273834310070e-01       3.287749215072e+03 
       1.298631917117e-01       3.174385229950e+03 
       1.323429583493e-01       3.080690856954e+03 
       1.348227305406e-01       3.003015105596e+03 
       1.373025079523e-01       2.937156011490e+03 
       1.397822902859e-01       2.878756626720e+03 
       1.422620772710e-01       2.824382459111e+03 
       1.447418686597e-01       2.769217455877e+03 
       1.472216642236e-01       2.710337570304e+03 
       1.497014637511e-01       2.645924166437e+03 
       1.521812670453e-01       2.575306458060e+03 
       1.546610739227e-01       2.498855587047e+03 
       1.571408842118e-01       2.417743956765e+03 
       1.596206977520e-01       2.333706569631e+03 
       1.621005143928e-01       2.248786826841e+03 
       1.645803339929e-01       2.165109409538e+03 
       1.670601564194e-01       2.084662887891e+03 
       1.695399815474e-01       2.009095162652e+03 
       1.720198092592e-01       1.939595720449e+03 
       1.744996394438e-01       1.876838563050e+03 
       1.769794719966e-01       1.820985364864e+03 
       1.794593068187e-01       1.771786320136e+03 
       1.819391438167e-01       1.728624838007e+03 
       1.844189829023e-01       1.690549638588e+03 
       1.868988239918e-01       1.656384274360e+03 
       1.893786670059e-01       1.624820978999e+03 
       1.918585118696e-01       1.594593150798e+03 
       1.943383585115e-01       1.564616542827e+03 
       1.968182068642e-01       1.534079214348e+03 
       1.992980568633e-01       1.502443120971e+03 
       2.017779084477e-01       1.469433057870e+03 
       2.042577615594e-01       1.435006638620e+03 
       2.067376161430e-01       1.399357927029e+03 
       2.092174721460e-01       1.362916310502e+03 
       2.116973295181e-01       1.326282843565e+03 
       2.141771882116e-01       1.290117330060e+03 
       2.166570481808e-01       1.255011058229e+03 
       2.191369093821e-01       1.221412474373e+03 
       2.216167717739e-01       1.189645865519e+03 
       2.240966353166e-01       1.159921042791e+03 
       2.265764999721e-01       1.132385252950e+03 
       2.290563657041e-01       1.107063520212e+03 
       2.315362324778e-01       1.083814154377e+03 
       2.340161002599e-01       1.062343576241e+03 
       2.364959690185e-01       1.042241718410e+03 
       2.389758387232e-01       1.023139783141e+03 
       2.414557093445e-01       1.004735769660e+03 
       2.439355808544e-01       9.868001563561e+02 
       2.464154532259e-01       9.691112831505e+02 
       2.488953264331e-01       9.514197373534e+02 
       2.513752004513e-01       9.335097369450e+02 
       2.538550752564e-01       9.152694728675e+02 
       2.563349508256e-01       8.967702004553e+02 
       2.588148271368e-01       8.782071489451e+02 
       2.612947041688e-01       8.597904642588e+02 
       2.637745819011e-01       8.416423241895e+02 
       2.662544603141e-01       8.238096785137e+02 
       2.687343393888e-01       8.063567084595e+02 
       2.712142191071e-01       7.894499762652e+02 
       2.736940994513e-01       7.733347353656e+02 
       2.761739804045e-01       7.582027332669e+02 
       2.786538619503e-01       7.440609166742e+02 
       2.811337440731e-01       7.307187115948e+02 
       2.836136267577e-01       7.179327595129e+02 
       2.860935099892e-01       7.055750380814e+02 
       2.885733937537e-01       6.937056382843e+02 
       2.910532780374e-01       6.824688232598e+02 
       2.935331628271e-01       6.718964056642e+02 
       2.960130481100e-01       6.617940269589e+02 
       2.984929338738e-01       6.518127522732e+02 
       3.009728201065e-01       6.416372264056e+02 
       3.034527067967e-01       6.311676940018e+02 
       3.059325939331e-01       6.205247650231e+02 
       3.084124815049e-01       6.098964825752e+02 
       3.108923695016e-01       5.993802954920e+02 
       3.133722579133e-01       5.889961825404e+02 
       3.158521467299e-01       5.787849078737e+02 
       3.183320359421e-01       5.687782073404e+02 
       3.208119255406e-01       5.590136350458e+02 
       3.232918155165e-01       5.495177734584e+02 
       3.257717058611e-01       5.403088474607e+02 
       3.282515965661e-01       5.314023022215e+02 
       3.307314876233e-01       5.227951732238e+02 
       3.332113790249e-01       5.144833677469e+02 
       3.356912707631e-01       5.064485620586e+02 
       3.381711628305e-01       4.986704884851e+02 
       3.406510552200e-01       4.911207009264e+02 
       3.431309479245e-01       4.837710670542e+02 
       3.456108409372e-01       4.765902722298e+02 
       3.480907342514e-01       4.695526456864e+02 
       3.505706278609e-01       4.626325345922e+02 
       3.530505217593e-01       4.558109388110e+02 
       3.555304159405e-01       4.490773435285e+02 
       3.580103103987e-01       4.424238947034e+02 
       3.604902051281e-01       4.358516521757e+02 
       3.629701001232e-01       4.293670831298e+02 
       3.654499953785e-01       4.229791741144e+02 
       3.679298908888e-01       4.166984120649e+02 
       3.704097866489e-01       4.105410950179e+02 
       3.728896826537e-01       4.045146581396e+02 
       3.753695788986e-01       3.986301702150e+02 
       3.778494753786e-01       3.928912334144e+02 
       3.803293720892e-01       3.872996601447e+02 
       3.828092690259e-01       3.818545851119e+02 
       3.852891661843e-01       3.765478788595e+02 
       3.877690635601e-01       3.713714236247e+02 
       3.902489611492e-01       3.663151443782e+02 
       3.927288589476e-01       3.613667964862e+02 
       3.952087569512e-01       3.565165581185e+02 
       3.976886551563e-01       3.517521500036e+02 
       4.001685535590e-01       3.470678151050e+02 
       4.026484521557e-01       3.424555134865e+02 
       4.051283509429e-01       3.379127805082e+02 
       4.076082499170e-01       3.334381724006e+02 
       4.100881490747e-01       3.290313173629e+02 
       4.125680484126e-01       3.246925106679e+02 
       4.150479479275e-01       3.204243870781e+02 
       4.175278476162e-01       3.162283737744e+02 
       4.200077474756e-01       3.121073840454e+02 
       4.224876475028e-01       3.080620254023e+02 
       4.249675476947e-01       3.040931195953e+02 
       4.274474480485e-01       3.001998164163e+02 
       4.299273485614e-01       2.963848350170e+02 
       4.324072492307e-01       2.926431961898e+02 
       4.348871500536e-01       2.889751729040e+02 
       4.373670510276e-01       2.853777524794e+02 
       4.398469521501e-01       2.818482451596e+02 
       4.423268534185e-01       2.783835871429e+02 
       4.448067548304e-01       2.749811005663e+02 
       4.472866563835e-01       2.716369000122e+02 
       4.497665580754e-01       2.683494441142e+02 
       4.522464599037e-01       2.651145196648e+02 
       4.547263618664e-01       2.619340094476e+02 
       4.572062639611e-01       2.588019386548e+02 
       4.596861661857e-01       2.557182508529e+02 
       4.621660685382e-01       2.526821335677e+02 
       4.646459710164e-01       2.496937232822e+02 
       4.671258736185e-01       2.467518170727e+02 
       4.696057763423e-01       2.438563670207e+02 
       4.720856791860e-01       2.410071521058e+02 
       4.745655821477e-01       2.382056157454e+02 
       4.770454852255e-01       2.354493823773e+02 
       4.795253884177e-01       2.327383961544e+02 
       4.820052917225e-01       2.300723432545e+02 
       4.844851951381e-01       2.274503026163e+02 
       4.869650986629e-01       2.248715729743e+02 
       4.894450022951e-01       2.223354135762e+02 
       4.919249060332e-01       2.198399170087e+02 
       4.944048098755e-01       2.173852718122e+02 
       4.968847138206e-01       2.149696783392e+02 
       4.993646178668e-01       2.125918003217e+02 
       5.018445220126e-01       2.102508172960e+02 
       5.043244262566e-01       2.079465092030e+02 
       5.068043305974e-01       2.056768151302e+02 
       5.092842350335e-01       2.034402618264e+02 
       5.117641395635e-01       2.012391044487e+02 
       5.142440441861e-01       1.990691941862e+02 
       5.167239488999e-01       1.969307939273e+02 
       5.192038537036e-01       1.948240531010e+02 
       5.216837585959e-01       1.927471971062e+02 
       5.241636635757e-01       1.907012228375e+02 
       5.266435686415e-01       1.886846833014e+02 
       5.291234737923e-01       1.866973969833e+02 
       5.316033790269e-01       1.847387888063e+02 
       5.340832843439e-01       1.828106494383e+02 
       5.365631897424e-01       1.809107809291e+02 
       5.390430952212e-01       1.790385141220e+02 
       5.415230007792e-01       1.771944192311e+02 
       5.440029064153e-01       1.753768767888e+02 
       5.464828121284e-01       1.735870034440e+02 
       5.489627179175e-01       1.718224187785e+02 
       5.514426237815e-01       1.700836398656e+02 
       5.539225297195e-01       1.683692145315e+02 
       5.564024357305e-01       1.666792135924e+02 
       5.588823418134e-01       1.650124351252e+02 
       5.613622479674e-01       1.633681022423e+02 
       5.638421541915e-01       1.617477515726e+02 
       5.663220604847e-01       1.601482241249e+02 
       5.688019668462e-01       1.585701771355e+02 
       5.712818732750e-01       1.570137340463e+02 
       5.737617797704e-01       1.554785105067e+02 
       5.762416863314e-01       1.539644068179e+02 
       5.787215929571e-01       1.524698493369e+02 
       5.812014996469e-01       1.509965224014e+02 
       5.836814063998e-01       1.495431283364e+02 
       5.861613132150e-01       1.481089670676e+02 
       5.886412200917e-01       1.466947815691e+02 
       5.911211270292e-01       1.452997418336e+02 
       5.936010340268e-01       1.439232450912e+02 
       5.960809410836e-01       1.425655136373e+02 
       5.985608481989e-01       1.412256692891e+02 
       6.010407553720e-01       1.399034300768e+02 
       6.035206626022e-01       1.385981433094e+02 
       6.060005698888e-01       1.373095431271e+02 
       6.084804772310e-01       1.360368793600e+02 
       6.109603846283e-01       1.347820964669e+02 
       6.134402920799e-01       1.335421666603e+02 
       6.159201995852e-01       1.323180215654e+02 
       6.184001071435e-01       1.311096651689e+02 
       6.208800147542e-01       1.299166474786e+02 
       6.233599224167e-01       1.287383116279e+02 
       6.258398301303e-01       1.275759762431e+02 
       6.283197378945e-01       1.264276087531e+02 
       6.307996457086e-01       1.252934899354e+02 
       6.332795535721e-01       1.241746552615e+02 
       6.357594614844e-01       1.230688363449e+02 
       6.382393694449e-01       1.219779643146e+02 
       6.407192774530e-01       1.208994448055e+02 
       6.431991855083e-01       1.198349588182e+02 
       6.456790936101e-01       1.187833824608e+02 
       6.481590017579e-01       1.177439235300e+02 
       6.506389099512e-01       1.167179702390e+02 
       6.531188181895e-01       1.157039785040e+02 
       6.555987264723e-01       1.147022395661e+02 
       6.580786347990e-01       1.137121715473e+02 
       6.605585431692e-01       1.127338735160e+02 
       6.630384515823e-01       1.117681319474e+02 
       6.655183600380e-01       1.108130929295e+02 
       6.679982685357e-01       1.098700006281e+02 
       6.704781770749e-01       1.089379598592e+02 
       6.729580856552e-01       1.080172384454e+02 
       6.754379942762e-01       1.071072942112e+02 
       6.779179029373e-01       1.062078696265e+02 
       6.803978116382e-01       1.053192621693e+02 
       6.828777203784e-01       1.044413554053e+02 
       6.853576291575e-01       1.035732485121e+02 
       6.878375379751e-01       1.027144981562e+02 
       6.903174468307e-01       1.018666493241e+02 
       6.927973557240e-01       1.010279102159e+02 
       6.952772646545e-01       1.001982993327e+02 
       6.977571736219e-01       9.937931121774e+01 
       7.002370826257e-01       9.856824984942e+01 
       7.027169916656e-01       9.776741229300e+01 
       7.051969007411e-01       9.697534327983e+01 
       7.076768098520e-01       9.619194391175e+01 
       7.101567189978e-01       9.541792761108e+01 
       7.126366281782e-01       9.465291962571e+01 
       7.151165373927e-01       9.389650753029e+01 
       7.175964466412e-01       9.314786694866e+01 
       7.200763559231e-01       9.240771502144e+01 
       7.225562652382e-01       9.167651515893e+01 
       7.250361745862e-01       9.095242745016e+01 
       7.275160839666e-01       9.023742244668e+01 
       7.299959933791e-01       8.952873912027e+01 
       7.324759028235e-01       8.882887751487e+01 
       7.349558122994e-01       8.813638316952e+01 
       7.374357218065e-01       8.745116673229e+01 
       7.399156313444e-01       8.677315966250e+01 
       7.423955409129e-01       8.610205183284e+01 
       7.448754505116e-01       8.543900184730e+01 
       7.473553601403e-01       8.478310314967e+01 
       7.498352697987e-01       8.413401959800e+01 
       7.523151794864e-01       8.349170810127e+01 
       7.547950892032e-01       8.285666557515e+01 
       7.572749989488e-01       8.222810655051e+01 
       7.597549087228e-01       8.160642264034e+01 
       7.622348185251e-01       8.099168817256e+01 
       7.647147283554e-01       8.038272624061e+01 
       7.671946382133e-01       7.978052240769e+01 
       7.696745480986e-01       7.918420906899e+01 
       7.721544580111e-01       7.859460406495e+01 
       7.746343679505e-01       7.801071988509e+01 
       7.771142779165e-01       7.743295928107e+01 
       7.795941879088e-01       7.686124022714e+01 
       7.820740979273e-01       7.629490027974e+01 
       7.845540079716e-01       7.573468209974e+01 
       7.870339180416e-01       7.518018659736e+01 
       7.895138281370e-01       7.463146547613e+01 
       7.919937382575e-01       7.408818721546e+01 
       7.944736484029e-01       7.355061210432e+01 
       7.969535585730e-01       7.301849312029e+01 
       7.994334687675e-01       7.249147120591e+01 
       8.019133789863e-01       7.197017258706e+01 
       8.043932892291e-01       7.145418780313e+01 
       8.068731994956e-01       7.094293754180e+01 
       8.093531097857e-01       7.043690390918e+01 
       8.118330200991e-01       6.993618287802e+01 
       8.143129304357e-01       6.943994754682e+01 
       8.167928407951e-01       6.894867311857e+01 
       8.192727511773e-01       6.846201049233e+01 
       8.217526615820e-01       6.798055257565e+01 
       8.242325720090e-01       6.750321151735e+01 
       8.267124824580e-01       6.703110358267e+01 
       8.291923929290e-01       6.656344245400e+01 
       8.316723034217e-01       6.610023892679e+01 
       8.341522139358e-01       6.564145230469e+01 
       8.366321244713e-01       6.518732789873e+01 
       8.391120350279e-01       6.473747952696e+01 
       8.415919456055e-01       6.429206900110e+01 
       8.440718562038e-01       6.385080222661e+01 
       8.465517668227e-01       6.341393242137e+01 
       8.490316774620e-01       6.298095101417e+01 
       8.515115881215e-01       6.255226207946e+01 
       8.539914988010e-01       6.212780625274e+01 
       8.564714095004e-01       6.170700622290e+01 
       8.589513202195e-01       6.129026324591e+01 
       8.614312309581e-01       6.087723717067e+01 
       8.639111417160e-01       6.046847197095e+01 
       8.663910524931e-01       6.006300810214e+01 
       8.688709632893e-01       5.966188464123e+01 
       8.713508741043e-01       5.926408929656e+01 
       8.738307849380e-01       5.887025950532e+01 
       8.763106957903e-01       5.847952317255e+01 
       8.787906066609e-01       5.809325762437e+01 
       8.812705175498e-01       5.771016491314e+01 
       8.837504284567e-01       5.733054092423e+01 
       8.862303393815e-01       5.695442358885e+01 
       8.887102503242e-01       5.658171338084e+01 
       8.911901612844e-01       5.621269334857e+01 
       8.936700722621e-01       5.584698947208e+01 
       8.961499832572e-01       5.548395937673e+01 
       8.986298942694e-01       5.512474052630e+01 
       9.011098052987e-01       5.476862060837e+01 
       9.035897163449e-01       5.441536304663e+01 
       9.060696274078e-01       5.406563593841e+01 
       9.085495384874e-01       5.371925900125e+01 
       9.110294495834e-01       5.337542129900e+01 
       9.135093606958e-01       5.303512430340e+01 
       9.159892718245e-01       5.269731577174e+01 
       9.184691829692e-01       5.236297321800e+01 
       9.209490941299e-01       5.203176343279e+01 
       9.234290053064e-01       5.170309724543e+01 
       9.259089164987e-01       5.137756572945e+01 
       9.283888277065e-01       5.105477407999e+01 
       9.308687389297e-01       5.073475008665e+01 
       9.333486501683e-01       5.041744452588e+01 
       9.358285614221e-01       5.010295069490e+01 
       9.383084726910e-01       4.979136238597e+01 
       9.407883839749e-01       4.948235274721e+01 
       9.432682952736e-01       4.917593648425e+01 
       9.457482065870e-01       4.887213755906e+01 
       9.482281179151e-01       4.857096199639e+01 
       9.507080292577e-01       4.827245241294e+01 
       9.531879406146e-01       4.797660951524e+01 
       9.556678519859e-01       4.768290744028e+01 
       9.581477633713e-01       4.739223827695e+01 
       9.606276747707e-01       4.710373841237e+01 
       9.631075861841e-01       4.681798853436e+01 
       9.655874976114e-01       4.653430405583e+01 
       9.680674090524e-01       4.625310277480e+01 
       9.705473205070e-01       4.597418019274e+01 
       9.730272319751e-01       4.569736952562e+01 
       9.755071434567e-01       4.542370196545e+01 
       9.779870549515e-01       4.515171469633e+01 
       9.804669664596e-01       4.488195259122e+01 
       9.829468779808e-01       4.461465344703e+01 
       9.854267895151e-01       4.434956536291e+01 
       9.879067010622e-01       4.408649064648e+01 
       9.903866126222e-01       4.382533364371e+01 
       9.928665241949e-01       4.356681045178e+01 
       9.953464357802e-01       4.331013223696e+01 
       9.978263473781e-01       4.305557569642e+01 
       1.000306258988e+00       4.280325194660e+01 
       1.002786170611e+00       4.255288131598e+01 
       1.005266082246e+00       4.230462400020e+01 
       1.007745993893e+00       4.205827825595e+01 
       1.010225905552e+00       4.181443555579e+01 
       1.012705817223e+00       4.157197475315e+01 
       1.015185728906e+00       4.133141516826e+01 
       1.017665640601e+00       4.109321739428e+01 
       1.020145552308e+00       4.085650205844e+01 
       1.022625464026e+00       4.062207786117e+01 
       1.025105375756e+00       4.038924886592e+01 
       1.027585287497e+00       4.015832922506e+01 
       1.030065199250e+00       3.992912288688e+01 
       1.032545111014e+00       3.970182978122e+01 
       1.035025022789e+00       3.947643965237e+01 
       1.037504934576e+00       3.925267055045e+01 
       1.039984846373e+00       3.903083520770e+01 
       1.042464758181e+00       3.881053980870e+01 
       1.044944670001e+00       3.859219915867e+01 
       1.047424581831e+00       3.837560869032e+01 
       1.049904493672e+00       3.816024607499e+01 
       1.052384405524e+00       3.794719197806e+01 
       1.054864317386e+00       3.773528241435e+01 
       1.057344229259e+00       3.752511753105e+01 
       1.059824141142e+00       3.731696571027e+01 
       1.062304053035e+00       3.711020566999e+01 
       1.064783964939e+00       3.690477057843e+01 
       1.067263876853e+00       3.670116742272e+01 
       1.069743788778e+00       3.649885339240e+01 
       1.072223700712e+00       3.629839329129e+01 
       1.072483128768e+00       3.627740899941e+01 
       1.074703612656e+00       3.609945512698e+01 
       1.077183524611e+00       3.590179473484e+01 
       1.079663436575e+00       3.570576092648e+01 
       1.082143348549e+00       3.551106701454e+01 
       1.084623260533e+00       3.531805300048e+01 
       1.087103172527e+00       3.512661310551e+01 
       1.089583084530e+00       3.493651682737e+01 
       1.092062996542e+00       3.474762059007e+01 
       1.094542908565e+00       3.456026834690e+01 
       1.097022820596e+00       3.437462099489e+01 
       1.099502732637e+00       3.418997769300e+01 
       1.101982644688e+00       3.400693054873e+01 
       1.104462556747e+00       3.382538994295e+01 
       1.106942468816e+00       3.364469162883e+01 
       1.109422380894e+00       3.346533942240e+01 
       1.111902292980e+00       3.328766948953e+01 
       1.114382205076e+00       3.311134468181e+01 
       1.116862117181e+00       3.293606761326e+01 
       1.119342029295e+00       3.276229856393e+01 
       1.121821941417e+00       3.258973571639e+01 
       1.124301853548e+00       3.241837778467e+01 
       1.126781765688e+00       3.224852911779e+01 
       1.129261677837e+00       3.207962852906e+01 
       1.131741589994e+00       3.191231208659e+01 
       1.134221502160e+00       3.174571771279e+01 
       1.136701414334e+00       3.158059243732e+01 
       1.139181326516e+00       3.141697433407e+01 
       1.141661238707e+00       3.125406887515e+01 
       1.144141150906e+00       3.109232213239e+01 
       1.146621063114e+00       3.093161044412e+01 
       1.149100975329e+00       3.077254424792e+01 
       1.151580887553e+00       3.061455926059e+01 
       1.154060799785e+00       3.045735654168e+01 
       1.156540712025e+00       3.030118707544e+01 
       1.159020624273e+00       3.014691939450e+01 
       1.161500536529e+00       2.999291590870e+01 
       1.461983882731e+00       1.723307366254e+01 
       1.840526687459e+00       9.826591468734e+00 
       2.317085815452e+00       5.566109666173e+00 
       2.917038214380e+00       3.133438480323e+00 
       3.672333535257e+00       1.753996672726e+00 
       4.623194008119e+00       9.766078157545e-01 
       5.820256420476e+00       5.410582697282e-01 
       7.327268710895e+00       2.983295174376e-01 
       9.224484779190e+00       1.638028227364e-01 
       1.161293829923e+01       8.955722074332e-02 
       1.461982313050e+01       4.876034424359e-02 
       1.840526685492e+01       2.645240486471e-02 
       2.317085815451e+01       1.429716508444e-02 
