# Matter power spectrum P(k) at redshift z=0
# for k=8.06309e-06 to 23.1709 h/Mpc,
# number of wavenumbers equal to 861
#    1:k (h/Mpc)              2:P (Mpc/h)^3        
       8.063094627304e-06       1.010797340268e+02 
       1.799879852529e-05       2.192256368689e+02 
       2.795531670261e-05       3.351524754047e+02 
       3.794857284474e-05       4.499833928843e+02 
       4.799464795472e-05       5.643052505284e+02 
       5.810986579511e-05       6.785244818818e+02 
       6.831087998549e-05       7.929654219769e+02 
       7.861476346671e-05       9.079095456222e+02 
       8.903910104816e-05       1.023614515950e+03 
       9.960208576256e-05       1.140324911558e+03 
       1.103226197607e-04       1.258278923098e+03 
       1.212204204863e-04       1.377712918836e+03 
       1.323161328746e-04       1.498864841892e+03 
       1.436314483177e-04       1.621976906799e+03 
       1.551892311236e-04       1.747297875067e+03 
       1.670136531707e-04       1.875085080523e+03 
       1.791303374080e-04       2.005606280949e+03 
       1.915665107696e-04       2.139141438809e+03 
       2.043511669539e-04       2.275984445811e+03 
       2.175152393408e-04       2.416444810292e+03 
       2.310917840800e-04       2.560849356193e+03 
       2.451161730514e-04       2.709543883845e+03 
       2.596262959596e-04       2.862894836890e+03 
       2.746627702457e-04       3.021290912313e+03 
       2.902691567586e-04       3.185144628716e+03 
       3.064921781847e-04       3.354893790320e+03 
       3.233819360610e-04       3.531002780595e+03 
       3.409921207563e-04       3.713963655805e+03 
       3.593802070753e-04       3.904296910786e+03 
       3.786076260986e-04       4.102551857647e+03 
       3.987399015405e-04       4.309306414315e+03 
       4.198467363095e-04       4.525166261982e+03 
       4.420020322063e-04       4.750763044643e+03 
       4.652838229331e-04       4.986751622964e+03 
       4.897740980930e-04       5.233805907733e+03 
       5.155584939622e-04       5.492613368217e+03 
       5.427258260208e-04       5.763867626592e+03 
       5.713674391044e-04       6.048259415169e+03 
       6.015763542509e-04       6.346465302773e+03 
       6.334461975377e-04       6.659134446735e+03 
       6.670699059687e-04       6.986873434727e+03 
       7.025382190504e-04       7.330229265347e+03 
       7.399379818654e-04       7.689671084931e+03 
       7.793503053074e-04       8.065571348209e+03 
       8.208486500002e-04       8.458186961158e+03 
       8.644969197837e-04       8.867642091525e+03 
       9.103476654871e-04       9.293913230945e+03 
       9.584405068746e-04       9.736817810135e+03 
       1.008800877574e-03       1.019600756379e+04 
       1.061439183157e-03       1.067096755213e+04 
       1.072483128768e-03       1.076997199121e+04 
       1.116350436862e-03       1.116102034171e+04 
       1.173514403223e-03       1.166533660316e+04 
       1.232896241352e-03       1.218295020214e+04 
       1.294447601936e-03       1.271277767181e+04 
       1.358108100175e-03       1.325364041422e+04 
       1.423807064833e-03       1.380428912002e+04 
       1.491465453149e-03       1.436342846427e+04 
       1.560997822702e-03       1.492974155690e+04 
       1.632314262396e-03       1.550191191671e+04 
       1.705322202710e-03       1.607864456842e+04 
       1.779928046787e-03       1.665868245385e+04 
       1.856038585803e-03       1.724081863336e+04 
       1.933562181946e-03       1.782391009736e+04 
       2.012409718799e-03       1.840688153038e+04 
       2.092495331292e-03       1.898873155822e+04 
       2.173736935682e-03       1.956853507284e+04 
       2.256056584747e-03       2.014544397218e+04 
       2.339380675166e-03       2.071868506647e+04 
       2.423640033730e-03       2.128755884569e+04 
       2.508769907240e-03       2.185143587288e+04 
       2.594709878323e-03       2.240975281470e+04 
       2.681403726373e-03       2.296200954918e+04 
       2.768799249735e-03       2.350776316348e+04 
       2.856848062322e-03       2.404662635167e+04 
       2.945505375205e-03       2.457826073264e+04 
       3.034729771363e-03       2.510237495063e+04 
       3.124482979861e-03       2.561871894120e+04 
       3.214729654051e-03       2.612707946349e+04 
       3.305437157091e-03       2.662727997907e+04 
       3.396575357037e-03       2.711917449247e+04 
       3.488116432894e-03       2.760264499958e+04 
       3.580034692457e-03       2.807759869018e+04 
       3.672306402225e-03       2.854396325070e+04 
       3.764909629376e-03       2.900168906657e+04 
       3.857824095512e-03       2.945074256658e+04 
       3.951031041736e-03       2.989111048242e+04 
       4.044513104485e-03       3.032278489914e+04 
       4.138254201498e-03       3.074578132363e+04 
       4.232239427261e-03       3.116012137675e+04 
       4.326454957242e-03       3.156583799855e+04 
       4.420887960284e-03       3.196297407638e+04 
       4.515526518479e-03       3.235157735222e+04 
       4.610359553953e-03       3.273170582431e+04 
       4.705376761949e-03       3.310342418948e+04 
       4.800568549696e-03       3.346680090418e+04 
       4.895925980552e-03       3.382190355230e+04 
       4.991440722952e-03       3.416881687140e+04 
       5.087105003751e-03       3.450761694192e+04 
       5.182911565553e-03       3.483838665587e+04 
       5.278853627679e-03       3.516121428069e+04 
       5.374924850450e-03       3.547618530979e+04 
       5.471119302468e-03       3.578339164418e+04 
       5.567431430657e-03       3.608292081119e+04 
       5.663856032782e-03       3.637486640687e+04 
       5.760388232250e-03       3.665932255742e+04 
       5.857023454974e-03       3.693637951172e+04 
       5.953757408127e-03       3.720613235436e+04 
       6.050586060610e-03       3.746868271090e+04 
       6.147505625087e-03       3.772411614659e+04 
       6.244512541451e-03       3.797252945135e+04 
       6.341603461591e-03       3.821401669060e+04 
       6.438775235358e-03       3.844867440537e+04 
       6.536024897612e-03       3.867659258148e+04 
       6.633349656274e-03       3.889787196803e+04 
       6.730746881282e-03       3.911259107933e+04 
       6.828214094389e-03       3.932086258920e+04 
       6.925748959723e-03       3.952275443615e+04 
       7.023349275051e-03       3.971836927601e+04 
       7.121012963686e-03       3.990779922072e+04 
       7.218738066990e-03       4.009111436581e+04 
       7.316522737415e-03       4.026841875199e+04 
       7.414365232052e-03       4.043979243111e+04 
       7.512263906638e-03       4.060533156118e+04 
       7.610217209981e-03       4.076511443820e+04 
       7.708223678793e-03       4.091922252316e+04 
       7.806281932865e-03       4.106773360206e+04 
       7.904390670592e-03       4.121074706928e+04 
       8.002548664795e-03       4.134833420306e+04 
       8.100754758836e-03       4.148056076078e+04 
       8.199007862992e-03       4.160753816735e+04 
       8.297306951075e-03       4.172932657923e+04 
       8.395651057279e-03       4.184597886285e+04 
       8.494039273238e-03       4.195761243805e+04 
       8.592470745275e-03       4.206428130596e+04 
       8.690944671840e-03       4.216605606313e+04 
       8.789460301109e-03       4.226301958346e+04 
       8.888016928741e-03       4.235523868785e+04 
       8.986613895789e-03       4.244278802355e+04 
       9.085250586731e-03       4.252574338723e+04 
       9.183926427650e-03       4.260416357361e+04 
       9.282640884508e-03       4.267812457995e+04 
       9.381393461552e-03       4.274770048878e+04 
       9.480183699808e-03       4.281296077272e+04 
       9.579011175682e-03       4.287394573554e+04 
       9.677875499646e-03       4.293074242462e+04 
       9.776776315010e-03       4.298339824253e+04 
       9.875713296772e-03       4.303198341047e+04 
       9.974686150551e-03       4.307656968514e+04 
       1.007369461157e-02       4.311721074828e+04 
       1.017273844375e-02       4.315395558754e+04 
       1.027181743879e-02       4.318690135735e+04 
       1.037093141537e-02       4.321608264908e+04 
       1.047008021843e-02       4.324154403930e+04 
       1.056926371837e-02       4.326337178118e+04 
       1.066848181049e-02       4.328161317828e+04 
       1.072483128768e-02       4.329039403965e+04 
       1.076773441430e-02       4.329631793798e+04 
       1.086702147300e-02       4.330754671043e+04 
       1.096634295290e-02       4.331536354642e+04 
       1.106569884298e-02       4.331980923935e+04 
       1.116508915443e-02       4.332094645870e+04 
       1.126451392021e-02       4.331882160359e+04 
       1.136397319468e-02       4.331348808240e+04 
       1.146346705326e-02       4.330501170724e+04 
       1.156299559209e-02       4.329342015603e+04 
       1.166255892777e-02       4.327878003929e+04 
       1.176215719706e-02       4.326113953661e+04 
       1.186179055671e-02       4.324055153003e+04 
       1.196145918316e-02       4.321706623734e+04 
       1.206116327243e-02       4.319068620010e+04 
       1.216090303993e-02       4.316156925133e+04 
       1.226067872034e-02       4.312966801193e+04 
       1.236049056746e-02       4.309502159240e+04 
       1.246033885417e-02       4.305773558219e+04 
       1.256022387229e-02       4.301781605405e+04 
       1.266014593259e-02       4.297533591314e+04 
       1.276010536473e-02       4.293029924965e+04 
       1.286010251723e-02       4.288281506948e+04 
       1.296013775750e-02       4.283288300006e+04 
       1.306021147186e-02       4.278051658116e+04 
       1.316032406555e-02       4.272583417167e+04 
       1.326047596282e-02       4.266878349061e+04 
       1.336066760699e-02       4.260951176213e+04 
       1.346089946054e-02       4.254798838423e+04 
       1.356117200522e-02       4.248427429494e+04 
       1.366148574215e-02       4.241842708649e+04 
       1.376184119200e-02       4.235045981920e+04 
       1.386223889512e-02       4.228041059004e+04 
       1.396267941168e-02       4.220830192107e+04 
       1.406316332191e-02       4.213426201624e+04 
       1.416369122627e-02       4.205819400032e+04 
       1.426426374567e-02       4.198029732876e+04 
       1.436488152169e-02       4.190045207432e+04 
       1.446554521684e-02       4.181878293847e+04 
       1.456625551481e-02       4.173531518151e+04 
       1.466701312076e-02       4.165008992492e+04 
       1.476781876160e-02       4.156307986244e+04 
       1.486867318628e-02       4.147443010268e+04 
       1.496957716616e-02       4.138408213879e+04 
       1.507053149530e-02       4.129210691149e+04 
       1.517153699083e-02       4.119851733788e+04 
       1.527259449333e-02       4.110337169482e+04 
       1.537370486720e-02       4.100675634848e+04 
       1.547486900107e-02       4.090860741740e+04 
       1.557608780821e-02       4.080892873170e+04 
       1.567736222699e-02       4.070790031236e+04 
       1.577869322128e-02       4.060552003618e+04 
       1.588008178097e-02       4.050167533752e+04 
       1.598152892246e-02       4.039653653177e+04 
       1.608303568910e-02       4.029005053788e+04 
       1.618460315180e-02       4.018236004516e+04 
       1.628623240951e-02       4.007338620937e+04 
       1.638792458979e-02       3.996317537294e+04 
       1.648968084943e-02       3.985187787415e+04 
       1.659150237500e-02       3.973934486047e+04 
       1.669339038352e-02       3.962572880508e+04 
       1.679534612307e-02       3.951099761296e+04 
       1.689737087345e-02       3.939513090103e+04 
       1.699946594690e-02       3.927826094921e+04 
       1.710163268879e-02       3.916043927421e+04 
       1.720387247834e-02       3.904151572291e+04 
       1.730618672941e-02       3.892166819468e+04 
       1.740857689126e-02       3.880098575114e+04 
       1.751104444935e-02       3.867930549167e+04 
       1.761359092622e-02       3.855675374024e+04 
       1.771621788228e-02       3.843340864017e+04 
       1.781892691677e-02       3.830921719146e+04 
       1.792171966864e-02       3.818407436065e+04 
       1.802459781749e-02       3.805827441618e+04 
       1.812756308460e-02       3.793175025349e+04 
       1.823061723387e-02       3.780445002520e+04 
       1.833376207294e-02       3.767642995691e+04 
       1.843699945421e-02       3.754780719998e+04 
       1.854033127596e-02       3.741834777575e+04 
       1.864375948354e-02       3.728841051092e+04 
       1.874728607052e-02       3.715773743565e+04 
       1.885091307993e-02       3.702645786416e+04 
       1.895464260553e-02       3.689479311814e+04 
       1.905847679309e-02       3.676248052814e+04 
       1.916241784181e-02       3.662964271823e+04 
       1.926646800562e-02       3.649627987146e+04 
       1.937062959473e-02       3.636240712869e+04 
       1.947490497703e-02       3.622811026768e+04 
       1.957929657969e-02       3.609327503886e+04 
       1.968380689075e-02       3.595806085544e+04 
       1.978843846073e-02       3.582248030215e+04 
       1.989319390439e-02       3.568649866210e+04 
       1.999807590245e-02       3.555009248024e+04 
       2.010308720343e-02       3.541339682528e+04 
       2.020823062557e-02       3.527632371802e+04 
       2.031350905871e-02       3.513898624699e+04 
       2.041892546640e-02       3.500125064969e+04 
       2.052448288792e-02       3.486334314023e+04 
       2.063018444051e-02       3.472512953215e+04 
       2.073603332157e-02       3.458669151702e+04 
       2.084203281100e-02       3.444803708998e+04 
       2.094818627365e-02       3.430906795795e+04 
       2.105449716174e-02       3.416997947080e+04 
       2.116096901752e-02       3.403073540015e+04 
       2.126760547593e-02       3.389133251319e+04 
       2.137441026739e-02       3.375168203130e+04 
       2.148138722068e-02       3.361196736964e+04 
       2.158854026595e-02       3.347212465637e+04 
       2.169587343784e-02       3.333211779712e+04 
       2.180339087868e-02       3.319213856261e+04 
       2.191109684188e-02       3.305195122845e+04 
       2.201899569540e-02       3.291173966828e+04 
       2.212709192539e-02       3.277160034056e+04 
       2.223539013991e-02       3.263134016418e+04 
       2.234389507290e-02       3.249097106225e+04 
       2.245261158821e-02       3.235068882278e+04 
       2.256154468385e-02       3.221049637454e+04 
       2.267069949639e-02       3.207006664732e+04 
       2.278008130557e-02       3.192976551071e+04 
       2.288969553903e-02       3.178946738729e+04 
       2.299954777733e-02       3.164933344377e+04 
       2.310964375908e-02       3.150912519985e+04 
       2.321998938642e-02       3.136912322597e+04 
       2.333059073056e-02       3.122914596408e+04 
       2.344145403772e-02       3.108925740294e+04 
       2.355258573524e-02       3.094937362005e+04 
       2.366399243796e-02       3.080963219268e+04 
       2.377568095491e-02       3.067015449050e+04 
       2.388765829629e-02       3.053061393207e+04 
       2.399993168077e-02       3.039135150673e+04 
       2.411250854307e-02       3.025224220147e+04 
       2.422539654196e-02       3.011311474357e+04 
       2.433860356859e-02       2.997428370860e+04 
       2.445213775520e-02       2.983565539507e+04 
       2.456600748427e-02       2.969705527468e+04 
       2.468022139806e-02       2.955876846398e+04 
       2.479478840868e-02       2.942062491451e+04 
       2.490971770854e-02       2.928265142707e+04 
       2.502501878140e-02       2.914488128253e+04 
       2.514070141396e-02       2.900740942407e+04 
       2.525677570795e-02       2.887008179419e+04 
       2.537325209291e-02       2.873299911450e+04 
       2.549014133959e-02       2.859616541486e+04 
       2.560745457402e-02       2.845951829950e+04 
       2.572520329234e-02       2.832317988427e+04 
       2.584339937636e-02       2.818705160716e+04 
       2.596205511003e-02       2.805114079735e+04 
       2.608118319667e-02       2.791548146683e+04 
       2.620079677725e-02       2.778002089750e+04 
       2.632090944957e-02       2.764491987720e+04 
       2.644153528857e-02       2.751008339412e+04 
       2.656268886774e-02       2.737544486832e+04 
       2.668438528172e-02       2.724117379257e+04 
       2.680664017026e-02       2.710704716230e+04 
       2.692946974346e-02       2.697325097010e+04 
       2.705289080857e-02       2.683975111744e+04 
       2.717692079836e-02       2.670657733119e+04 
       2.730157780110e-02       2.657368029682e+04 
       2.742688059249e-02       2.644103380741e+04 
       2.755284866939e-02       2.630862570610e+04 
       2.767950228580e-02       2.617649546937e+04 
       2.780686249094e-02       2.604471327455e+04 
       2.793495116984e-02       2.591316752183e+04 
       2.806379108652e-02       2.578190231385e+04 
       2.819340592993e-02       2.565098515991e+04 
       2.832382036298e-02       2.552033512578e+04 
       2.845506007482e-02       2.538994015065e+04 
       2.858715183659e-02       2.525988326323e+04 
       2.872012356109e-02       2.513000766901e+04 
       2.885400436650e-02       2.500047723170e+04 
       2.898882464463e-02       2.487109194193e+04 
       2.912461613400e-02       2.474221442715e+04 
       2.926141199827e-02       2.461346265644e+04 
       2.939924691029e-02       2.448498074646e+04 
       2.953815714251e-02       2.435681316053e+04 
       2.967818066417e-02       2.422884654885e+04 
       2.981935724591e-02       2.410117028188e+04 
       2.996172857251e-02       2.397372080257e+04 
       3.010533836449e-02       2.384659410099e+04 
       3.025023250948e-02       2.371960084169e+04 
       3.039645920424e-02       2.359293027021e+04 
       3.054406910836e-02       2.346641374680e+04 
       3.069311551090e-02       2.334014600203e+04 
       3.084365451118e-02       2.321409278856e+04 
       3.099574521522e-02       2.308824290489e+04 
       3.114944994949e-02       2.296258883308e+04 
       3.130483449372e-02       2.283715416361e+04 
       3.146196833501e-02       2.271176164621e+04 
       3.162092494534e-02       2.258667364826e+04 
       3.178178208528e-02       2.246181413150e+04 
       3.194462213687e-02       2.233698589524e+04 
       3.210953246892e-02       2.221221430959e+04 
       3.227660583871e-02       2.208768845422e+04 
       3.244594083441e-02       2.196321469469e+04 
       3.261764236309e-02       2.183885760674e+04 
       3.279182219027e-02       2.171461228602e+04 
       3.296859953727e-02       2.159025643651e+04 
       3.314810174411e-02       2.146617828158e+04 
       3.333046500643e-02       2.134199415990e+04 
       3.351583519656e-02       2.121771313927e+04 
       3.370436878034e-02       2.109359221724e+04 
       3.389623384307e-02       2.096927489747e+04 
       3.409161124033e-02       2.084497570405e+04 
       3.429069589206e-02       2.072059314416e+04 
       3.449369824139e-02       2.059607702483e+04 
       3.470084590345e-02       2.047145917950e+04 
       3.491238553415e-02       2.034654502278e+04 
       3.512858495416e-02       2.022149705244e+04 
       3.534973557020e-02       2.009615873483e+04 
       3.557615514375e-02       1.997053629388e+04 
       3.580819096709e-02       1.984452457292e+04 
       3.604622351893e-02       1.971823849916e+04 
       3.629067068657e-02       1.959141362215e+04 
       3.654199266004e-02       1.946410465872e+04 
       3.680069762652e-02       1.933628701585e+04 
       3.706734842189e-02       1.920775216162e+04 
       3.734257033169e-02       1.907860011370e+04 
       3.762706027869e-02       1.894862417583e+04 
       3.792159769073e-02       1.881774447570e+04 
       3.822705741365e-02       1.868586200777e+04 
       3.854442512508e-02       1.855281389570e+04 
       3.887481582005e-02       1.841860768158e+04 
       3.921949608648e-02       1.828295469637e+04 
       3.957991107594e-02       1.814568252285e+04 
       3.995771731366e-02       1.800661787763e+04 
       4.035482279308e-02       1.786544851357e+04 
       4.077343617828e-02       1.772195256830e+04 
       4.121612740155e-02       1.757567421428e+04 
       4.168590249572e-02       1.742618235567e+04 
       4.218629611761e-02       1.727300255771e+04 
       4.272148582388e-02       1.711540492433e+04 
       4.329643256117e-02       1.695250481629e+04 
       4.391705160614e-02       1.678321650620e+04 
       4.459041646705e-02       1.660613852967e+04 
       4.532499333879e-02       1.641929783121e+04 
       4.613089245166e-02       1.622022937048e+04 
       4.702009972076e-02       1.600550491503e+04 
       4.800660953209e-02       1.577062192407e+04 
       4.910630883079e-02       1.550950664320e+04 
       5.033636495449e-02       1.521431653940e+04 
       5.171378278752e-02       1.487520539087e+04 
       5.325284205583e-02       1.448093610760e+04 
       5.496152099951e-02       1.402044075143e+04 
       5.683788842739e-02       1.348593095330e+04 
       5.886835772928e-02       1.287684413582e+04 
       6.102945540303e-02       1.220290108111e+04 
       6.329275809478e-02       1.148437188908e+04 
       6.563052083129e-02       1.074888319499e+04 
       6.801949839710e-02       1.002639843798e+04 
       7.044223268557e-02       9.344245379978e+03 
       7.288656914948e-02       8.723690394885e+03 
       7.534446341015e-02       8.178304238583e+03 
       7.781076295305e-02       7.713838119086e+03 
       8.028223511982e-02       7.329026130519e+03 
       8.275687761060e-02       7.016947113077e+03 
       8.523345985971e-02       6.766524192318e+03 
       8.771122909211e-02       6.563948543086e+03 
       9.018972601190e-02       6.394146609163e+03 
       9.266867073694e-02       6.242075850357e+03 
       9.514789275968e-02       6.094011457809e+03 
       9.762728814393e-02       5.938695217508e+03 
       1.001067934404e-01       5.768165671073e+03 
       1.025863698170e-01       5.578291142357e+03 
       1.050659934133e-01       5.368753795247e+03 
       1.072483128768e-01       5.170449892408e+03 
       1.075456494802e-01       5.142624709035e+03 
       1.100253288204e-01       4.905500881777e+03 
       1.125050256261e-01       4.664502250663e+03 
       1.149847361641e-01       4.427171910357e+03 
       1.174644579777e-01       4.200537007162e+03 
       1.199441893991e-01       3.990414911284e+03 
       1.224239292534e-01       3.800926365677e+03 
       1.249036766771e-01       3.634304490995e+03 
       1.273834310070e-01       3.490947088367e+03 
       1.298631917117e-01       3.369588548469e+03 
       1.323429583493e-01       3.267643350275e+03 
       1.348227305406e-01       3.181502484067e+03 
       1.373025079523e-01       3.107017576612e+03 
       1.397822902859e-01       3.039878557872e+03 
       1.422620772710e-01       2.976719503606e+03 
       1.447418686597e-01       2.912874244402e+03 
       1.472216642236e-01       2.845522791944e+03 
       1.497014637511e-01       2.772900786766e+03 
       1.521812670453e-01       2.694357226670e+03 
       1.546610739227e-01       2.610250408424e+03 
       1.571408842118e-01       2.521782479438e+03 
       1.596206977520e-01       2.430740813508e+03 
       1.621005143928e-01       2.339219787582e+03 
       1.645803339929e-01       2.249360177059e+03 
       1.670601564194e-01       2.163120755074e+03 
       1.695399815474e-01       2.082105963505e+03 
       1.720198092592e-01       2.007462935082e+03 
       1.744996394438e-01       1.939835370041e+03 
       1.769794719966e-01       1.879364883138e+03 
       1.794593068187e-01       1.825732673133e+03 
       1.819391438167e-01       1.778244986750e+03 
       1.844189829023e-01       1.735901727328e+03 
       1.868988239918e-01       1.697538136209e+03 
       1.893786670059e-01       1.661901894118e+03 
       1.918585118696e-01       1.627780047536e+03 
       1.943383585115e-01       1.594091104225e+03 
       1.968182068642e-01       1.559978075456e+03 
       1.992980568633e-01       1.524850918076e+03 
       2.017779084477e-01       1.488420257612e+03 
       2.042577615594e-01       1.450689521136e+03 
       2.067376161430e-01       1.411911004572e+03 
       2.092174721460e-01       1.372538450704e+03 
       2.116973295181e-01       1.333155594006e+03 
       2.141771882116e-01       1.294377071574e+03 
       2.166570481808e-01       1.256792422134e+03 
       2.191369093821e-01       1.220919358372e+03 
       2.216167717739e-01       1.187138389500e+03 
       2.240966353166e-01       1.155682507612e+03 
       2.265764999721e-01       1.126628282506e+03 
       2.290563657041e-01       1.099917643652e+03 
       2.315362324778e-01       1.075355398594e+03 
       2.340161002599e-01       1.052665418221e+03 
       2.364959690185e-01       1.031504792219e+03 
       2.389758387232e-01       1.011506147770e+03 
       2.414557093445e-01       9.923113972264e+02 
       2.439355808544e-01       9.735940272773e+02 
       2.464154532259e-01       9.550862370624e+02 
       2.488953264331e-01       9.365905744549e+02 
       2.513752004513e-01       9.179937267384e+02 
       2.538550752564e-01       8.992620517138e+02 
       2.563349508256e-01       8.804189057972e+02 
       2.588148271368e-01       8.615733401794e+02 
       2.612947041688e-01       8.428581928699e+02 
       2.637745819011e-01       8.244238201585e+02 
       2.662544603141e-01       8.064426235122e+02 
       2.687343393888e-01       7.890565326902e+02 
       2.712142191071e-01       7.723870634632e+02 
       2.736940994513e-01       7.565141890732e+02 
       2.761739804045e-01       7.414772820306e+02 
       2.786538619503e-01       7.272731181793e+02 
       2.811337440731e-01       7.138590585260e+02 
       2.836136267577e-01       7.011614721887e+02 
       2.860935099892e-01       6.890852427184e+02 
       2.885733937537e-01       6.775235664858e+02 
       2.910532780374e-01       6.663685663781e+02 
       2.935331628271e-01       6.555201088969e+02 
       2.960130481100e-01       6.448922977704e+02 
       2.984929338738e-01       6.344204759725e+02 
       3.009728201065e-01       6.240599629866e+02 
       3.034527067967e-01       6.137878580615e+02 
       3.059325939331e-01       6.036006703857e+02 
       3.084124815049e-01       5.935121437702e+02 
       3.108923695016e-01       5.835473094856e+02 
       3.133722579133e-01       5.737363801256e+02 
       3.158521467299e-01       5.641167484840e+02 
       3.183320359421e-01       5.547198808274e+02 
       3.208119255406e-01       5.455768135587e+02 
       3.232918155165e-01       5.367112380525e+02 
       3.257717058611e-01       5.281358530501e+02 
       3.282515965661e-01       5.198586557794e+02 
       3.307314876233e-01       5.118745233272e+02 
       3.332113790249e-01       5.041737982876e+02 
       3.356912707631e-01       4.967357686308e+02 
       3.381711628305e-01       4.895376044432e+02 
       3.406510552200e-01       4.825507881324e+02 
       3.431309479245e-01       4.757455349641e+02 
       3.456108409372e-01       4.690926152308e+02 
       3.480907342514e-01       4.625652775441e+02 
       3.505706278609e-01       4.561405500648e+02 
       3.530505217593e-01       4.498010067983e+02 
       3.555304159405e-01       4.435351323289e+02 
       3.580103103987e-01       4.373379724545e+02 
       3.604902051281e-01       4.312097685467e+02 
       3.629701001232e-01       4.251559871837e+02 
       3.654499953785e-01       4.191858757812e+02 
       3.679298908888e-01       4.133097781449e+02 
       3.704097866489e-01       4.075389631267e+02 
       3.728896826537e-01       4.018841719369e+02 
       3.753695788986e-01       3.963529661902e+02 
       3.778494753786e-01       3.909491269257e+02 
       3.803293720892e-01       3.856735172898e+02 
       3.828092690259e-01       3.805251163973e+02 
       3.852891661843e-01       3.754963004147e+02 
       3.877690635601e-01       3.705787684685e+02 
       3.902489611492e-01       3.657635381750e+02 
       3.927288589476e-01       3.610400707724e+02 
       3.952087569512e-01       3.563968588366e+02 
       3.976886551563e-01       3.518246783066e+02 
       4.001685535590e-01       3.473166324090e+02 
       4.026484521557e-01       3.428658543758e+02 
       4.051283509429e-01       3.384700799798e+02 
       4.076082499170e-01       3.341267729220e+02 
       4.100881490747e-01       3.298358434439e+02 
       4.125680484126e-01       3.255978186350e+02 
       4.150479479275e-01       3.214149901897e+02 
       4.175278476162e-01       3.172885629966e+02 
       4.200077474756e-01       3.132212222786e+02 
       4.224876475028e-01       3.092147019803e+02 
       4.249675476947e-01       3.052702252878e+02 
       4.274474480485e-01       3.013876870792e+02 
       4.299273485614e-01       2.975702919188e+02 
       4.324072492307e-01       2.938142253571e+02 
       4.348871500536e-01       2.901212644289e+02 
       4.373670510276e-01       2.864881604177e+02 
       4.398469521501e-01       2.829141839977e+02 
       4.423268534185e-01       2.793962736799e+02 
       4.448067548304e-01       2.759326424374e+02 
       4.472866563835e-01       2.725195958998e+02 
       4.497665580754e-01       2.691558396133e+02 
       4.522464599037e-01       2.658376553777e+02 
       4.547263618664e-01       2.625668378044e+02 
       4.572062639611e-01       2.593379448073e+02 
       4.596861661857e-01       2.561510856376e+02 
       4.621660685382e-01       2.530056717338e+02 
       4.646459710164e-01       2.499025398082e+02 
       4.671258736185e-01       2.468410862252e+02 
       4.696057763423e-01       2.438219266331e+02 
       4.720856791860e-01       2.408455059551e+02 
       4.745655821477e-01       2.379141252216e+02 
       4.770454852255e-01       2.350261372651e+02 
       4.795253884177e-01       2.321822326839e+02 
       4.820052917225e-01       2.293826319934e+02 
       4.844851951381e-01       2.266269353907e+02 
       4.869650986629e-01       2.239148141882e+02 
       4.894450022951e-01       2.212458404465e+02 
       4.919249060332e-01       2.186182762232e+02 
       4.944048098755e-01       2.160325692939e+02 
       4.968847138206e-01       2.134870823623e+02 
       4.993646178668e-01       2.109805700850e+02 
       5.018445220126e-01       2.085124152556e+02 
       5.043244262566e-01       2.060827807594e+02 
       5.068043305974e-01       2.036898222081e+02 
       5.092842350335e-01       2.013323997730e+02 
       5.117641395635e-01       1.990131595853e+02 
       5.142440441861e-01       1.967285360618e+02 
       5.167239488999e-01       1.944790832850e+02 
       5.192038537036e-01       1.922653478171e+02 
       5.216837585959e-01       1.900858102004e+02 
       5.241636635757e-01       1.879417837313e+02 
       5.266435686415e-01       1.858319683976e+02 
       5.291234737923e-01       1.837563054994e+02 
       5.316033790269e-01       1.817141786801e+02 
       5.340832843439e-01       1.797074829054e+02 
       5.365631897424e-01       1.777336865806e+02 
       5.390430952212e-01       1.757922691828e+02 
       5.415230007792e-01       1.738837541678e+02 
       5.440029064153e-01       1.720063802313e+02 
       5.464828121284e-01       1.701612468077e+02 
       5.489627179175e-01       1.683459897268e+02 
       5.514426237815e-01       1.665612620968e+02 
       5.539225297195e-01       1.648056233811e+02 
       5.564024357305e-01       1.630792645063e+02 
       5.588823418134e-01       1.613809417369e+02 
       5.613622479674e-01       1.597099641092e+02 
       5.638421541915e-01       1.580678092362e+02 
       5.663220604847e-01       1.564513115071e+02 
       5.688019668462e-01       1.548610732409e+02 
       5.712818732750e-01       1.532970833299e+02 
       5.737617797704e-01       1.517585030777e+02 
       5.762416863314e-01       1.502452737370e+02 
       5.787215929571e-01       1.487556090739e+02 
       5.812014996469e-01       1.472907793423e+02 
       5.836814063998e-01       1.458494696921e+02 
       5.861613132150e-01       1.444306611839e+02 
       5.886412200917e-01       1.430349874092e+02 
       5.911211270292e-01       1.416616294422e+02 
       5.936010340268e-01       1.403096319466e+02 
       5.960809410836e-01       1.389792978097e+02 
       5.985608481989e-01       1.376696369661e+02 
       6.010407553720e-01       1.363803903771e+02 
       6.035206626022e-01       1.351107219114e+02 
       6.060005698888e-01       1.338603933750e+02 
       6.084804772310e-01       1.326284715332e+02 
       6.109603846283e-01       1.314166641997e+02 
       6.134402920799e-01       1.302218891998e+02 
       6.159201995852e-01       1.290450308074e+02 
       6.184001071435e-01       1.278856256271e+02 
       6.208800147542e-01       1.267432081482e+02 
       6.233599224167e-01       1.256169232246e+02 
       6.258398301303e-01       1.245078255819e+02 
       6.283197378945e-01       1.234138781615e+02 
       6.307996457086e-01       1.223351600557e+02 
       6.332795535721e-01       1.212726389204e+02 
       6.357594614844e-01       1.202240076778e+02 
       6.382393694449e-01       1.191909150059e+02 
       6.407192774530e-01       1.181711665923e+02 
       6.431991855083e-01       1.171658734455e+02 
       6.456790936101e-01       1.161740488946e+02 
       6.481590017579e-01       1.151949214363e+02 
       6.506389099512e-01       1.142295356136e+02 
       6.531188181895e-01       1.132763095895e+02 
       6.555987264723e-01       1.123354722100e+02 
       6.580786347990e-01       1.114061540195e+02 
       6.605585431692e-01       1.104882684998e+02 
       6.630384515823e-01       1.095824827046e+02 
       6.655183600380e-01       1.086867095075e+02 
       6.679982685357e-01       1.078021175024e+02 
       6.704781770749e-01       1.069276042590e+02 
       6.729580856552e-01       1.060633247507e+02 
       6.754379942762e-01       1.052086525137e+02 
       6.779179029373e-01       1.043631831125e+02 
       6.803978116382e-01       1.035271648380e+02 
       6.828777203784e-01       1.027003865887e+02 
       6.853576291575e-01       1.018818442177e+02 
       6.878375379751e-01       1.010710761741e+02 
       6.903174468307e-01       1.002694992262e+02 
       6.927973557240e-01       9.947517347206e+01 
       6.952772646545e-01       9.868805334248e+01 
       6.977571736219e-01       9.790957252369e+01 
       7.002370826257e-01       9.713693287586e+01 
       7.027169916656e-01       9.637224581846e+01 
       7.051969007411e-01       9.561404383874e+01 
       7.076768098520e-01       9.486218943966e+01 
       7.101567189978e-01       9.411730584283e+01 
       7.126366281782e-01       9.337901705955e+01 
       7.151165373927e-01       9.264692069163e+01 
       7.175964466412e-01       9.192028176290e+01 
       7.200763559231e-01       9.119979339476e+01 
       7.225562652382e-01       9.048601391484e+01 
       7.250361745862e-01       8.977720286122e+01 
       7.275160839666e-01       8.907533732603e+01 
       7.299959933791e-01       8.837779089054e+01 
       7.324759028235e-01       8.768723341453e+01 
       7.349558122994e-01       8.700216488354e+01 
       7.374357218065e-01       8.632263926961e+01 
       7.399156313444e-01       8.564866873383e+01 
       7.423955409129e-01       8.498006900720e+01 
       7.448754505116e-01       8.431801563314e+01 
       7.473553601403e-01       8.366170900347e+01 
       7.498352697987e-01       8.301097185086e+01 
       7.523151794864e-01       8.236581634155e+01 
       7.547950892032e-01       8.172687111113e+01 
       7.572749989488e-01       8.109347085335e+01 
       7.597549087228e-01       8.046611314839e+01 
       7.622348185251e-01       7.984498621583e+01 
       7.647147283554e-01       7.922912151081e+01 
       7.671946382133e-01       7.861952511757e+01 
       7.696745480986e-01       7.801548019971e+01 
       7.721544580111e-01       7.741790409616e+01 
       7.746343679505e-01       7.682583487802e+01 
       7.771142779165e-01       7.623981092719e+01 
       7.795941879088e-01       7.565972142386e+01 
       7.820740979273e-01       7.508496334914e+01 
       7.845540079716e-01       7.451628643769e+01 
       7.870339180416e-01       7.395335904046e+01 
       7.895138281370e-01       7.339620337220e+01 
       7.919937382575e-01       7.284446962890e+01 
       7.944736484029e-01       7.229845725177e+01 
       7.969535585730e-01       7.175789423844e+01 
       7.994334687675e-01       7.122244410670e+01 
       8.019133789863e-01       7.069275483418e+01 
       8.043932892291e-01       7.016836664356e+01 
       8.068731994956e-01       6.964878155093e+01 
       8.093531097857e-01       6.913441429145e+01 
       8.118330200991e-01       6.862539675368e+01 
       8.143129304357e-01       6.812086536037e+01 
       8.167928407951e-01       6.762131744527e+01 
       8.192727511773e-01       6.712639402627e+01 
       8.217526615820e-01       6.663661823951e+01 
       8.242325720090e-01       6.615092892470e+01 
       8.267124824580e-01       6.567047441140e+01 
       8.291923929290e-01       6.519434389090e+01 
       8.316723034217e-01       6.472264639943e+01 
       8.341522139358e-01       6.425533149759e+01 
       8.366321244713e-01       6.379266054021e+01 
       8.391120350279e-01       6.333425481874e+01 
       8.415919456055e-01       6.288038730951e+01 
       8.440718562038e-01       6.243077097405e+01 
       8.465517668227e-01       6.198572709229e+01 
       8.490316774620e-01       6.154479801544e+01 
       8.515115881215e-01       6.110847887048e+01 
       8.539914988010e-01       6.067675892747e+01 
       8.564714095004e-01       6.024918406698e+01 
       8.589513202195e-01       5.982613612781e+01 
       8.614312309581e-01       5.940736755772e+01 
       8.639111417160e-01       5.899349273606e+01 
       8.663910524931e-01       5.858361399150e+01 
       8.688709632893e-01       5.817881870225e+01 
       8.713508741043e-01       5.777811491987e+01 
       8.738307849380e-01       5.738221271936e+01 
       8.763106957903e-01       5.699031853183e+01 
       8.787906066609e-01       5.660378214301e+01 
       8.812705175498e-01       5.622140182266e+01 
       8.837504284567e-01       5.584352065587e+01 
       8.862303393815e-01       5.547018830472e+01 
       8.887102503242e-01       5.510132038751e+01 
       8.911901612844e-01       5.473723172749e+01 
       8.936700722621e-01       5.437756283249e+01 
       8.961499832572e-01       5.402163956556e+01 
       8.986298942694e-01       5.367059564747e+01 
       9.011098052987e-01       5.332370717224e+01 
       9.035897163449e-01       5.298068072148e+01 
       9.060696274078e-01       5.264213420328e+01 
       9.085495384874e-01       5.230780846272e+01 
       9.110294495834e-01       5.197688232041e+01 
       9.135093606958e-01       5.165022062322e+01 
       9.159892718245e-01       5.132675003908e+01 
       9.184691829692e-01       5.100734072673e+01 
       9.209490941299e-01       5.069158871967e+01 
       9.234290053064e-01       5.037883085072e+01 
       9.259089164987e-01       5.006957727586e+01 
       9.283888277065e-01       4.976337361206e+01 
       9.308687389297e-01       4.946017021794e+01 
       9.333486501683e-01       4.915981867248e+01 
       9.358285614221e-01       4.886236167729e+01 
       9.383084726910e-01       4.856782007981e+01 
       9.407883839749e-01       4.827578776135e+01 
       9.432682952736e-01       4.798620769193e+01 
       9.457482065870e-01       4.769904811504e+01 
       9.482281179151e-01       4.741425627663e+01 
       9.507080292577e-01       4.713180817927e+01 
       9.531879406146e-01       4.685164560977e+01 
       9.556678519859e-01       4.657322581061e+01 
       9.581477633713e-01       4.629739308638e+01 
       9.606276747707e-01       4.602325265088e+01 
       9.631075861841e-01       4.575137395403e+01 
       9.655874976114e-01       4.548108241123e+01 
       9.680674090524e-01       4.521276663068e+01 
       9.705473205070e-01       4.494623951110e+01 
       9.730272319751e-01       4.468135791692e+01 
       9.755071434567e-01       4.441914696044e+01 
       9.779870549515e-01       4.415816619685e+01 
       9.804669664596e-01       4.389898944643e+01 
       9.829468779808e-01       4.364185448709e+01 
       9.854267895151e-01       4.338654851802e+01 
       9.879067010622e-01       4.313288062135e+01 
       9.903866126222e-01       4.288077447079e+01 
       9.928665241949e-01       4.263095642961e+01 
       9.953464357802e-01       4.238264449671e+01 
       9.978263473781e-01       4.213614534921e+01 
       1.000306258988e+00       4.189158199818e+01 
       1.002786170611e+00       4.164869152431e+01 
       1.005266082246e+00       4.140764295118e+01 
       1.007745993893e+00       4.116822324707e+01 
       1.010225905552e+00       4.093106415423e+01 
       1.012705817223e+00       4.069505754923e+01 
       1.015185728906e+00       4.046070798742e+01 
       1.017665640601e+00       4.022846370445e+01 
       1.020145552308e+00       3.999747086743e+01 
       1.022625464026e+00       3.976850856280e+01 
       1.025105375756e+00       3.954088525655e+01 
       1.027585287497e+00       3.931489235112e+01 
       1.030065199250e+00       3.909029620002e+01 
       1.032545111014e+00       3.886730160129e+01 
       1.035025022789e+00       3.864588005285e+01 
       1.037504934576e+00       3.842571320385e+01 
       1.039984846373e+00       3.820710249212e+01 
       1.042464758181e+00       3.798964837561e+01 
       1.044944670001e+00       3.777375523292e+01 
       1.047424581831e+00       3.755918521966e+01 
       1.049904493672e+00       3.734545607737e+01 
       1.052384405524e+00       3.713360519839e+01 
       1.054864317386e+00       3.692249908695e+01 
       1.057344229259e+00       3.671275550602e+01 
       1.059824141142e+00       3.650463449826e+01 
       1.062304053035e+00       3.629753160553e+01 
       1.064783964939e+00       3.609139520706e+01 
       1.067263876853e+00       3.588678459128e+01 
       1.069743788778e+00       3.568315184395e+01 
       1.072223700712e+00       3.548109080314e+01 
       1.072483128768e+00       3.545992067498e+01 
       1.074703612656e+00       3.528031073672e+01 
       1.077183524611e+00       3.508060256065e+01 
       1.079663436575e+00       3.488234383789e+01 
       1.082143348549e+00       3.468529285349e+01 
       1.084623260533e+00       3.448985155737e+01 
       1.087103172527e+00       3.429594157189e+01 
       1.089583084530e+00       3.410337839609e+01 
       1.092062996542e+00       3.391208025215e+01 
       1.094542908565e+00       3.372244569544e+01 
       1.097022820596e+00       3.353467200451e+01 
       1.099502732637e+00       3.334811576062e+01 
       1.101982644688e+00       3.316340521205e+01 
       1.104462556747e+00       3.298047876977e+01 
       1.106942468816e+00       3.279873372142e+01 
       1.109422380894e+00       3.261869013794e+01 
       1.111902292980e+00       3.244069069630e+01 
       1.114382205076e+00       3.226443761658e+01 
       1.116862117181e+00       3.208964716615e+01 
       1.119342029295e+00       3.191677976143e+01 
       1.121821941417e+00       3.174553733007e+01 
       1.124301853548e+00       3.157592797629e+01 
       1.126781765688e+00       3.140823451086e+01 
       1.129261677837e+00       3.124190209513e+01 
       1.131741589994e+00       3.107752561204e+01 
       1.134221502160e+00       3.091426097483e+01 
       1.136701414334e+00       3.075279997223e+01 
       1.139181326516e+00       3.059316930646e+01 
       1.141661238707e+00       3.043455200740e+01 
       1.144141150906e+00       3.027734222616e+01 
       1.146621063114e+00       3.012140158296e+01 
       1.149100975329e+00       2.996728870716e+01 
       1.151580887553e+00       2.981437276168e+01 
       1.154060799785e+00       2.966235919532e+01 
       1.156540712025e+00       2.951142871279e+01 
       1.159020624273e+00       2.936240336375e+01 
       1.161500536529e+00       2.921362398198e+01 
       1.461983882731e+00       1.647649427993e+01 
       1.840526687459e+00       9.346543803316e+00 
       2.317085815452e+00       5.568902318933e+00 
       2.917038214380e+00       3.134883009709e+00 
       3.672333535257e+00       1.754649355923e+00 
       4.623194008119e+00       9.769891715355e-01 
       5.820256420476e+00       5.412719855745e-01 
       7.327268710895e+00       2.984485556046e-01 
       9.224484779190e+00       1.638696283701e-01 
       1.161293829923e+01       8.959354441946e-02 
       1.461982313050e+01       4.878009639351e-02 
       1.840526685492e+01       2.646311117286e-02 
       2.317085815451e+01       1.430296215802e-02 
