# Matter power spectrum P(k) at redshift z=0
# for k=9.0192e-06 to 20.5861 h/Mpc,
# number of wavenumbers equal to 855
#    1:k (h/Mpc)              2:P (Mpc/h)^3        
       9.019201454174e-06       7.372393987981e+01 
       2.013437232318e-05       1.599052721317e+02 
       3.127867019624e-05       2.445116942763e+02 
       4.247440903451e-05       3.283945465573e+02 
       5.374417827534e-05       4.120142143422e+02 
       6.511099296095e-05       4.957001797081e+02 
       7.659844748270e-05       5.797232228115e+02 
       8.823087449441e-05       6.643244226727e+02 
       1.000335105604e-04       7.497295285295e+02 
       1.120326701213e-04       8.361572064392e+02 
       1.242559293744e-04       9.238243889686e+02 
       1.367323216761e-04       1.012950106241e+03 
       1.494925460608e-04       1.103758478413e+03 
       1.625691904350e-04       1.196481243311e+03 
       1.759969709228e-04       1.291360017793e+03 
       1.898129886899e-04       1.388648407468e+03 
       2.040570053356e-04       1.488614046111e+03 
       2.187717375774e-04       1.591540602904e+03 
       2.340031714211e-04       1.697729803055e+03 
       2.498008952548e-04       1.807503433485e+03 
       2.662184502690e-04       1.921205362921e+03 
       2.833136952002e-04       2.039203531147e+03 
       3.011491805457e-04       2.161891892497e+03 
       3.197925249974e-04       2.289692229375e+03 
       3.393167837950e-04       2.423055784602e+03 
       3.598007949172e-04       2.562464591400e+03 
       3.813294844476e-04       2.708432366118e+03 
       4.039941070762e-04       2.861504792882e+03 
       4.278923916126e-04       3.022258988218e+03 
       4.531285548632e-04       3.191301886156e+03 
       4.798131407256e-04       3.369267259441e+03 
       5.080626356595e-04       3.556811038818e+03 
       5.379988079316e-04       3.754604612255e+03 
       5.697477177126e-04       3.963325743052e+03 
       6.034383500518e-04       4.183646884307e+03 
       6.392008349528e-04       4.416220694214e+03 
       6.771642399587e-04       4.661662848792e+03 
       7.174539518240e-04       4.920532458242e+03 
       7.601887045194e-04       5.193310772695e+03 
       8.054773583407e-04       5.480379306986e+03 
       8.534155840436e-04       5.781998717086e+03 
       9.040826490048e-04       6.098290378987e+03 
       9.575385302735e-04       6.429221832095e+03 
       1.013821583378e-03       6.774597721284e+03 
       1.072946970199e-03       7.134057558497e+03 
       1.134905993731e-03       7.507077967707e+03 
       1.199666408215e-03       7.892981824924e+03 
       1.237685953032e-03       8.117653880226e+03 
       1.267173681764e-03       8.290952644817e+03 
       1.337353100265e-03       8.700052752779e+03 
       1.410112530429e-03       9.119246814498e+03 
       1.485345616560e-03       9.547429154188e+03 
       1.562935173802e-03       9.983453230088e+03 
       1.642756557639e-03       1.042616037614e+04 
       1.724680827698e-03       1.087440352200e+04 
       1.808577573914e-03       1.132706536404e+04 
       1.894317325288e-03       1.178307075823e+04 
       1.981773508839e-03       1.224139587830e+04 
       2.070823964317e-03       1.270107749151e+04 
       2.161352047312e-03       1.316122013067e+04 
       2.253247369975e-03       1.362100271981e+04 
       2.346406236227e-03       1.407967846767e+04 
       2.440731829417e-03       1.453656861795e+04 
       2.536134206954e-03       1.499106086767e+04 
       2.632530150392e-03       1.544260283998e+04 
       2.729842912233e-03       1.589070122996e+04 
       2.828001893341e-03       1.633492026595e+04 
       2.926942277899e-03       1.677487834824e+04 
       3.026604646696e-03       1.721023892651e+04 
       3.126934584318e-03       1.764070795690e+04 
       3.227882291507e-03       1.806602514464e+04 
       3.329402210537e-03       1.848597008552e+04 
       3.431452668786e-03       1.890035268558e+04 
       3.533995543625e-03       1.930901480977e+04 
       3.636995950267e-03       1.971182291412e+04 
       3.740421953082e-03       2.010866381648e+04 
       3.844244300126e-03       2.049944598400e+04 
       3.948436180119e-03       2.088409268566e+04 
       4.052973000729e-03       2.126255375867e+04 
       4.157832186856e-03       2.163478203720e+04 
       4.262992997494e-03       2.200074941637e+04 
       4.368436359704e-03       2.236044143680e+04 
       4.474144718296e-03       2.271384372988e+04 
       4.580101899811e-03       2.306095543801e+04 
       4.686292989519e-03       2.340179145025e+04 
       4.792704220213e-03       2.373636532526e+04 
       4.899322871658e-03       2.406469742761e+04 
       5.006137179679e-03       2.438682039324e+04 
       5.113136253919e-03       2.470275927631e+04 
       5.220310003429e-03       2.501255996712e+04 
       5.327649069297e-03       2.531625696478e+04 
       5.435144763619e-03       2.561389436784e+04 
       5.542789014175e-03       2.590552752907e+04 
       5.650574314243e-03       2.619119111038e+04 
       5.758493677037e-03       2.647095401489e+04 
       5.866540594312e-03       2.674485224185e+04 
       5.974708998718e-03       2.701295064768e+04 
       6.082993229540e-03       2.727530211884e+04 
       6.191388001486e-03       2.753196471765e+04 
       6.299888376236e-03       2.778298438612e+04 
       6.408489736469e-03       2.802843734425e+04 
       6.517187762150e-03       2.826838195289e+04 
       6.625978408838e-03       2.850286596262e+04 
       6.734857887851e-03       2.873195179918e+04 
       6.843822648090e-03       2.895570034528e+04 
       6.952869359376e-03       2.917417714113e+04 
       7.061994897172e-03       2.938743113303e+04 
       7.171196328541e-03       2.959554080565e+04 
       7.280470899244e-03       2.979855122869e+04 
       7.389816021878e-03       2.999656367941e+04 
       7.499229264944e-03       3.018958892327e+04 
       7.608708342784e-03       3.037764617033e+04 
       7.718251106291e-03       3.056081607072e+04 
       7.827855534349e-03       3.073920278730e+04 
       7.937519725913e-03       3.091288817581e+04 
       8.047241892697e-03       3.108190782553e+04 
       8.157020352409e-03       3.124628213002e+04 
       8.266853522487e-03       3.140606018204e+04 
       8.376739914299e-03       3.156132278581e+04 
       8.486678127766e-03       3.171213126120e+04 
       8.596666846377e-03       3.185855557976e+04 
       8.706704832558e-03       3.200062505047e+04 
       8.816790923377e-03       3.213838350992e+04 
       8.926924026550e-03       3.227189655592e+04 
       9.037103116728e-03       3.240123632545e+04 
       9.147327232045e-03       3.252643773256e+04 
       9.257595470906e-03       3.264755734121e+04 
       9.367906988995e-03       3.276463682292e+04 
       9.478260996488e-03       3.287773028316e+04 
       9.588656755457e-03       3.298689024857e+04 
       9.699093577455e-03       3.309218216329e+04 
       9.809570821253e-03       3.319363904297e+04 
       9.920087890742e-03       3.329130689851e+04 
       1.003064423297e-02       3.338523367287e+04 
       1.014123933630e-02       3.347547736522e+04 
       1.025187272874e-02       3.356208540688e+04 
       1.036254397627e-02       3.364510614999e+04 
       1.047325268145e-02       3.372455888668e+04 
       1.058399848198e-02       3.380051791401e+04 
       1.069478104937e-02       3.387302934213e+04 
       1.080560008783e-02       3.394212255534e+04 
       1.091645533304e-02       3.400785334750e+04 
       1.102734655117e-02       3.407026921049e+04 
       1.113827353786e-02       3.412941198953e+04 
       1.124923611732e-02       3.418532847727e+04 
       1.136023414150e-02       3.423804934489e+04 
       1.147126748927e-02       3.428760690864e+04 
       1.158233606570e-02       3.433406649344e+04 
       1.169343980138e-02       3.437743403839e+04 
       1.180457865178e-02       3.441778008144e+04 
       1.191575259669e-02       3.445515426479e+04 
       1.202696163964e-02       3.448958520527e+04 
       1.213820580743e-02       3.452112090545e+04 
       1.224948514968e-02       3.454978405004e+04 
       1.236079973837e-02       3.457562168075e+04 
       1.237685953032e-02       3.457910020807e+04 
       1.247214966748e-02       3.459864623220e+04 
       1.258353505266e-02       3.461894409024e+04 
       1.269495603087e-02       3.463652485137e+04 
       1.280641276012e-02       3.465144485548e+04 
       1.291790541920e-02       3.466372375954e+04 
       1.302943420746e-02       3.467340187654e+04 
       1.314099934461e-02       3.468050976146e+04 
       1.325260107051e-02       3.468509304591e+04 
       1.336423964509e-02       3.468718767712e+04 
       1.347591534813e-02       3.468683366620e+04 
       1.358762847924e-02       3.468407067084e+04 
       1.369937935772e-02       3.467890553120e+04 
       1.381116832253e-02       3.467139592570e+04 
       1.392299573225e-02       3.466156488055e+04 
       1.403486196504e-02       3.464946161549e+04 
       1.414676741865e-02       3.463510771744e+04 
       1.425871251047e-02       3.461856874822e+04 
       1.437069767751e-02       3.459982161679e+04 
       1.448272337650e-02       3.457891267792e+04 
       1.459479008397e-02       3.455590144276e+04 
       1.470689829629e-02       3.453080591786e+04 
       1.481904852984e-02       3.450367644207e+04 
       1.493124132110e-02       3.447451227816e+04 
       1.504347722680e-02       3.444339025583e+04 
       1.515575682410e-02       3.441027943389e+04 
       1.526808071071e-02       3.437525232063e+04 
       1.538044950514e-02       3.433832912110e+04 
       1.549286384690e-02       3.429955585480e+04 
       1.560532439667e-02       3.425893686956e+04 
       1.571783183662e-02       3.421648870493e+04 
       1.583038687058e-02       3.417231094580e+04 
       1.594299022439e-02       3.412638152686e+04 
       1.605564264613e-02       3.407873770940e+04 
       1.616834490645e-02       3.402940386891e+04 
       1.628109779887e-02       3.397839740087e+04 
       1.639390214014e-02       3.392577234802e+04 
       1.650675877056e-02       3.387154532614e+04 
       1.661966855437e-02       3.381577193518e+04 
       1.673263238013e-02       3.375840687559e+04 
       1.684565116109e-02       3.369954745607e+04 
       1.695872583566e-02       3.363921256042e+04 
       1.707185736779e-02       3.357741795040e+04 
       1.718504674747e-02       3.351415773437e+04 
       1.729829499114e-02       3.344948714127e+04 
       1.741160314223e-02       3.338346222426e+04 
       1.752497227163e-02       3.331606056205e+04 
       1.763840347825e-02       3.324733096473e+04 
       1.775189788949e-02       3.317729554244e+04 
       1.786545666187e-02       3.310597637813e+04 
       1.797908098160e-02       3.303341104521e+04 
       1.809277206515e-02       3.295961196920e+04 
       1.820653115987e-02       3.288462257312e+04 
       1.832035954466e-02       3.280842599026e+04 
       1.843425853064e-02       3.273106836017e+04 
       1.854822946178e-02       3.265254477012e+04 
       1.866227371567e-02       3.257298795934e+04 
       1.877639270420e-02       3.249230289912e+04 
       1.889058787436e-02       3.241055025765e+04 
       1.900486070897e-02       3.232779297474e+04 
       1.911921272753e-02       3.224400668584e+04 
       1.923364548703e-02       3.215922774099e+04 
       1.934816058281e-02       3.207348928959e+04 
       1.946275964942e-02       3.198674524495e+04 
       1.957744436158e-02       3.189909362054e+04 
       1.969221643508e-02       3.181057388070e+04 
       1.980707762778e-02       3.172114820292e+04 
       1.992202974060e-02       3.163089468274e+04 
       2.003707461854e-02       3.153973234436e+04 
       2.015221415178e-02       3.144780285938e+04 
       2.026745027677e-02       3.135502267594e+04 
       2.038278497735e-02       3.126152513658e+04 
       2.049822028594e-02       3.116721916668e+04 
       2.061375828477e-02       3.107218911219e+04 
       2.072940110709e-02       3.097643683862e+04 
       2.084515093849e-02       3.087999913367e+04 
       2.096101001822e-02       3.078287037627e+04 
       2.107698064060e-02       3.068505815597e+04 
       2.119306515638e-02       3.058665450073e+04 
       2.130926597426e-02       3.048757610934e+04 
       2.142558556241e-02       3.038785977858e+04 
       2.154202644997e-02       3.028763328164e+04 
       2.165859122876e-02       3.018679374642e+04 
       2.177528255490e-02       3.008544059738e+04 
       2.189210315054e-02       2.998350400327e+04 
       2.200905580565e-02       2.988109278269e+04 
       2.212614337989e-02       2.977814309840e+04 
       2.224336880449e-02       2.967474214516e+04 
       2.236073508425e-02       2.957081020859e+04 
       2.247824529957e-02       2.946652762644e+04 
       2.259590260856e-02       2.936175260977e+04 
       2.271371024925e-02       2.925658613084e+04 
       2.283167154183e-02       2.915093916202e+04 
       2.294978989100e-02       2.904499234619e+04 
       2.306806878841e-02       2.893863461370e+04 
       2.318651181515e-02       2.883199053718e+04 
       2.330512264439e-02       2.872492305132e+04 
       2.342390504404e-02       2.861752795739e+04 
       2.354286287957e-02       2.850980434425e+04 
       2.366200011688e-02       2.840181299144e+04 
       2.378132082533e-02       2.829358276291e+04 
       2.390082918088e-02       2.818504234588e+04 
       2.402052946923e-02       2.807623774687e+04 
       2.414042608930e-02       2.796720080937e+04 
       2.426052355659e-02       2.785791220440e+04 
       2.438082650687e-02       2.774845361432e+04 
       2.450133969992e-02       2.763869156980e+04 
       2.462206802339e-02       2.752883872526e+04 
       2.474301649691e-02       2.741881928567e+04 
       2.486419027623e-02       2.730855054347e+04 
       2.498559465764e-02       2.719815201516e+04 
       2.510723508253e-02       2.708759816989e+04 
       2.522911714207e-02       2.697694803153e+04 
       2.535124658217e-02       2.686615226153e+04 
       2.547362930863e-02       2.675523203019e+04 
       2.559627139240e-02       2.664423908625e+04 
       2.571917907523e-02       2.653316411111e+04 
       2.584235877539e-02       2.642194040827e+04 
       2.596581709374e-02       2.631064557019e+04 
       2.608956082001e-02       2.619936254087e+04 
       2.621359693938e-02       2.608801559078e+04 
       2.633793263930e-02       2.597660532969e+04 
       2.646257531666e-02       2.586516386239e+04 
       2.658753258525e-02       2.575373339319e+04 
       2.671281228353e-02       2.564226049317e+04 
       2.683842248280e-02       2.553079345793e+04 
       2.696437149571e-02       2.541932245977e+04 
       2.709066788513e-02       2.530781055466e+04 
       2.721732047350e-02       2.519637303544e+04 
       2.734433835256e-02       2.508496700770e+04 
       2.747173089352e-02       2.497359426541e+04 
       2.759950775781e-02       2.486226945689e+04 
       2.772767890822e-02       2.475098924627e+04 
       2.785625462066e-02       2.463969014870e+04 
       2.798524549648e-02       2.452856241158e+04 
       2.811466247535e-02       2.441739814804e+04 
       2.824451684888e-02       2.430634769108e+04 
       2.837482027479e-02       2.419545246517e+04 
       2.850558479194e-02       2.408457220324e+04 
       2.863682283602e-02       2.397381528876e+04 
       2.876854725609e-02       2.386312278066e+04 
       2.890077133202e-02       2.375256267879e+04 
       2.903350879283e-02       2.364209134354e+04 
       2.916677383594e-02       2.353172690499e+04 
       2.930058114758e-02       2.342148141648e+04 
       2.943494592425e-02       2.331130028941e+04 
       2.956988389536e-02       2.320138977484e+04 
       2.970541134711e-02       2.309144773517e+04 
       2.984154514783e-02       2.298170841653e+04 
       2.997830277459e-02       2.287214956321e+04 
       3.011570234153e-02       2.276269275797e+04 
       3.025376262967e-02       2.265330603516e+04 
       3.039250311863e-02       2.254415559917e+04 
       3.053194402011e-02       2.243510947801e+04 
       3.067210631353e-02       2.232624567175e+04 
       3.081301178370e-02       2.221748565577e+04 
       3.095468306095e-02       2.210886979615e+04 
       3.109714366369e-02       2.200044701362e+04 
       3.124041804370e-02       2.189216201141e+04 
       3.138453163433e-02       2.178403946116e+04 
       3.152951090180e-02       2.167608600013e+04 
       3.167538339992e-02       2.156823424891e+04 
       3.182217782843e-02       2.146059555001e+04 
       3.196992409528e-02       2.135308620006e+04 
       3.211865338317e-02       2.124571661055e+04 
       3.226839822072e-02       2.113848113331e+04 
       3.241919255863e-02       2.103148074097e+04 
       3.257107185125e-02       2.092456871288e+04 
       3.272407314408e-02       2.081781901880e+04 
       3.287823516760e-02       2.071115816426e+04 
       3.303359843821e-02       2.060478375225e+04 
       3.319020536659e-02       2.049842400112e+04 
       3.334810037451e-02       2.039219692156e+04 
       3.350733002060e-02       2.028620393483e+04 
       3.366794313606e-02       2.018033404266e+04 
       3.382999097124e-02       2.007458144462e+04 
       3.399352735407e-02       1.996886195320e+04 
       3.415860886157e-02       1.986330872507e+04 
       3.432529500575e-02       1.975793245826e+04 
       3.449364843534e-02       1.965260375041e+04 
       3.466373515488e-02       1.954741972861e+04 
       3.483562476319e-02       1.944231294369e+04 
       3.500939071309e-02       1.933732933425e+04 
       3.518511059478e-02       1.923232621606e+04 
       3.536286644542e-02       1.912745916811e+04 
       3.554274508785e-02       1.902257994630e+04 
       3.572483850181e-02       1.891787961315e+04 
       3.590924423139e-02       1.881321222943e+04 
       3.609606583291e-02       1.870855867513e+04 
       3.628541336829e-02       1.860390502896e+04 
       3.647740394922e-02       1.849927265073e+04 
       3.667216233868e-02       1.839465739614e+04 
       3.686982161695e-02       1.828997768119e+04 
       3.707052392060e-02       1.818530533806e+04 
       3.727442126399e-02       1.808060105426e+04 
       3.748167645451e-02       1.797579741686e+04 
       3.769246411437e-02       1.787090591041e+04 
       3.790697182412e-02       1.776598204662e+04 
       3.812540140511e-02       1.766090720942e+04 
       3.834797036152e-02       1.755568820528e+04 
       3.857491350587e-02       1.745031128366e+04 
       3.880648479604e-02       1.734476082792e+04 
       3.904295941716e-02       1.723891872518e+04 
       3.928463614761e-02       1.713292219525e+04 
       3.953184005601e-02       1.702659019762e+04 
       3.978492558473e-02       1.692000751119e+04 
       4.004428008681e-02       1.681302254625e+04 
       4.031032789653e-02       1.670575863964e+04 
       4.058353503013e-02       1.659794900195e+04 
       4.086441463424e-02       1.648969404562e+04 
       4.115353332438e-02       1.638094738928e+04 
       4.145151858783e-02       1.627159376229e+04 
       4.175906746475e-02       1.616158754866e+04 
       4.207695677096e-02       1.605088368294e+04 
       4.240605518850e-02       1.593936329778e+04 
       4.274733762948e-02       1.582697899131e+04 
       4.310190237925e-02       1.571360557262e+04 
       4.347099165291e-02       1.559912669966e+04 
       4.385601636264e-02       1.548342747256e+04 
       4.425858610119e-02       1.536634311894e+04 
       4.468054561138e-02       1.524774793498e+04 
       4.512401934694e-02       1.512738406814e+04 
       4.559146614893e-02       1.500500425849e+04 
       4.608574657885e-02       1.488033481473e+04 
       4.661020606377e-02       1.475303922030e+04 
       4.716877769811e-02       1.462266680618e+04 
       4.776610922610e-02       1.448871629879e+04 
       4.840771919058e-02       1.435033324884e+04 
       4.910018701512e-02       1.420686414101e+04 
       4.985137993589e-02       1.405700071146e+04 
       5.067071435485e-02       1.389930262487e+04 
       5.156943690501e-02       1.373169472598e+04 
       5.256088540513e-02       1.355150342764e+04 
       5.366064311757e-02       1.335503756639e+04 
       5.488642175221e-02       1.313734894057e+04 
       5.625739996288e-02       1.289195403815e+04 
       5.779264500647e-02       1.261065039312e+04 
       5.950828769357e-02       1.228388482540e+04 
       6.141354668059e-02       1.190195524094e+04 
       6.350666354964e-02       1.145758381599e+04 
       6.577284684945e-02       1.094921678432e+04 
       6.818611558054e-02       1.038390800565e+04 
       7.071474474981e-02       9.777833082631e+03 
       7.332758867586e-02       9.153933443294e+03 
       7.599844555476e-02       8.537720949360e+03 
       7.870758000952e-02       7.953003588764e+03 
       8.144122540484e-02       7.418777296602e+03 
       8.419025906165e-02       6.947599948048e+03 
       8.694883333246e-02       6.545321811702e+03 
       8.971327782502e-02       6.211682170766e+03 
       9.248131861340e-02       5.941383421677e+03 
       9.525155811558e-02       5.725407781567e+03 
       9.802314144845e-02       5.552208202280e+03 
       1.007955471193e-01       5.408947738994e+03 
       1.035684574543e-01       5.282642692269e+03 
       1.063416790271e-01       5.161266589744e+03 
       1.091150940264e-01       5.034738326328e+03 
       1.118886306189e-01       4.895766720746e+03 
       1.146622449200e-01       4.740314843438e+03 
       1.174359100348e-01       4.567694896420e+03 
       1.202096094020e-01       4.380204505824e+03 
       1.229833327508e-01       4.182454412044e+03 
       1.237685953032e-01       4.125417319526e+03 
       1.257570736458e-01       3.980462192564e+03 
       1.285308279955e-01       3.780740701898e+03 
       1.313045931452e-01       3.589476272578e+03 
       1.340783673256e-01       3.411863383377e+03 
       1.368521493173e-01       3.251729113290e+03 
       1.396259382452e-01       3.111208722197e+03 
       1.423997334538e-01       2.990839660577e+03 
       1.451735344296e-01       2.889677539982e+03 
       1.479473407541e-01       2.805556212228e+03 
       1.507211520737e-01       2.735439406178e+03 
       1.534949680814e-01       2.675752372433e+03 
       1.562687885048e-01       2.622713204858e+03 
       1.590426130985e-01       2.573351891233e+03 
       1.618164416385e-01       2.523688927340e+03 
       1.645902739190e-01       2.470962998445e+03 
       1.673641097497e-01       2.413504899040e+03 
       1.701379489539e-01       2.350630560931e+03 
       1.729117913669e-01       2.282573038896e+03 
       1.756856368349e-01       2.210316872330e+03 
       1.784594852140e-01       2.135384510346e+03 
       1.812333363692e-01       2.059582390559e+03 
       1.840071901739e-01       1.984802049968e+03 
       1.867810465092e-01       1.912813557607e+03 
       1.895549052630e-01       1.845099606897e+03 
       1.923287663300e-01       1.782726187709e+03 
       1.951026296108e-01       1.726322908548e+03 
       1.978764950116e-01       1.676068589551e+03 
       2.006503624439e-01       1.631738277992e+03 
       2.034242318240e-01       1.592775341930e+03 
       2.061981030728e-01       1.558342993100e+03 
       2.089719761154e-01       1.527403803608e+03 
       2.117458508809e-01       1.498829458863e+03 
       2.145197273019e-01       1.471507890381e+03 
       2.172936053147e-01       1.444450272104e+03 
       2.200674848587e-01       1.416886654911e+03 
       2.228413658763e-01       1.388291531697e+03 
       2.256152483129e-01       1.358387885369e+03 
       2.283891321166e-01       1.327145353928e+03 
       2.311630172376e-01       1.294752235968e+03 
       2.339369036290e-01       1.261597023492e+03 
       2.367107912458e-01       1.228206009644e+03 
       2.394846800452e-01       1.195167922194e+03 
       2.422585699863e-01       1.163041024538e+03 
       2.450324610302e-01       1.132281279214e+03 
       2.478063531395e-01       1.103229823105e+03 
       2.505802462788e-01       1.076105534988e+03 
       2.533541404140e-01       1.051013360408e+03 
       2.561280355126e-01       1.027947173495e+03 
       2.589019315434e-01       1.006770493326e+03 
       2.616758284767e-01       9.872268793447e+02 
       2.644497262838e-01       9.689787216128e+02 
       2.672236249375e-01       9.516755891099e+02 
       2.699975244116e-01       9.350027921254e+02 
       2.727714246807e-01       9.186949732990e+02 
       2.755453257210e-01       9.025299224207e+02 
       2.783192275091e-01       8.863124683957e+02 
       2.810931300228e-01       8.698893211611e+02 
       2.838670332407e-01       8.531879525770e+02 
       2.866409371424e-01       8.362469894369e+02 
       2.894148417080e-01       8.191944517674e+02 
       2.921887469185e-01       8.022038178194e+02 
       2.949626527558e-01       7.854264970762e+02 
       2.977365592020e-01       7.689704188366e+02 
       3.005104662404e-01       7.529337660871e+02 
       3.032843738547e-01       7.374440307097e+02 
       3.060582820290e-01       7.226444418673e+02 
       3.088321907482e-01       7.086523261836e+02 
       3.116060999977e-01       6.954939896375e+02 
       3.143800097634e-01       6.830813187622e+02 
       3.171539200317e-01       6.712680175064e+02 
       3.199278307895e-01       6.599296344182e+02 
       3.227017420241e-01       6.490182541332e+02 
       3.254756537233e-01       6.385388722580e+02 
       3.282495658751e-01       6.284745297456e+02 
       3.310234784683e-01       6.187238391479e+02 
       3.337973914917e-01       6.091113728766e+02 
       3.365713049347e-01       5.994669419890e+02 
       3.393452187869e-01       5.897067251911e+02 
       3.421191330384e-01       5.798645695270e+02 
       3.448930476794e-01       5.700353012261e+02 
       3.476669627007e-01       5.602990668240e+02 
       3.504408780931e-01       5.506847254096e+02 
       3.532147938479e-01       5.412313682165e+02 
       3.559887099565e-01       5.319738052332e+02 
       3.587626264107e-01       5.229473319008e+02 
       3.615365432026e-01       5.141740423242e+02 
       3.643104603244e-01       5.056743849611e+02 
       3.670843777686e-01       4.974544466854e+02 
       3.698582955279e-01       4.895169740540e+02 
       3.726322135952e-01       4.818510185331e+02 
       3.754061319637e-01       4.744388855435e+02 
       3.781800506268e-01       4.672601262615e+02 
       3.809539695779e-01       4.602877136304e+02 
       3.837278888109e-01       4.534920785698e+02 
       3.865018083196e-01       4.468506046447e+02 
       3.892757280981e-01       4.403331284785e+02 
       3.920496481406e-01       4.339191179279e+02 
       3.948235684417e-01       4.275913466335e+02 
       3.975974889957e-01       4.213402731173e+02 
       4.003714097976e-01       4.151593771191e+02 
       4.031453308421e-01       4.090514373009e+02 
       4.059192521242e-01       4.030215535196e+02 
       4.086931736391e-01       3.970788824826e+02 
       4.114670953821e-01       3.912337299525e+02 
       4.142410173486e-01       3.855027017107e+02 
       4.170149395340e-01       3.798917401289e+02 
       4.197888619341e-01       3.744132358625e+02 
       4.225627845446e-01       3.690708729406e+02 
       4.253367073614e-01       3.638667141957e+02 
       4.281106303804e-01       3.587981793841e+02 
       4.308845535978e-01       3.538621766028e+02 
       4.336584770096e-01       3.490474295735e+02 
       4.364324006123e-01       3.443459502219e+02 
       4.392063244021e-01       3.397438555078e+02 
       4.419802483755e-01       3.352332821399e+02 
       4.447541725291e-01       3.308021911048e+02 
       4.475280968596e-01       3.264432488022e+02 
       4.503020213636e-01       3.221502013055e+02 
       4.530759460379e-01       3.179191153155e+02 
       4.558498708795e-01       3.137492075404e+02 
       4.586237958852e-01       3.096394387817e+02 
       4.613977210522e-01       3.055911820672e+02 
       4.641716463774e-01       3.016071540841e+02 
       4.669455718582e-01       2.976882849829e+02 
       4.697194974917e-01       2.938387316583e+02 
       4.724934232752e-01       2.900581250635e+02 
       4.752673492061e-01       2.863497451192e+02 
       4.780412752818e-01       2.827131622145e+02 
       4.808152014998e-01       2.791488232425e+02 
       4.835891278577e-01       2.756534301999e+02 
       4.863630543530e-01       2.722274839001e+02 
       4.891369809834e-01       2.688678048936e+02 
       4.919109077466e-01       2.655712550356e+02 
       4.946848346404e-01       2.623356192632e+02 
       4.974587616626e-01       2.591579054409e+02 
       5.002326888110e-01       2.560353640058e+02 
       5.030066160836e-01       2.529640217425e+02 
       5.057805434782e-01       2.499438238755e+02 
       5.085544709930e-01       2.469689820609e+02 
       5.113283986259e-01       2.440413119213e+02 
       5.141023263750e-01       2.411561470491e+02 
       5.168762542384e-01       2.383162364127e+02 
       5.196501822143e-01       2.355179556041e+02 
       5.224241103010e-01       2.327639106877e+02 
       5.251980384966e-01       2.300516046498e+02 
       5.279719667994e-01       2.273824463904e+02 
       5.307458952078e-01       2.247564064480e+02 
       5.335198237200e-01       2.221740885510e+02 
       5.362937523346e-01       2.196330462721e+02 
       5.390676810498e-01       2.171359604927e+02 
       5.418416098641e-01       2.146790906179e+02 
       5.446155387761e-01       2.122644027765e+02 
       5.473894677842e-01       2.098896949672e+02 
       5.501633968870e-01       2.075521553414e+02 
       5.529373260831e-01       2.052530975405e+02 
       5.557112553709e-01       2.029899173289e+02 
       5.584851847493e-01       2.007621154613e+02 
       5.612591142168e-01       1.985689330438e+02 
       5.640330437721e-01       1.964074226604e+02 
       5.668069734139e-01       1.942789168087e+02 
       5.695809031410e-01       1.921821745518e+02 
       5.723548329521e-01       1.901156729363e+02 
       5.751287628460e-01       1.880796171999e+02 
       5.779026928215e-01       1.860719339217e+02 
       5.806766228774e-01       1.840944506746e+02 
       5.834505530126e-01       1.821455106393e+02 
       5.862244832259e-01       1.802242320410e+02 
       5.889984135163e-01       1.783305036856e+02 
       5.917723438826e-01       1.764648866545e+02 
       5.945462743238e-01       1.746276426776e+02 
       5.973202048389e-01       1.728163217794e+02 
       6.000941354268e-01       1.710319683067e+02 
       6.028680660864e-01       1.692742161916e+02 
       6.056419968169e-01       1.675420532881e+02 
       6.084159276173e-01       1.658357873049e+02 
       6.111898584866e-01       1.641540722238e+02 
       6.139637894238e-01       1.624965737768e+02 
       6.167377204280e-01       1.608623087917e+02 
       6.195116514984e-01       1.592511416731e+02 
       6.222855826341e-01       1.576629987673e+02 
       6.250595138341e-01       1.560955430809e+02 
       6.278334450976e-01       1.545501278689e+02 
       6.306073764239e-01       1.530259995180e+02 
       6.333813078120e-01       1.515215278310e+02 
       6.361552392611e-01       1.500384954969e+02 
       6.389291707705e-01       1.485742000826e+02 
       6.417031023394e-01       1.471311362343e+02 
       6.444770339670e-01       1.457066274963e+02 
       6.472509656525e-01       1.443008886297e+02 
       6.500248973952e-01       1.429144080044e+02 
       6.527988291944e-01       1.415464171975e+02 
       6.555727610494e-01       1.401976637699e+02 
       6.583466929594e-01       1.388664110629e+02 
       6.611206249237e-01       1.375535275702e+02 
       6.638945569417e-01       1.362579628223e+02 
       6.666684890127e-01       1.349786459225e+02 
       6.694424211360e-01       1.337173964882e+02 
       6.722163533111e-01       1.324723119177e+02 
       6.749902855372e-01       1.312433588459e+02 
       6.777642178137e-01       1.300299312420e+02 
       6.805381501400e-01       1.288316137689e+02 
       6.833120825155e-01       1.276493158111e+02 
       6.860860149395e-01       1.264818508834e+02 
       6.888599474117e-01       1.253291492537e+02 
       6.916338799312e-01       1.241908908878e+02 
       6.944078124976e-01       1.230671992843e+02 
       6.971817451103e-01       1.219573528198e+02 
       6.999556777687e-01       1.208611690933e+02 
       7.027296104724e-01       1.197788750554e+02 
       7.055035432207e-01       1.187103185401e+02 
       7.082774760132e-01       1.176549828879e+02 
       7.110514088493e-01       1.166135015801e+02 
       7.138253417285e-01       1.155842599206e+02 
       7.165992746503e-01       1.145675289718e+02 
       7.193732076143e-01       1.135628846342e+02 
       7.221471406199e-01       1.125714926904e+02 
       7.249210736666e-01       1.115918017273e+02 
       7.276950067541e-01       1.106241213806e+02 
       7.304689398817e-01       1.096683600993e+02 
       7.332428730492e-01       1.087232173843e+02 
       7.360168062559e-01       1.077894640927e+02 
       7.387907395015e-01       1.068671526475e+02 
       7.415646727856e-01       1.059557636616e+02 
       7.443386061076e-01       1.050552589780e+02 
       7.471125394672e-01       1.041652570220e+02 
       7.498864728640e-01       1.032857832920e+02 
       7.526604062976e-01       1.024168588652e+02 
       7.554343397674e-01       1.015577830944e+02 
       7.582082732733e-01       1.007091597875e+02 
       7.609822068146e-01       9.987040061863e+01 
       7.637561403912e-01       9.904066957178e+01 
       7.665300740025e-01       9.822181099461e+01 
       7.693040076482e-01       9.741141894829e+01 
       7.720779413280e-01       9.661023884725e+01 
       7.748518750414e-01       9.581873226870e+01 
       7.776258087881e-01       9.503603381956e+01 
       7.803997425678e-01       9.426198366558e+01 
       7.831736763800e-01       9.349731040901e+01 
       7.859476102245e-01       9.274067044642e+01 
       7.887215441010e-01       9.199241811021e+01 
       7.914954780090e-01       9.125259995563e+01 
       7.942694119482e-01       9.052186233543e+01 
       7.970433459184e-01       8.979896003293e+01 
       7.998172799192e-01       8.908401181536e+01 
       8.025912139502e-01       8.837710958108e+01 
       8.053651480112e-01       8.767779896791e+01 
       8.081390821019e-01       8.698642278968e+01 
       8.109130162219e-01       8.630266193045e+01 
       8.136869503709e-01       8.562686928439e+01 
       8.164608845487e-01       8.495762626220e+01 
       8.192348187550e-01       8.429584666545e+01 
       8.220087529895e-01       8.364088910492e+01 
       8.247826872518e-01       8.299348465347e+01 
       8.275566215417e-01       8.235303178635e+01 
       8.303305558590e-01       8.171929006168e+01 
       8.331044902033e-01       8.109243187416e+01 
       8.358784245744e-01       8.047228616459e+01 
       8.386523589720e-01       7.985899601073e+01 
       8.414262933959e-01       7.925145513203e+01 
       8.442002278458e-01       7.865060826675e+01 
       8.469741623214e-01       7.805656924573e+01 
       8.497480968225e-01       7.746840678410e+01 
       8.525220313488e-01       7.688692869339e+01 
       8.552959659002e-01       7.631136027586e+01 
       8.580699004763e-01       7.574157334618e+01 
       8.608438350769e-01       7.517783241977e+01 
       8.636177697017e-01       7.462014670917e+01 
       8.663917043507e-01       7.406817444737e+01 
       8.691656390234e-01       7.352128871439e+01 
       8.719395737197e-01       7.297995944798e+01 
       8.747135084394e-01       7.244471594902e+01 
       8.774874431822e-01       7.191477628841e+01 
       8.802613779479e-01       7.138988419432e+01 
       8.830353127363e-01       7.087114616704e+01 
       8.858092475472e-01       7.035700008728e+01 
       8.885831823804e-01       6.984827669856e+01 
       8.913571172357e-01       6.934443780218e+01 
       8.941310521128e-01       6.884572307413e+01 
       8.969049870116e-01       6.835219679768e+01 
       8.996789219318e-01       6.786362305849e+01 
       9.024528568733e-01       6.738015288586e+01 
       9.052267918358e-01       6.690088168634e+01 
       9.080007268193e-01       6.642651200951e+01 
       9.107746618234e-01       6.595614280268e+01 
       9.135485968480e-01       6.549187170387e+01 
       9.163225318929e-01       6.503121022307e+01 
       9.190964669579e-01       6.457560985708e+01 
       9.218704020429e-01       6.412366884691e+01 
       9.246443371476e-01       6.367640736256e+01 
       9.274182722719e-01       6.323353712478e+01 
       9.301922074157e-01       6.279506861239e+01 
       9.329661425786e-01       6.236059469671e+01 
       9.357400777606e-01       6.193051385104e+01 
       9.385140129615e-01       6.150445357820e+01 
       9.412879481812e-01       6.108249836992e+01 
       9.440618834194e-01       6.066463573374e+01 
       9.468358186759e-01       6.025111336874e+01 
       9.496097539508e-01       5.984076059299e+01 
       9.523836892437e-01       5.943534026930e+01 
       9.551576245545e-01       5.903259463440e+01 
       9.579315598831e-01       5.863357914547e+01 
       9.607054952292e-01       5.823873933389e+01 
       9.634794305929e-01       5.784788575286e+01 
       9.662533659738e-01       5.746033060950e+01 
       9.690273013719e-01       5.707672558423e+01 
       9.718012367870e-01       5.669624677487e+01 
       9.745751722190e-01       5.631962790432e+01 
       9.773491076677e-01       5.594620097700e+01 
       9.801230431330e-01       5.557663699527e+01 
       9.828969786147e-01       5.520970067671e+01 
       9.856709141127e-01       5.484613752601e+01 
       9.884448496269e-01       5.448713989092e+01 
       9.912187851571e-01       5.413061433678e+01 
       9.939927207032e-01       5.377747522916e+01 
       9.967666562650e-01       5.342746034951e+01 
       9.995405918425e-01       5.308052807988e+01 
       1.002314527435e+00       5.273709182161e+01 
       1.005088463044e+00       5.239564865855e+01 
       1.007862398667e+00       5.205874247849e+01 
       1.010636334306e+00       5.172416706828e+01 
       1.013410269960e+00       5.139227764217e+01 
       1.016184205628e+00       5.106386457907e+01 
       1.018958141312e+00       5.073802344384e+01 
       1.021732077009e+00       5.041561611633e+01 
       1.024506012722e+00       5.009562403807e+01 
       1.027279948449e+00       4.977833806976e+01 
       1.030053884190e+00       4.946402735078e+01 
       1.032827819945e+00       4.915263207229e+01 
       1.035601755714e+00       4.884366856630e+01 
       1.038375691498e+00       4.853753930794e+01 
       1.041149627295e+00       4.823428024151e+01 
       1.043923563105e+00       4.793367525210e+01 
       1.046697498930e+00       4.763514588938e+01 
       1.049471434768e+00       4.733948037380e+01 
       1.052245370619e+00       4.704652529565e+01 
       1.055019306483e+00       4.675593108172e+01 
       1.057793242361e+00       4.646804899349e+01 
       1.060567178252e+00       4.618236253273e+01 
       1.063341114156e+00       4.589939148443e+01 
       1.066115050072e+00       4.561834242528e+01 
       1.068888986001e+00       4.533982061781e+01 
       1.071662921944e+00       4.506413484415e+01 
       1.074436857898e+00       4.479037123894e+01 
       1.077210793865e+00       4.451903316098e+01 
       1.079984729845e+00       4.425006827489e+01 
       1.082758665836e+00       4.398344167811e+01 
       1.085532601840e+00       4.371870075180e+01 
       1.088306537856e+00       4.345640575535e+01 
       1.091080473884e+00       4.319605779663e+01 
       1.093854409924e+00       4.293803342998e+01 
       1.096628345976e+00       4.268217688899e+01 
       1.099402282039e+00       4.242863914656e+01 
       1.102176218115e+00       4.217688934075e+01 
       1.104950154201e+00       4.192695575462e+01 
       1.107724090299e+00       4.167977623959e+01 
       1.110498026409e+00       4.143402907490e+01 
       1.113271962530e+00       4.119063147171e+01 
       1.116045898662e+00       4.094873002374e+01 
       1.118819834805e+00       4.070965101609e+01 
       1.121593770959e+00       4.047185049375e+01 
       1.124367707124e+00       4.023637155155e+01 
       1.127141643300e+00       4.000263162944e+01 
       1.129915579487e+00       3.977060708713e+01 
       1.132689515685e+00       3.954050973100e+01 
       1.135463451893e+00       3.931238809269e+01 
       1.138237388112e+00       3.908634954487e+01 
       1.141011324341e+00       3.886172247748e+01 
       1.143785260581e+00       3.863899106569e+01 
       1.146559196831e+00       3.841784330533e+01 
       1.149333133091e+00       3.819849200967e+01 
       1.152107069361e+00       3.798103819170e+01 
       1.154881005642e+00       3.776545032496e+01 
       1.157654941933e+00       3.755131151853e+01 
       1.160428878233e+00       3.733891679854e+01 
       1.163202814544e+00       3.712800272931e+01 
       1.165976750864e+00       3.691921256981e+01 
       1.168750687194e+00       3.671154398500e+01 
       1.171524623534e+00       3.650606848667e+01 
       1.174298559883e+00       3.630133990190e+01 
       1.177072496242e+00       3.609882833694e+01 
       1.179846432610e+00       3.589787339364e+01 
       1.182620368988e+00       3.569831388617e+01 
       1.185394305375e+00       3.550064681188e+01 
       1.188168241772e+00       3.530394316517e+01 
       1.190942178178e+00       3.510909435879e+01 
       1.193716114592e+00       3.491571287628e+01 
       1.196490051016e+00       3.472350719324e+01 
       1.199263987449e+00       3.453322245219e+01 
       1.202037923891e+00       3.434414612346e+01 
       1.204811860342e+00       3.415656673350e+01 
       1.207585796802e+00       3.396998509686e+01 
       1.210359733270e+00       3.378559171402e+01 
       1.213133669747e+00       3.360236787698e+01 
       1.215907606233e+00       3.342033543581e+01 
       1.218681542728e+00       3.323970443897e+01 
       1.221455479231e+00       3.306048254565e+01 
       1.224229415742e+00       3.288226596583e+01 
       1.227003352262e+00       3.270589549523e+01 
       1.229777288790e+00       3.253066638020e+01 
       1.232551225327e+00       3.235677576798e+01 
       1.235325161872e+00       3.218389655752e+01 
       1.237685953032e+00       3.203787539360e+01 
       1.238099098425e+00       3.201236378349e+01 
       1.240873034986e+00       3.184236723522e+01 
       1.243646971555e+00       3.167367026001e+01 
       1.246420908132e+00       3.150587093992e+01 
       1.249194844718e+00       3.133962186961e+01 
       1.251968781311e+00       3.117454926407e+01 
       1.254742717912e+00       3.101020939291e+01 
       1.257516654521e+00       3.084778864227e+01 
       1.260290591138e+00       3.068615457403e+01 
       1.263064527762e+00       3.052558001148e+01 
       1.265838464394e+00       3.036643292218e+01 
       1.268612401034e+00       3.020848765220e+01 
       1.271386337681e+00       3.005149227885e+01 
       1.274160274336e+00       2.989558307726e+01 
       1.276934210998e+00       2.974096084325e+01 
       1.279708147668e+00       2.958741358547e+01 
       1.282482084345e+00       2.943485224588e+01 
       1.285256021030e+00       2.928364100767e+01 
       1.288029957721e+00       2.913327829418e+01 
       1.290803894420e+00       2.898387936664e+01 
       1.293577831126e+00       2.883562551295e+01 
       1.296351767840e+00       2.868836811877e+01 
       1.299125704560e+00       2.854251229781e+01 
       1.635212700291e+00       1.640657572270e+01 
       2.058608610279e+00       9.353864751076e+00 
       2.591634689643e+00       5.295429552747e+00 
       3.262674768878e+00       2.978377262415e+00 
       4.107464176961e+00       1.665285446699e+00 
       5.170991030410e+00       9.259750163295e-01 
       6.509892012343e+00       5.122485096037e-01 
       8.195468482374e+00       2.820335698527e-01 
       1.031748353402e+01       1.545990526554e-01 
       1.298894220674e+01       8.439239110313e-02 
       1.635210941640e+01       4.588291544743e-02 
       2.058608608074e+01       2.485419420499e-02 
